-15.000000, -5.000000, 0
-14.850000, -5.000000, 0
-14.700000, -5.000000, 0
-14.550000, -5.000000, 0
-14.400000, -5.000000, 0
-14.250000, -5.000000, 0
-14.100000, -5.000000, 0
-13.950000, -5.000000, 0
-13.800000, -5.000000, 0
-13.650000, -5.000000, 0
-13.500000, -5.000000, 0
-13.350000, -5.000000, 0
-13.200000, -5.000000, 0
-13.050000, -5.000000, 0
-12.900000, -5.000000, 0
-12.750000, -5.000000, 0
-12.600000, -5.000000, 0
-12.450000, -5.000000, 0
-12.300000, -5.000000, 0
-12.150000, -5.000000, 0
-12.000000, -5.000000, 0
-11.850000, -5.000000, 0
-11.700000, -5.000000, 0
-11.550000, -5.000000, 0
-11.400000, -5.000000, 0
-11.250000, -5.000000, 0
-11.100000, -5.000000, 0
-10.950000, -5.000000, 0
-10.800000, -5.000000, 0
-10.650000, -5.000000, 0
-10.500000, -5.000000, 0
-10.350000, -5.000000, 0
-10.200000, -5.000000, 0
-10.050000, -5.000000, 0
-9.900000, -5.000000, 0
-9.750000, -5.000000, 2
-9.600000, -5.000000, 2
-9.450000, -5.000000, 2
-9.300000, -5.000000, 2
-9.150000, -5.000000, 2
-9.000000, -5.000000, 2
-8.850000, -5.000000, 2
-8.700000, -5.000000, 2
-8.550000, -5.000000, 2
-8.400000, -5.000000, 2
-8.250000, -5.000000, 2
-8.100000, -5.000000, 2
-7.950000, -5.000000, 2
-7.800000, -5.000000, 2
-7.650000, -5.000000, 2
-7.500000, -5.000000, 2
-7.350000, -5.000000, 2
-7.200000, -5.000000, 2
-7.050000, -5.000000, 2
-6.900000, -5.000000, 2
-6.750000, -5.000000, 2
-6.600000, -5.000000, 2
-6.450000, -5.000000, 2
-6.300000, -5.000000, 2
-6.150000, -5.000000, 2
-6.000000, -5.000000, 2
-5.850000, -5.000000, 2
-5.700000, -5.000000, 0
-5.550000, -5.000000, 1
-5.400000, -5.000000, 4
-5.250000, -5.000000, 6
-5.100000, -5.000000, 5
-4.950000, -5.000000, 8
-4.800000, -5.000000, 3
-4.650000, -5.000000, 3
-4.500000, -5.000000, 7
-4.350000, -5.000000, 7
-4.200000, -5.000000, 7
-4.050000, -5.000000, 7
-3.900000, -5.000000, 7
-3.750000, -5.000000, 7
-3.600000, -5.000000, 7
-3.450000, -5.000000, 7
-3.300000, -5.000000, 7
-3.150000, -5.000000, 7
-3.000000, -5.000000, 7
-2.850000, -5.000000, 7
-2.700000, -5.000000, 7
-2.550000, -5.000000, 7
-2.400000, -5.000000, 7
-2.250000, -5.000000, 7
-2.100000, -5.000000, 7
-1.950000, -5.000000, 7
-1.800000, -5.000000, 7
-1.650000, -5.000000, 6
-1.500000, -5.000000, 5
-1.350000, -5.000000, 7
-1.200000, -5.000000, 3
-1.050000, -5.000000, 3
-0.900000, -5.000000, 3
-0.750000, -5.000000, 3
-0.600000, -5.000000, 3
-0.450000, -5.000000, 3
-0.300000, -5.000000, 8
-0.150000, -5.000000, 8
-0.000000, -5.000000, 8
0.150000, -5.000000, 8
0.300000, -5.000000, 8
0.450000, -5.000000, 8
0.600000, -5.000000, 8
0.750000, -5.000000, 8
0.900000, -5.000000, 8
1.050000, -5.000000, 8
1.200000, -5.000000, 8
1.350000, -5.000000, 8
1.500000, -5.000000, 8
1.650000, -5.000000, 8
1.800000, -5.000000, 3
1.950000, -5.000000, 3
2.100000, -5.000000, 3
2.250000, -5.000000, 3
2.400000, -5.000000, 3
2.550000, -5.000000, 3
2.700000, -5.000000, 3
2.850000, -5.000000, 3
3.000000, -5.000000, 3
3.150000, -5.000000, 3
3.300000, -5.000000, 3
3.450000, -5.000000, 3
3.600000, -5.000000, 3
3.750000, -5.000000, 3
3.900000, -5.000000, 3
4.050000, -5.000000, 3
4.200000, -5.000000, 3
4.350000, -5.000000, 3
4.500000, -5.000000, 8
4.650000, -5.000000, 3
4.800000, -5.000000, 3
4.950000, -5.000000, 5
5.100000, -5.000000, 1
5.250000, -5.000000, 1
5.400000, -5.000000, 1
5.550000, -5.000000, 1
5.700000, -5.000000, 1
5.850000, -5.000000, 1
6.000000, -5.000000, 1
6.150000, -5.000000, 1
6.300000, -5.000000, 1
6.450000, -5.000000, 1
6.600000, -5.000000, 1
6.750000, -5.000000, 1
6.900000, -5.000000, 1
7.050000, -5.000000, 1
7.200000, -5.000000, 1
7.350000, -5.000000, 1
7.500000, -5.000000, 1
7.650000, -5.000000, 1
7.800000, -5.000000, 1
7.950000, -5.000000, 1
8.100000, -5.000000, 1
8.250000, -5.000000, 1
8.400000, -5.000000, 1
8.550000, -5.000000, 1
8.700000, -5.000000, 1
8.850000, -5.000000, 1
9.000000, -5.000000, 1
9.150000, -5.000000, 1
9.300000, -5.000000, 1
9.450000, -5.000000, 1
9.600000, -5.000000, 1
9.750000, -5.000000, 1
9.900000, -5.000000, 1
10.050000, -5.000000, 1
10.200000, -5.000000, 1
10.350000, -5.000000, 1
10.500000, -5.000000, 1
10.650000, -5.000000, 1
10.800000, -5.000000, 1
10.950000, -5.000000, 1
11.100000, -5.000000, 1
11.250000, -5.000000, 1
11.400000, -5.000000, 1
11.550000, -5.000000, 1
11.700000, -5.000000, 1
11.850000, -5.000000, 1
12.000000, -5.000000, 1
12.150000, -5.000000, 1
12.300000, -5.000000, 1
12.450000, -5.000000, 1
12.600000, -5.000000, 1
12.750000, -5.000000, 1
12.900000, -5.000000, 1
13.050000, -5.000000, 1
13.200000, -5.000000, 1
13.350000, -5.000000, 1
13.500000, -5.000000, 1
13.650000, -5.000000, 1
13.800000, -5.000000, 1
13.950000, -5.000000, 1
14.100000, -5.000000, 1
14.250000, -5.000000, 1
14.400000, -5.000000, 1
14.550000, -5.000000, 1
14.700000, -5.000000, 1
14.850000, -5.000000, 1
-15.000000, -4.950000, 0
-14.850000, -4.950000, 0
-14.700000, -4.950000, 0
-14.550000, -4.950000, 0
-14.400000, -4.950000, 0
-14.250000, -4.950000, 0
-14.100000, -4.950000, 0
-13.950000, -4.950000, 0
-13.800000, -4.950000, 0
-13.650000, -4.950000, 0
-13.500000, -4.950000, 0
-13.350000, -4.950000, 0
-13.200000, -4.950000, 0
-13.050000, -4.950000, 0
-12.900000, -4.950000, 0
-12.750000, -4.950000, 0
-12.600000, -4.950000, 0
-12.450000, -4.950000, 0
-12.300000, -4.950000, 0
-12.150000, -4.950000, 0
-12.000000, -4.950000, 0
-11.850000, -4.950000, 0
-11.700000, -4.950000, 0
-11.550000, -4.950000, 0
-11.400000, -4.950000, 0
-11.250000, -4.950000, 0
-11.100000, -4.950000, 0
-10.950000, -4.950000, 0
-10.800000, -4.950000, 0
-10.650000, -4.950000, 0
-10.500000, -4.950000, 0
-10.350000, -4.950000, 0
-10.200000, -4.950000, 0
-10.050000, -4.950000, 0
-9.900000, -4.950000, 0
-9.750000, -4.950000, 2
-9.600000, -4.950000, 2
-9.450000, -4.950000, 2
-9.300000, -4.950000, 2
-9.150000, -4.950000, 2
-9.000000, -4.950000, 2
-8.850000, -4.950000, 2
-8.700000, -4.950000, 2
-8.550000, -4.950000, 2
-8.400000, -4.950000, 2
-8.250000, -4.950000, 2
-8.100000, -4.950000, 2
-7.950000, -4.950000, 2
-7.800000, -4.950000, 2
-7.650000, -4.950000, 2
-7.500000, -4.950000, 2
-7.350000, -4.950000, 2
-7.200000, -4.950000, 2
-7.050000, -4.950000, 2
-6.900000, -4.950000, 2
-6.750000, -4.950000, 2
-6.600000, -4.950000, 2
-6.450000, -4.950000, 2
-6.300000, -4.950000, 2
-6.150000, -4.950000, 2
-6.000000, -4.950000, 2
-5.850000, -4.950000, 2
-5.700000, -4.950000, 2
-5.550000, -4.950000, 8
-5.400000, -4.950000, 8
-5.250000, -4.950000, 6
-5.100000, -4.950000, 9
-4.950000, -4.950000, 3
-4.800000, -4.950000, 3
-4.650000, -4.950000, 3
-4.500000, -4.950000, 0
-4.350000, -4.950000, 3
-4.200000, -4.950000, 7
-4.050000, -4.950000, 7
-3.900000, -4.950000, 7
-3.750000, -4.950000, 7
-3.600000, -4.950000, 7
-3.450000, -4.950000, 7
-3.300000, -4.950000, 7
-3.150000, -4.950000, 7
-3.000000, -4.950000, 7
-2.850000, -4.950000, 7
-2.700000, -4.950000, 7
-2.550000, -4.950000, 7
-2.400000, -4.950000, 7
-2.250000, -4.950000, 7
-2.100000, -4.950000, 7
-1.950000, -4.950000, 7
-1.800000, -4.950000, 7
-1.650000, -4.950000, 8
-1.500000, -4.950000, 6
-1.350000, -4.950000, 8
-1.200000, -4.950000, 3
-1.050000, -4.950000, 3
-0.900000, -4.950000, 3
-0.750000, -4.950000, 3
-0.600000, -4.950000, 3
-0.450000, -4.950000, 3
-0.300000, -4.950000, 8
-0.150000, -4.950000, 8
-0.000000, -4.950000, 8
0.150000, -4.950000, 8
0.300000, -4.950000, 8
0.450000, -4.950000, 8
0.600000, -4.950000, 8
0.750000, -4.950000, 8
0.900000, -4.950000, 8
1.050000, -4.950000, 8
1.200000, -4.950000, 8
1.350000, -4.950000, 8
1.500000, -4.950000, 8
1.650000, -4.950000, 8
1.800000, -4.950000, 3
1.950000, -4.950000, 3
2.100000, -4.950000, 3
2.250000, -4.950000, 3
2.400000, -4.950000, 3
2.550000, -4.950000, 3
2.700000, -4.950000, 3
2.850000, -4.950000, 3
3.000000, -4.950000, 3
3.150000, -4.950000, 3
3.300000, -4.950000, 3
3.450000, -4.950000, 3
3.600000, -4.950000, 3
3.750000, -4.950000, 3
3.900000, -4.950000, 3
4.050000, -4.950000, 3
4.200000, -4.950000, 3
4.350000, -4.950000, 3
4.500000, -4.950000, 8
4.650000, -4.950000, 3
4.800000, -4.950000, 8
4.950000, -4.950000, 1
5.100000, -4.950000, 1
5.250000, -4.950000, 1
5.400000, -4.950000, 1
5.550000, -4.950000, 1
5.700000, -4.950000, 1
5.850000, -4.950000, 1
6.000000, -4.950000, 1
6.150000, -4.950000, 1
6.300000, -4.950000, 1
6.450000, -4.950000, 1
6.600000, -4.950000, 1
6.750000, -4.950000, 1
6.900000, -4.950000, 1
7.050000, -4.950000, 1
7.200000, -4.950000, 1
7.350000, -4.950000, 1
7.500000, -4.950000, 1
7.650000, -4.950000, 1
7.800000, -4.950000, 1
7.950000, -4.950000, 1
8.100000, -4.950000, 1
8.250000, -4.950000, 1
8.400000, -4.950000, 1
8.550000, -4.950000, 1
8.700000, -4.950000, 1
8.850000, -4.950000, 1
9.000000, -4.950000, 1
9.150000, -4.950000, 1
9.300000, -4.950000, 1
9.450000, -4.950000, 1
9.600000, -4.950000, 1
9.750000, -4.950000, 1
9.900000, -4.950000, 1
10.050000, -4.950000, 1
10.200000, -4.950000, 1
10.350000, -4.950000, 1
10.500000, -4.950000, 1
10.650000, -4.950000, 1
10.800000, -4.950000, 1
10.950000, -4.950000, 1
11.100000, -4.950000, 1
11.250000, -4.950000, 1
11.400000, -4.950000, 1
11.550000, -4.950000, 1
11.700000, -4.950000, 1
11.850000, -4.950000, 1
12.000000, -4.950000, 1
12.150000, -4.950000, 1
12.300000, -4.950000, 1
12.450000, -4.950000, 1
12.600000, -4.950000, 1
12.750000, -4.950000, 1
12.900000, -4.950000, 1
13.050000, -4.950000, 1
13.200000, -4.950000, 1
13.350000, -4.950000, 1
13.500000, -4.950000, 1
13.650000, -4.950000, 1
13.800000, -4.950000, 1
13.950000, -4.950000, 1
14.100000, -4.950000, 1
14.250000, -4.950000, 1
14.400000, -4.950000, 1
14.550000, -4.950000, 1
14.700000, -4.950000, 1
14.850000, -4.950000, 1
-15.000000, -4.900000, 0
-14.850000, -4.900000, 0
-14.700000, -4.900000, 0
-14.550000, -4.900000, 0
-14.400000, -4.900000, 0
-14.250000, -4.900000, 0
-14.100000, -4.900000, 0
-13.950000, -4.900000, 0
-13.800000, -4.900000, 0
-13.650000, -4.900000, 0
-13.500000, -4.900000, 0
-13.350000, -4.900000, 0
-13.200000, -4.900000, 0
-13.050000, -4.900000, 0
-12.900000, -4.900000, 0
-12.750000, -4.900000, 0
-12.600000, -4.900000, 0
-12.450000, -4.900000, 0
-12.300000, -4.900000, 0
-12.150000, -4.900000, 0
-12.000000, -4.900000, 0
-11.850000, -4.900000, 0
-11.700000, -4.900000, 0
-11.550000, -4.900000, 0
-11.400000, -4.900000, 0
-11.250000, -4.900000, 0
-11.100000, -4.900000, 0
-10.950000, -4.900000, 0
-10.800000, -4.900000, 0
-10.650000, -4.900000, 0
-10.500000, -4.900000, 0
-10.350000, -4.900000, 0
-10.200000, -4.900000, 0
-10.050000, -4.900000, 0
-9.900000, -4.900000, 0
-9.750000, -4.900000, 0
-9.600000, -4.900000, 2
-9.450000, -4.900000, 2
-9.300000, -4.900000, 2
-9.150000, -4.900000, 2
-9.000000, -4.900000, 2
-8.850000, -4.900000, 2
-8.700000, -4.900000, 2
-8.550000, -4.900000, 2
-8.400000, -4.900000, 2
-8.250000, -4.900000, 2
-8.100000, -4.900000, 2
-7.950000, -4.900000, 2
-7.800000, -4.900000, 2
-7.650000, -4.900000, 2
-7.500000, -4.900000, 2
-7.350000, -4.900000, 2
-7.200000, -4.900000, 2
-7.050000, -4.900000, 2
-6.900000, -4.900000, 2
-6.750000, -4.900000, 2
-6.600000, -4.900000, 2
-6.450000, -4.900000, 2
-6.300000, -4.900000, 2
-6.150000, -4.900000, 2
-6.000000, -4.900000, 2
-5.850000, -4.900000, 2
-5.700000, -4.900000, 2
-5.550000, -4.900000, 8
-5.400000, -4.900000, 6
-5.250000, -4.900000, 10
-5.100000, -4.900000, 9
-4.950000, -4.900000, 3
-4.800000, -4.900000, 3
-4.650000, -4.900000, 3
-4.500000, -4.900000, 5
-4.350000, -4.900000, 1
-4.200000, -4.900000, 7
-4.050000, -4.900000, 7
-3.900000, -4.900000, 7
-3.750000, -4.900000, 7
-3.600000, -4.900000, 7
-3.450000, -4.900000, 7
-3.300000, -4.900000, 7
-3.150000, -4.900000, 7
-3.000000, -4.900000, 7
-2.850000, -4.900000, 7
-2.700000, -4.900000, 7
-2.550000, -4.900000, 7
-2.400000, -4.900000, 7
-2.250000, -4.900000, 7
-2.100000, -4.900000, 7
-1.950000, -4.900000, 7
-1.800000, -4.900000, 7
-1.650000, -4.900000, 1
-1.500000, -4.900000, 2
-1.350000, -4.900000, 3
-1.200000, -4.900000, 3
-1.050000, -4.900000, 3
-0.900000, -4.900000, 3
-0.750000, -4.900000, 3
-0.600000, -4.900000, 3
-0.450000, -4.900000, 3
-0.300000, -4.900000, 8
-0.150000, -4.900000, 8
-0.000000, -4.900000, 8
0.150000, -4.900000, 8
0.300000, -4.900000, 8
0.450000, -4.900000, 8
0.600000, -4.900000, 8
0.750000, -4.900000, 8
0.900000, -4.900000, 8
1.050000, -4.900000, 8
1.200000, -4.900000, 8
1.350000, -4.900000, 8
1.500000, -4.900000, 8
1.650000, -4.900000, 8
1.800000, -4.900000, 3
1.950000, -4.900000, 3
2.100000, -4.900000, 3
2.250000, -4.900000, 3
2.400000, -4.900000, 3
2.550000, -4.900000, 3
2.700000, -4.900000, 3
2.850000, -4.900000, 3
3.000000, -4.900000, 3
3.150000, -4.900000, 3
3.300000, -4.900000, 3
3.450000, -4.900000, 3
3.600000, -4.900000, 3
3.750000, -4.900000, 3
3.900000, -4.900000, 3
4.050000, -4.900000, 3
4.200000, -4.900000, 3
4.350000, -4.900000, 3
4.500000, -4.900000, 3
4.650000, -4.900000, 3
4.800000, -4.900000, 8
4.950000, -4.900000, 1
5.100000, -4.900000, 1
5.250000, -4.900000, 1
5.400000, -4.900000, 1
5.550000, -4.900000, 1
5.700000, -4.900000, 1
5.850000, -4.900000, 1
6.000000, -4.900000, 1
6.150000, -4.900000, 1
6.300000, -4.900000, 1
6.450000, -4.900000, 1
6.600000, -4.900000, 1
6.750000, -4.900000, 1
6.900000, -4.900000, 1
7.050000, -4.900000, 1
7.200000, -4.900000, 1
7.350000, -4.900000, 1
7.500000, -4.900000, 1
7.650000, -4.900000, 1
7.800000, -4.900000, 1
7.950000, -4.900000, 1
8.100000, -4.900000, 1
8.250000, -4.900000, 1
8.400000, -4.900000, 1
8.550000, -4.900000, 1
8.700000, -4.900000, 1
8.850000, -4.900000, 1
9.000000, -4.900000, 1
9.150000, -4.900000, 1
9.300000, -4.900000, 1
9.450000, -4.900000, 1
9.600000, -4.900000, 1
9.750000, -4.900000, 1
9.900000, -4.900000, 1
10.050000, -4.900000, 1
10.200000, -4.900000, 1
10.350000, -4.900000, 1
10.500000, -4.900000, 1
10.650000, -4.900000, 1
10.800000, -4.900000, 1
10.950000, -4.900000, 1
11.100000, -4.900000, 1
11.250000, -4.900000, 1
11.400000, -4.900000, 1
11.550000, -4.900000, 1
11.700000, -4.900000, 1
11.850000, -4.900000, 1
12.000000, -4.900000, 1
12.150000, -4.900000, 1
12.300000, -4.900000, 1
12.450000, -4.900000, 1
12.600000, -4.900000, 1
12.750000, -4.900000, 1
12.900000, -4.900000, 1
13.050000, -4.900000, 1
13.200000, -4.900000, 1
13.350000, -4.900000, 1
13.500000, -4.900000, 1
13.650000, -4.900000, 1
13.800000, -4.900000, 1
13.950000, -4.900000, 1
14.100000, -4.900000, 1
14.250000, -4.900000, 1
14.400000, -4.900000, 1
14.550000, -4.900000, 1
14.700000, -4.900000, 1
14.850000, -4.900000, 1
-15.000000, -4.850000, 0
-14.850000, -4.850000, 0
-14.700000, -4.850000, 0
-14.550000, -4.850000, 0
-14.400000, -4.850000, 0
-14.250000, -4.850000, 0
-14.100000, -4.850000, 0
-13.950000, -4.850000, 0
-13.800000, -4.850000, 0
-13.650000, -4.850000, 0
-13.500000, -4.850000, 0
-13.350000, -4.850000, 0
-13.200000, -4.850000, 0
-13.050000, -4.850000, 0
-12.900000, -4.850000, 0
-12.750000, -4.850000, 0
-12.600000, -4.850000, 0
-12.450000, -4.850000, 0
-12.300000, -4.850000, 0
-12.150000, -4.850000, 0
-12.000000, -4.850000, 0
-11.850000, -4.850000, 0
-11.700000, -4.850000, 0
-11.550000, -4.850000, 0
-11.400000, -4.850000, 0
-11.250000, -4.850000, 0
-11.100000, -4.850000, 0
-10.950000, -4.850000, 0
-10.800000, -4.850000, 0
-10.650000, -4.850000, 0
-10.500000, -4.850000, 0
-10.350000, -4.850000, 0
-10.200000, -4.850000, 0
-10.050000, -4.850000, 0
-9.900000, -4.850000, 0
-9.750000, -4.850000, 0
-9.600000, -4.850000, 2
-9.450000, -4.850000, 2
-9.300000, -4.850000, 2
-9.150000, -4.850000, 2
-9.000000, -4.850000, 2
-8.850000, -4.850000, 2
-8.700000, -4.850000, 2
-8.550000, -4.850000, 2
-8.400000, -4.850000, 2
-8.250000, -4.850000, 2
-8.100000, -4.850000, 2
-7.950000, -4.850000, 2
-7.800000, -4.850000, 2
-7.650000, -4.850000, 2
-7.500000, -4.850000, 2
-7.350000, -4.850000, 2
-7.200000, -4.850000, 2
-7.050000, -4.850000, 2
-6.900000, -4.850000, 2
-6.750000, -4.850000, 2
-6.600000, -4.850000, 2
-6.450000, -4.850000, 2
-6.300000, -4.850000, 2
-6.150000, -4.850000, 2
-6.000000, -4.850000, 2
-5.850000, -4.850000, 2
-5.700000, -4.850000, 2
-5.550000, -4.850000, 3
-5.400000, -4.850000, 11
-5.250000, -4.850000, 4
-5.100000, -4.850000, 4
-4.950000, -4.850000, 3
-4.800000, -4.850000, 1
-4.650000, -4.850000, 8
-4.500000, -4.850000, 1
-4.350000, -4.850000, 3
-4.200000, -4.850000, 7
-4.050000, -4.850000, 7
-3.900000, -4.850000, 7
-3.750000, -4.850000, 7
-3.600000, -4.850000, 7
-3.450000, -4.850000, 7
-3.300000, -4.850000, 7
-3.150000, -4.850000, 7
-3.000000, -4.850000, 7
-2.850000, -4.850000, 7
-2.700000, -4.850000, 7
-2.550000, -4.850000, 7
-2.400000, -4.850000, 7
-2.250000, -4.850000, 7
-2.100000, -4.850000, 7
-1.950000, -4.850000, 7
-1.800000, -4.850000, 7
-1.650000, -4.850000, 3
-1.500000, -4.850000, 8
-1.350000, -4.850000, 1
-1.200000, -4.850000, 3
-1.050000, -4.850000, 3
-0.900000, -4.850000, 3
-0.750000, -4.850000, 3
-0.600000, -4.850000, 3
-0.450000, -4.850000, 6
-0.300000, -4.850000, 8
-0.150000, -4.850000, 8
-0.000000, -4.850000, 8
0.150000, -4.850000, 8
0.300000, -4.850000, 8
0.450000, -4.850000, 8
0.600000, -4.850000, 8
0.750000, -4.850000, 8
0.900000, -4.850000, 8
1.050000, -4.850000, 8
1.200000, -4.850000, 8
1.350000, -4.850000, 8
1.500000, -4.850000, 8
1.650000, -4.850000, 8
1.800000, -4.850000, 3
1.950000, -4.850000, 3
2.100000, -4.850000, 3
2.250000, -4.850000, 3
2.400000, -4.850000, 3
2.550000, -4.850000, 3
2.700000, -4.850000, 3
2.850000, -4.850000, 3
3.000000, -4.850000, 3
3.150000, -4.850000, 3
3.300000, -4.850000, 3
3.450000, -4.850000, 3
3.600000, -4.850000, 3
3.750000, -4.850000, 3
3.900000, -4.850000, 3
4.050000, -4.850000, 3
4.200000, -4.850000, 3
4.350000, -4.850000, 3
4.500000, -4.850000, 3
4.650000, -4.850000, 8
4.800000, -4.850000, 3
4.950000, -4.850000, 1
5.100000, -4.850000, 1
5.250000, -4.850000, 1
5.400000, -4.850000, 1
5.550000, -4.850000, 1
5.700000, -4.850000, 1
5.850000, -4.850000, 1
6.000000, -4.850000, 1
6.150000, -4.850000, 1
6.300000, -4.850000, 1
6.450000, -4.850000, 1
6.600000, -4.850000, 1
6.750000, -4.850000, 1
6.900000, -4.850000, 1
7.050000, -4.850000, 1
7.200000, -4.850000, 1
7.350000, -4.850000, 1
7.500000, -4.850000, 1
7.650000, -4.850000, 1
7.800000, -4.850000, 1
7.950000, -4.850000, 1
8.100000, -4.850000, 1
8.250000, -4.850000, 1
8.400000, -4.850000, 1
8.550000, -4.850000, 1
8.700000, -4.850000, 1
8.850000, -4.850000, 1
9.000000, -4.850000, 1
9.150000, -4.850000, 1
9.300000, -4.850000, 1
9.450000, -4.850000, 1
9.600000, -4.850000, 1
9.750000, -4.850000, 1
9.900000, -4.850000, 1
10.050000, -4.850000, 1
10.200000, -4.850000, 1
10.350000, -4.850000, 1
10.500000, -4.850000, 1
10.650000, -4.850000, 1
10.800000, -4.850000, 1
10.950000, -4.850000, 1
11.100000, -4.850000, 1
11.250000, -4.850000, 1
11.400000, -4.850000, 1
11.550000, -4.850000, 1
11.700000, -4.850000, 1
11.850000, -4.850000, 1
12.000000, -4.850000, 1
12.150000, -4.850000, 1
12.300000, -4.850000, 1
12.450000, -4.850000, 1
12.600000, -4.850000, 1
12.750000, -4.850000, 1
12.900000, -4.850000, 1
13.050000, -4.850000, 1
13.200000, -4.850000, 1
13.350000, -4.850000, 1
13.500000, -4.850000, 1
13.650000, -4.850000, 1
13.800000, -4.850000, 1
13.950000, -4.850000, 1
14.100000, -4.850000, 1
14.250000, -4.850000, 1
14.400000, -4.850000, 1
14.550000, -4.850000, 1
14.700000, -4.850000, 1
14.850000, -4.850000, 1
-15.000000, -4.800000, 0
-14.850000, -4.800000, 0
-14.700000, -4.800000, 0
-14.550000, -4.800000, 0
-14.400000, -4.800000, 0
-14.250000, -4.800000, 0
-14.100000, -4.800000, 0
-13.950000, -4.800000, 0
-13.800000, -4.800000, 0
-13.650000, -4.800000, 0
-13.500000, -4.800000, 0
-13.350000, -4.800000, 0
-13.200000, -4.800000, 0
-13.050000, -4.800000, 0
-12.900000, -4.800000, 0
-12.750000, -4.800000, 0
-12.600000, -4.800000, 0
-12.450000, -4.800000, 0
-12.300000, -4.800000, 0
-12.150000, -4.800000, 0
-12.000000, -4.800000, 0
-11.850000, -4.800000, 0
-11.700000, -4.800000, 0
-11.550000, -4.800000, 0
-11.400000, -4.800000, 0
-11.250000, -4.800000, 0
-11.100000, -4.800000, 0
-10.950000, -4.800000, 0
-10.800000, -4.800000, 0
-10.650000, -4.800000, 0
-10.500000, -4.800000, 0
-10.350000, -4.800000, 0
-10.200000, -4.800000, 0
-10.050000, -4.800000, 0
-9.900000, -4.800000, 0
-9.750000, -4.800000, 0
-9.600000, -4.800000, 2
-9.450000, -4.800000, 1
-9.300000, -4.800000, 2
-9.150000, -4.800000, 5
-9.000000, -4.800000, 3
-8.850000, -4.800000, 2
-8.700000, -4.800000, 2
-8.550000, -4.800000, 2
-8.400000, -4.800000, 2
-8.250000, -4.800000, 2
-8.100000, -4.800000, 2
-7.950000, -4.800000, 2
-7.800000, -4.800000, 2
-7.650000, -4.800000, 2
-7.500000, -4.800000, 2
-7.350000, -4.800000, 2
-7.200000, -4.800000, 2
-7.050000, -4.800000, 2
-6.900000, -4.800000, 2
-6.750000, -4.800000, 2
-6.600000, -4.800000, 2
-6.450000, -4.800000, 2
-6.300000, -4.800000, 2
-6.150000, -4.800000, 2
-6.000000, -4.800000, 2
-5.850000, -4.800000, 2
-5.700000, -4.800000, 2
-5.550000, -4.800000, 10
-5.400000, -4.800000, 6
-5.250000, -4.800000, 4
-5.100000, -4.800000, 4
-4.950000, -4.800000, 1
-4.800000, -4.800000, 1
-4.650000, -4.800000, 3
-4.500000, -4.800000, 4
-4.350000, -4.800000, 1
-4.200000, -4.800000, 7
-4.050000, -4.800000, 7
-3.900000, -4.800000, 7
-3.750000, -4.800000, 7
-3.600000, -4.800000, 7
-3.450000, -4.800000, 7
-3.300000, -4.800000, 7
-3.150000, -4.800000, 7
-3.000000, -4.800000, 7
-2.850000, -4.800000, 7
-2.700000, -4.800000, 7
-2.550000, -4.800000, 7
-2.400000, -4.800000, 7
-2.250000, -4.800000, 7
-2.100000, -4.800000, 7
-1.950000, -4.800000, 7
-1.800000, -4.800000, 7
-1.650000, -4.800000, 7
-1.500000, -4.800000, 4
-1.350000, -4.800000, 1
-1.200000, -4.800000, 3
-1.050000, -4.800000, 3
-0.900000, -4.800000, 3
-0.750000, -4.800000, 3
-0.600000, -4.800000, 3
-0.450000, -4.800000, 3
-0.300000, -4.800000, 8
-0.150000, -4.800000, 8
-0.000000, -4.800000, 8
0.150000, -4.800000, 8
0.300000, -4.800000, 8
0.450000, -4.800000, 8
0.600000, -4.800000, 8
0.750000, -4.800000, 8
0.900000, -4.800000, 8
1.050000, -4.800000, 8
1.200000, -4.800000, 8
1.350000, -4.800000, 8
1.500000, -4.800000, 8
1.650000, -4.800000, 8
1.800000, -4.800000, 3
1.950000, -4.800000, 3
2.100000, -4.800000, 3
2.250000, -4.800000, 3
2.400000, -4.800000, 3
2.550000, -4.800000, 3
2.700000, -4.800000, 3
2.850000, -4.800000, 3
3.000000, -4.800000, 3
3.150000, -4.800000, 3
3.300000, -4.800000, 3
3.450000, -4.800000, 3
3.600000, -4.800000, 3
3.750000, -4.800000, 3
3.900000, -4.800000, 3
4.050000, -4.800000, 3
4.200000, -4.800000, 3
4.350000, -4.800000, 3
4.500000, -4.800000, 5
4.650000, -4.800000, 8
4.800000, -4.800000, 3
4.950000, -4.800000, 1
5.100000, -4.800000, 1
5.250000, -4.800000, 1
5.400000, -4.800000, 1
5.550000, -4.800000, 1
5.700000, -4.800000, 1
5.850000, -4.800000, 1
6.000000, -4.800000, 1
6.150000, -4.800000, 1
6.300000, -4.800000, 1
6.450000, -4.800000, 1
6.600000, -4.800000, 1
6.750000, -4.800000, 1
6.900000, -4.800000, 1
7.050000, -4.800000, 1
7.200000, -4.800000, 1
7.350000, -4.800000, 1
7.500000, -4.800000, 1
7.650000, -4.800000, 1
7.800000, -4.800000, 1
7.950000, -4.800000, 1
8.100000, -4.800000, 1
8.250000, -4.800000, 1
8.400000, -4.800000, 1
8.550000, -4.800000, 1
8.700000, -4.800000, 1
8.850000, -4.800000, 1
9.000000, -4.800000, 1
9.150000, -4.800000, 1
9.300000, -4.800000, 1
9.450000, -4.800000, 1
9.600000, -4.800000, 1
9.750000, -4.800000, 1
9.900000, -4.800000, 1
10.050000, -4.800000, 1
10.200000, -4.800000, 1
10.350000, -4.800000, 1
10.500000, -4.800000, 1
10.650000, -4.800000, 1
10.800000, -4.800000, 1
10.950000, -4.800000, 1
11.100000, -4.800000, 1
11.250000, -4.800000, 1
11.400000, -4.800000, 1
11.550000, -4.800000, 1
11.700000, -4.800000, 1
11.850000, -4.800000, 1
12.000000, -4.800000, 1
12.150000, -4.800000, 1
12.300000, -4.800000, 1
12.450000, -4.800000, 1
12.600000, -4.800000, 1
12.750000, -4.800000, 1
12.900000, -4.800000, 1
13.050000, -4.800000, 1
13.200000, -4.800000, 1
13.350000, -4.800000, 1
13.500000, -4.800000, 1
13.650000, -4.800000, 1
13.800000, -4.800000, 1
13.950000, -4.800000, 1
14.100000, -4.800000, 1
14.250000, -4.800000, 1
14.400000, -4.800000, 1
14.550000, -4.800000, 1
14.700000, -4.800000, 1
14.850000, -4.800000, 1
-15.000000, -4.750000, 0
-14.850000, -4.750000, 0
-14.700000, -4.750000, 0
-14.550000, -4.750000, 0
-14.400000, -4.750000, 0
-14.250000, -4.750000, 0
-14.100000, -4.750000, 0
-13.950000, -4.750000, 0
-13.800000, -4.750000, 0
-13.650000, -4.750000, 0
-13.500000, -4.750000, 0
-13.350000, -4.750000, 0
-13.200000, -4.750000, 0
-13.050000, -4.750000, 0
-12.900000, -4.750000, 0
-12.750000, -4.750000, 0
-12.600000, -4.750000, 0
-12.450000, -4.750000, 0
-12.300000, -4.750000, 0
-12.150000, -4.750000, 0
-12.000000, -4.750000, 0
-11.850000, -4.750000, 0
-11.700000, -4.750000, 0
-11.550000, -4.750000, 0
-11.400000, -4.750000, 0
-11.250000, -4.750000, 0
-11.100000, -4.750000, 0
-10.950000, -4.750000, 0
-10.800000, -4.750000, 0
-10.650000, -4.750000, 0
-10.500000, -4.750000, 0
-10.350000, -4.750000, 0
-10.200000, -4.750000, 0
-10.050000, -4.750000, 0
-9.900000, -4.750000, 0
-9.750000, -4.750000, 0
-9.600000, -4.750000, 0
-9.450000, -4.750000, 2
-9.300000, -4.750000, 2
-9.150000, -4.750000, 2
-9.000000, -4.750000, 1
-8.850000, -4.750000, 2
-8.700000, -4.750000, 2
-8.550000, -4.750000, 2
-8.400000, -4.750000, 2
-8.250000, -4.750000, 2
-8.100000, -4.750000, 2
-7.950000, -4.750000, 2
-7.800000, -4.750000, 2
-7.650000, -4.750000, 2
-7.500000, -4.750000, 2
-7.350000, -4.750000, 2
-7.200000, -4.750000, 2
-7.050000, -4.750000, 2
-6.900000, -4.750000, 2
-6.750000, -4.750000, 2
-6.600000, -4.750000, 2
-6.450000, -4.750000, 2
-6.300000, -4.750000, 2
-6.150000, -4.750000, 2
-6.000000, -4.750000, 2
-5.850000, -4.750000, 2
-5.700000, -4.750000, 2
-5.550000, -4.750000, 5
-5.400000, -4.750000, 4
-5.250000, -4.750000, 10
-5.100000, -4.750000, 6
-4.950000, -4.750000, 10
-4.800000, -4.750000, 1
-4.650000, -4.750000, 1
-4.500000, -4.750000, 1
-4.350000, -4.750000, 1
-4.200000, -4.750000, 7
-4.050000, -4.750000, 7
-3.900000, -4.750000, 7
-3.750000, -4.750000, 7
-3.600000, -4.750000, 7
-3.450000, -4.750000, 7
-3.300000, -4.750000, 7
-3.150000, -4.750000, 7
-3.000000, -4.750000, 7
-2.850000, -4.750000, 7
-2.700000, -4.750000, 7
-2.550000, -4.750000, 7
-2.400000, -4.750000, 7
-2.250000, -4.750000, 7
-2.100000, -4.750000, 7
-1.950000, -4.750000, 7
-1.800000, -4.750000, 7
-1.650000, -4.750000, 7
-1.500000, -4.750000, 1
-1.350000, -4.750000, 1
-1.200000, -4.750000, 3
-1.050000, -4.750000, 3
-0.900000, -4.750000, 3
-0.750000, -4.750000, 3
-0.600000, -4.750000, 3
-0.450000, -4.750000, 3
-0.300000, -4.750000, 8
-0.150000, -4.750000, 8
-0.000000, -4.750000, 8
0.150000, -4.750000, 8
0.300000, -4.750000, 8
0.450000, -4.750000, 8
0.600000, -4.750000, 8
0.750000, -4.750000, 8
0.900000, -4.750000, 8
1.050000, -4.750000, 8
1.200000, -4.750000, 8
1.350000, -4.750000, 8
1.500000, -4.750000, 8
1.650000, -4.750000, 3
1.800000, -4.750000, 3
1.950000, -4.750000, 3
2.100000, -4.750000, 3
2.250000, -4.750000, 3
2.400000, -4.750000, 3
2.550000, -4.750000, 3
2.700000, -4.750000, 3
2.850000, -4.750000, 3
3.000000, -4.750000, 3
3.150000, -4.750000, 3
3.300000, -4.750000, 3
3.450000, -4.750000, 3
3.600000, -4.750000, 3
3.750000, -4.750000, 3
3.900000, -4.750000, 3
4.050000, -4.750000, 3
4.200000, -4.750000, 3
4.350000, -4.750000, 8
4.500000, -4.750000, 6
4.650000, -4.750000, 5
4.800000, -4.750000, 3
4.950000, -4.750000, 1
5.100000, -4.750000, 1
5.250000, -4.750000, 1
5.400000, -4.750000, 1
5.550000, -4.750000, 1
5.700000, -4.750000, 1
5.850000, -4.750000, 1
6.000000, -4.750000, 1
6.150000, -4.750000, 1
6.300000, -4.750000, 1
6.450000, -4.750000, 1
6.600000, -4.750000, 1
6.750000, -4.750000, 1
6.900000, -4.750000, 1
7.050000, -4.750000, 1
7.200000, -4.750000, 1
7.350000, -4.750000, 1
7.500000, -4.750000, 1
7.650000, -4.750000, 1
7.800000, -4.750000, 1
7.950000, -4.750000, 1
8.100000, -4.750000, 1
8.250000, -4.750000, 1
8.400000, -4.750000, 1
8.550000, -4.750000, 1
8.700000, -4.750000, 1
8.850000, -4.750000, 1
9.000000, -4.750000, 1
9.150000, -4.750000, 1
9.300000, -4.750000, 1
9.450000, -4.750000, 1
9.600000, -4.750000, 1
9.750000, -4.750000, 1
9.900000, -4.750000, 1
10.050000, -4.750000, 1
10.200000, -4.750000, 1
10.350000, -4.750000, 1
10.500000, -4.750000, 1
10.650000, -4.750000, 1
10.800000, -4.750000, 1
10.950000, -4.750000, 1
11.100000, -4.750000, 1
11.250000, -4.750000, 1
11.400000, -4.750000, 1
11.550000, -4.750000, 1
11.700000, -4.750000, 1
11.850000, -4.750000, 1
12.000000, -4.750000, 1
12.150000, -4.750000, 1
12.300000, -4.750000, 1
12.450000, -4.750000, 1
12.600000, -4.750000, 1
12.750000, -4.750000, 1
12.900000, -4.750000, 1
13.050000, -4.750000, 1
13.200000, -4.750000, 1
13.350000, -4.750000, 1
13.500000, -4.750000, 1
13.650000, -4.750000, 1
13.800000, -4.750000, 1
13.950000, -4.750000, 1
14.100000, -4.750000, 1
14.250000, -4.750000, 1
14.400000, -4.750000, 1
14.550000, -4.750000, 1
14.700000, -4.750000, 1
14.850000, -4.750000, 1
-15.000000, -4.700000, 0
-14.850000, -4.700000, 0
-14.700000, -4.700000, 0
-14.550000, -4.700000, 0
-14.400000, -4.700000, 0
-14.250000, -4.700000, 0
-14.100000, -4.700000, 0
-13.950000, -4.700000, 0
-13.800000, -4.700000, 0
-13.650000, -4.700000, 0
-13.500000, -4.700000, 0
-13.350000, -4.700000, 0
-13.200000, -4.700000, 0
-13.050000, -4.700000, 0
-12.900000, -4.700000, 0
-12.750000, -4.700000, 0
-12.600000, -4.700000, 0
-12.450000, -4.700000, 0
-12.300000, -4.700000, 0
-12.150000, -4.700000, 0
-12.000000, -4.700000, 0
-11.850000, -4.700000, 0
-11.700000, -4.700000, 0
-11.550000, -4.700000, 0
-11.400000, -4.700000, 0
-11.250000, -4.700000, 0
-11.100000, -4.700000, 0
-10.950000, -4.700000, 0
-10.800000, -4.700000, 0
-10.650000, -4.700000, 0
-10.500000, -4.700000, 0
-10.350000, -4.700000, 0
-10.200000, -4.700000, 0
-10.050000, -4.700000, 0
-9.900000, -4.700000, 0
-9.750000, -4.700000, 0
-9.600000, -4.700000, 0
-9.450000, -4.700000, 0
-9.300000, -4.700000, 2
-9.150000, -4.700000, 2
-9.000000, -4.700000, 5
-8.850000, -4.700000, 2
-8.700000, -4.700000, 2
-8.550000, -4.700000, 2
-8.400000, -4.700000, 2
-8.250000, -4.700000, 2
-8.100000, -4.700000, 2
-7.950000, -4.700000, 2
-7.800000, -4.700000, 2
-7.650000, -4.700000, 2
-7.500000, -4.700000, 2
-7.350000, -4.700000, 2
-7.200000, -4.700000, 2
-7.050000, -4.700000, 2
-6.900000, -4.700000, 2
-6.750000, -4.700000, 2
-6.600000, -4.700000, 2
-6.450000, -4.700000, 2
-6.300000, -4.700000, 2
-6.150000, -4.700000, 2
-6.000000, -4.700000, 2
-5.850000, -4.700000, 2
-5.700000, -4.700000, 2
-5.550000, -4.700000, 2
-5.400000, -4.700000, 6
-5.250000, -4.700000, 10
-5.100000, -4.700000, 6
-4.950000, -4.700000, 5
-4.800000, -4.700000, 1
-4.650000, -4.700000, 3
-4.500000, -4.700000, 3
-4.350000, -4.700000, 3
-4.200000, -4.700000, 7
-4.050000, -4.700000, 7
-3.900000, -4.700000, 7
-3.750000, -4.700000, 7
-3.600000, -4.700000, 7
-3.450000, -4.700000, 7
-3.300000, -4.700000, 7
-3.150000, -4.700000, 7
-3.000000, -4.700000, 7
-2.850000, -4.700000, 7
-2.700000, -4.700000, 7
-2.550000, -4.700000, 7
-2.400000, -4.700000, 7
-2.250000, -4.700000, 7
-2.100000, -4.700000, 7
-1.950000, -4.700000, 7
-1.800000, -4.700000, 7
-1.650000, -4.700000, 7
-1.500000, -4.700000, 3
-1.350000, -4.700000, 2
-1.200000, -4.700000, 3
-1.050000, -4.700000, 3
-0.900000, -4.700000, 3
-0.750000, -4.700000, 3
-0.600000, -4.700000, 3
-0.450000, -4.700000, 8
-0.300000, -4.700000, 8
-0.150000, -4.700000, 8
-0.000000, -4.700000, 8
0.150000, -4.700000, 8
0.300000, -4.700000, 8
0.450000, -4.700000, 8
0.600000, -4.700000, 8
0.750000, -4.700000, 8
0.900000, -4.700000, 8
1.050000, -4.700000, 8
1.200000, -4.700000, 8
1.350000, -4.700000, 8
1.500000, -4.700000, 8
1.650000, -4.700000, 3
1.800000, -4.700000, 3
1.950000, -4.700000, 3
2.100000, -4.700000, 3
2.250000, -4.700000, 3
2.400000, -4.700000, 3
2.550000, -4.700000, 3
2.700000, -4.700000, 3
2.850000, -4.700000, 3
3.000000, -4.700000, 3
3.150000, -4.700000, 3
3.300000, -4.700000, 3
3.450000, -4.700000, 3
3.600000, -4.700000, 3
3.750000, -4.700000, 3
3.900000, -4.700000, 3
4.050000, -4.700000, 3
4.200000, -4.700000, 3
4.350000, -4.700000, 1
4.500000, -4.700000, 4
4.650000, -4.700000, 10
4.800000, -4.700000, 1
4.950000, -4.700000, 1
5.100000, -4.700000, 1
5.250000, -4.700000, 1
5.400000, -4.700000, 1
5.550000, -4.700000, 1
5.700000, -4.700000, 1
5.850000, -4.700000, 1
6.000000, -4.700000, 1
6.150000, -4.700000, 1
6.300000, -4.700000, 1
6.450000, -4.700000, 1
6.600000, -4.700000, 1
6.750000, -4.700000, 1
6.900000, -4.700000, 1
7.050000, -4.700000, 1
7.200000, -4.700000, 1
7.350000, -4.700000, 1
7.500000, -4.700000, 1
7.650000, -4.700000, 1
7.800000, -4.700000, 1
7.950000, -4.700000, 1
8.100000, -4.700000, 1
8.250000, -4.700000, 1
8.400000, -4.700000, 1
8.550000, -4.700000, 1
8.700000, -4.700000, 1
8.850000, -4.700000, 1
9.000000, -4.700000, 1
9.150000, -4.700000, 1
9.300000, -4.700000, 1
9.450000, -4.700000, 1
9.600000, -4.700000, 1
9.750000, -4.700000, 1
9.900000, -4.700000, 1
10.050000, -4.700000, 1
10.200000, -4.700000, 1
10.350000, -4.700000, 1
10.500000, -4.700000, 1
10.650000, -4.700000, 1
10.800000, -4.700000, 1
10.950000, -4.700000, 1
11.100000, -4.700000, 1
11.250000, -4.700000, 1
11.400000, -4.700000, 1
11.550000, -4.700000, 1
11.700000, -4.700000, 1
11.850000, -4.700000, 1
12.000000, -4.700000, 1
12.150000, -4.700000, 1
12.300000, -4.700000, 1
12.450000, -4.700000, 1
12.600000, -4.700000, 1
12.750000, -4.700000, 1
12.900000, -4.700000, 1
13.050000, -4.700000, 1
13.200000, -4.700000, 1
13.350000, -4.700000, 1
13.500000, -4.700000, 1
13.650000, -4.700000, 1
13.800000, -4.700000, 1
13.950000, -4.700000, 1
14.100000, -4.700000, 1
14.250000, -4.700000, 1
14.400000, -4.700000, 1
14.550000, -4.700000, 1
14.700000, -4.700000, 1
14.850000, -4.700000, 1
-15.000000, -4.650000, 0
-14.850000, -4.650000, 0
-14.700000, -4.650000, 0
-14.550000, -4.650000, 0
-14.400000, -4.650000, 0
-14.250000, -4.650000, 0
-14.100000, -4.650000, 0
-13.950000, -4.650000, 0
-13.800000, -4.650000, 0
-13.650000, -4.650000, 0
-13.500000, -4.650000, 0
-13.350000, -4.650000, 0
-13.200000, -4.650000, 0
-13.050000, -4.650000, 0
-12.900000, -4.650000, 0
-12.750000, -4.650000, 0
-12.600000, -4.650000, 0
-12.450000, -4.650000, 0
-12.300000, -4.650000, 0
-12.150000, -4.650000, 0
-12.000000, -4.650000, 0
-11.850000, -4.650000, 0
-11.700000, -4.650000, 0
-11.550000, -4.650000, 0
-11.400000, -4.650000, 0
-11.250000, -4.650000, 0
-11.100000, -4.650000, 0
-10.950000, -4.650000, 0
-10.800000, -4.650000, 0
-10.650000, -4.650000, 0
-10.500000, -4.650000, 0
-10.350000, -4.650000, 0
-10.200000, -4.650000, 0
-10.050000, -4.650000, 0
-9.900000, -4.650000, 0
-9.750000, -4.650000, 0
-9.600000, -4.650000, 0
-9.450000, -4.650000, 0
-9.300000, -4.650000, 0
-9.150000, -4.650000, 0
-9.000000, -4.650000, 7
-8.850000, -4.650000, 2
-8.700000, -4.650000, 2
-8.550000, -4.650000, 2
-8.400000, -4.650000, 2
-8.250000, -4.650000, 2
-8.100000, -4.650000, 2
-7.950000, -4.650000, 2
-7.800000, -4.650000, 2
-7.650000, -4.650000, 2
-7.500000, -4.650000, 2
-7.350000, -4.650000, 2
-7.200000, -4.650000, 2
-7.050000, -4.650000, 2
-6.900000, -4.650000, 2
-6.750000, -4.650000, 2
-6.600000, -4.650000, 2
-6.450000, -4.650000, 2
-6.300000, -4.650000, 2
-6.150000, -4.650000, 2
-6.000000, -4.650000, 2
-5.850000, -4.650000, 2
-5.700000, -4.650000, 2
-5.550000, -4.650000, 2
-5.400000, -4.650000, 6
-5.250000, -4.650000, 9
-5.100000, -4.650000, 5
-4.950000, -4.650000, 5
-4.800000, -4.650000, 5
-4.650000, -4.650000, 3
-4.500000, -4.650000, 3
-4.350000, -4.650000, 3
-4.200000, -4.650000, 7
-4.050000, -4.650000, 7
-3.900000, -4.650000, 7
-3.750000, -4.650000, 7
-3.600000, -4.650000, 7
-3.450000, -4.650000, 7
-3.300000, -4.650000, 7
-3.150000, -4.650000, 7
-3.000000, -4.650000, 7
-2.850000, -4.650000, 7
-2.700000, -4.650000, 7
-2.550000, -4.650000, 7
-2.400000, -4.650000, 7
-2.250000, -4.650000, 7
-2.100000, -4.650000, 7
-1.950000, -4.650000, 7
-1.800000, -4.650000, 7
-1.650000, -4.650000, 10
-1.500000, -4.650000, 3
-1.350000, -4.650000, 1
-1.200000, -4.650000, 8
-1.050000, -4.650000, 3
-0.900000, -4.650000, 3
-0.750000, -4.650000, 3
-0.600000, -4.650000, 3
-0.450000, -4.650000, 8
-0.300000, -4.650000, 8
-0.150000, -4.650000, 8
-0.000000, -4.650000, 8
0.150000, -4.650000, 8
0.300000, -4.650000, 8
0.450000, -4.650000, 8
0.600000, -4.650000, 8
0.750000, -4.650000, 8
0.900000, -4.650000, 8
1.050000, -4.650000, 8
1.200000, -4.650000, 8
1.350000, -4.650000, 8
1.500000, -4.650000, 8
1.650000, -4.650000, 3
1.800000, -4.650000, 3
1.950000, -4.650000, 3
2.100000, -4.650000, 3
2.250000, -4.650000, 3
2.400000, -4.650000, 3
2.550000, -4.650000, 3
2.700000, -4.650000, 3
2.850000, -4.650000, 3
3.000000, -4.650000, 3
3.150000, -4.650000, 3
3.300000, -4.650000, 3
3.450000, -4.650000, 3
3.600000, -4.650000, 3
3.750000, -4.650000, 3
3.900000, -4.650000, 3
4.050000, -4.650000, 3
4.200000, -4.650000, 3
4.350000, -4.650000, 1
4.500000, -4.650000, 10
4.650000, -4.650000, 4
4.800000, -4.650000, 5
4.950000, -4.650000, 1
5.100000, -4.650000, 1
5.250000, -4.650000, 1
5.400000, -4.650000, 1
5.550000, -4.650000, 1
5.700000, -4.650000, 1
5.850000, -4.650000, 1
6.000000, -4.650000, 1
6.150000, -4.650000, 1
6.300000, -4.650000, 1
6.450000, -4.650000, 1
6.600000, -4.650000, 1
6.750000, -4.650000, 1
6.900000, -4.650000, 1
7.050000, -4.650000, 1
7.200000, -4.650000, 1
7.350000, -4.650000, 1
7.500000, -4.650000, 1
7.650000, -4.650000, 1
7.800000, -4.650000, 1
7.950000, -4.650000, 1
8.100000, -4.650000, 1
8.250000, -4.650000, 1
8.400000, -4.650000, 1
8.550000, -4.650000, 1
8.700000, -4.650000, 1
8.850000, -4.650000, 1
9.000000, -4.650000, 1
9.150000, -4.650000, 1
9.300000, -4.650000, 1
9.450000, -4.650000, 1
9.600000, -4.650000, 1
9.750000, -4.650000, 1
9.900000, -4.650000, 1
10.050000, -4.650000, 1
10.200000, -4.650000, 1
10.350000, -4.650000, 1
10.500000, -4.650000, 1
10.650000, -4.650000, 1
10.800000, -4.650000, 1
10.950000, -4.650000, 1
11.100000, -4.650000, 1
11.250000, -4.650000, 1
11.400000, -4.650000, 1
11.550000, -4.650000, 1
11.700000, -4.650000, 1
11.850000, -4.650000, 1
12.000000, -4.650000, 1
12.150000, -4.650000, 1
12.300000, -4.650000, 1
12.450000, -4.650000, 1
12.600000, -4.650000, 1
12.750000, -4.650000, 1
12.900000, -4.650000, 1
13.050000, -4.650000, 1
13.200000, -4.650000, 1
13.350000, -4.650000, 1
13.500000, -4.650000, 1
13.650000, -4.650000, 1
13.800000, -4.650000, 1
13.950000, -4.650000, 1
14.100000, -4.650000, 1
14.250000, -4.650000, 1
14.400000, -4.650000, 1
14.550000, -4.650000, 1
14.700000, -4.650000, 1
14.850000, -4.650000, 1
-15.000000, -4.600000, 0
-14.850000, -4.600000, 0
-14.700000, -4.600000, 0
-14.550000, -4.600000, 0
-14.400000, -4.600000, 0
-14.250000, -4.600000, 0
-14.100000, -4.600000, 0
-13.950000, -4.600000, 0
-13.800000, -4.600000, 0
-13.650000, -4.600000, 0
-13.500000, -4.600000, 0
-13.350000, -4.600000, 0
-13.200000, -4.600000, 0
-13.050000, -4.600000, 0
-12.900000, -4.600000, 0
-12.750000, -4.600000, 0
-12.600000, -4.600000, 0
-12.450000, -4.600000, 0
-12.300000, -4.600000, 0
-12.150000, -4.600000, 0
-12.000000, -4.600000, 0
-11.850000, -4.600000, 0
-11.700000, -4.600000, 0
-11.550000, -4.600000, 0
-11.400000, -4.600000, 0
-11.250000, -4.600000, 0
-11.100000, -4.600000, 0
-10.950000, -4.600000, 0
-10.800000, -4.600000, 0
-10.650000, -4.600000, 0
-10.500000, -4.600000, 0
-10.350000, -4.600000, 0
-10.200000, -4.600000, 0
-10.050000, -4.600000, 0
-9.900000, -4.600000, 0
-9.750000, -4.600000, 0
-9.600000, -4.600000, 0
-9.450000, -4.600000, 0
-9.300000, -4.600000, 0
-9.150000, -4.600000, 0
-9.000000, -4.600000, 2
-8.850000, -4.600000, 2
-8.700000, -4.600000, 2
-8.550000, -4.600000, 2
-8.400000, -4.600000, 2
-8.250000, -4.600000, 2
-8.100000, -4.600000, 2
-7.950000, -4.600000, 2
-7.800000, -4.600000, 2
-7.650000, -4.600000, 2
-7.500000, -4.600000, 2
-7.350000, -4.600000, 2
-7.200000, -4.600000, 2
-7.050000, -4.600000, 2
-6.900000, -4.600000, 2
-6.750000, -4.600000, 2
-6.600000, -4.600000, 2
-6.450000, -4.600000, 2
-6.300000, -4.600000, 2
-6.150000, -4.600000, 2
-6.000000, -4.600000, 2
-5.850000, -4.600000, 2
-5.700000, -4.600000, 2
-5.550000, -4.600000, 2
-5.400000, -4.600000, 2
-5.250000, -4.600000, 0
-5.100000, -4.600000, 1
-4.950000, -4.600000, 5
-4.800000, -4.600000, 5
-4.650000, -4.600000, 8
-4.500000, -4.600000, 3
-4.350000, -4.600000, 3
-4.200000, -4.600000, 7
-4.050000, -4.600000, 7
-3.900000, -4.600000, 7
-3.750000, -4.600000, 7
-3.600000, -4.600000, 7
-3.450000, -4.600000, 7
-3.300000, -4.600000, 7
-3.150000, -4.600000, 7
-3.000000, -4.600000, 7
-2.850000, -4.600000, 7
-2.700000, -4.600000, 7
-2.550000, -4.600000, 7
-2.400000, -4.600000, 7
-2.250000, -4.600000, 7
-2.100000, -4.600000, 7
-1.950000, -4.600000, 7
-1.800000, -4.600000, 7
-1.650000, -4.600000, 7
-1.500000, -4.600000, 8
-1.350000, -4.600000, 5
-1.200000, -4.600000, 8
-1.050000, -4.600000, 3
-0.900000, -4.600000, 3
-0.750000, -4.600000, 3
-0.600000, -4.600000, 3
-0.450000, -4.600000, 3
-0.300000, -4.600000, 8
-0.150000, -4.600000, 8
-0.000000, -4.600000, 8
0.150000, -4.600000, 8
0.300000, -4.600000, 8
0.450000, -4.600000, 8
0.600000, -4.600000, 8
0.750000, -4.600000, 8
0.900000, -4.600000, 8
1.050000, -4.600000, 8
1.200000, -4.600000, 8
1.350000, -4.600000, 8
1.500000, -4.600000, 8
1.650000, -4.600000, 3
1.800000, -4.600000, 3
1.950000, -4.600000, 3
2.100000, -4.600000, 3
2.250000, -4.600000, 3
2.400000, -4.600000, 3
2.550000, -4.600000, 3
2.700000, -4.600000, 3
2.850000, -4.600000, 3
3.000000, -4.600000, 3
3.150000, -4.600000, 3
3.300000, -4.600000, 3
3.450000, -4.600000, 3
3.600000, -4.600000, 3
3.750000, -4.600000, 3
3.900000, -4.600000, 3
4.050000, -4.600000, 3
4.200000, -4.600000, 3
4.350000, -4.600000, 3
4.500000, -4.600000, 5
4.650000, -4.600000, 6
4.800000, -4.600000, 1
4.950000, -4.600000, 1
5.100000, -4.600000, 1
5.250000, -4.600000, 1
5.400000, -4.600000, 1
5.550000, -4.600000, 1
5.700000, -4.600000, 1
5.850000, -4.600000, 1
6.000000, -4.600000, 1
6.150000, -4.600000, 1
6.300000, -4.600000, 1
6.450000, -4.600000, 1
6.600000, -4.600000, 1
6.750000, -4.600000, 1
6.900000, -4.600000, 1
7.050000, -4.600000, 1
7.200000, -4.600000, 1
7.350000, -4.600000, 1
7.500000, -4.600000, 1
7.650000, -4.600000, 1
7.800000, -4.600000, 1
7.950000, -4.600000, 1
8.100000, -4.600000, 1
8.250000, -4.600000, 1
8.400000, -4.600000, 1
8.550000, -4.600000, 1
8.700000, -4.600000, 1
8.850000, -4.600000, 1
9.000000, -4.600000, 1
9.150000, -4.600000, 1
9.300000, -4.600000, 1
9.450000, -4.600000, 1
9.600000, -4.600000, 1
9.750000, -4.600000, 1
9.900000, -4.600000, 1
10.050000, -4.600000, 1
10.200000, -4.600000, 1
10.350000, -4.600000, 1
10.500000, -4.600000, 1
10.650000, -4.600000, 1
10.800000, -4.600000, 1
10.950000, -4.600000, 1
11.100000, -4.600000, 1
11.250000, -4.600000, 1
11.400000, -4.600000, 1
11.550000, -4.600000, 1
11.700000, -4.600000, 1
11.850000, -4.600000, 1
12.000000, -4.600000, 1
12.150000, -4.600000, 1
12.300000, -4.600000, 1
12.450000, -4.600000, 1
12.600000, -4.600000, 1
12.750000, -4.600000, 1
12.900000, -4.600000, 1
13.050000, -4.600000, 1
13.200000, -4.600000, 1
13.350000, -4.600000, 1
13.500000, -4.600000, 1
13.650000, -4.600000, 1
13.800000, -4.600000, 1
13.950000, -4.600000, 1
14.100000, -4.600000, 1
14.250000, -4.600000, 1
14.400000, -4.600000, 1
14.550000, -4.600000, 1
14.700000, -4.600000, 1
14.850000, -4.600000, 1
-15.000000, -4.550000, 0
-14.850000, -4.550000, 0
-14.700000, -4.550000, 0
-14.550000, -4.550000, 0
-14.400000, -4.550000, 0
-14.250000, -4.550000, 0
-14.100000, -4.550000, 0
-13.950000, -4.550000, 0
-13.800000, -4.550000, 0
-13.650000, -4.550000, 0
-13.500000, -4.550000, 0
-13.350000, -4.550000, 0
-13.200000, -4.550000, 0
-13.050000, -4.550000, 0
-12.900000, -4.550000, 0
-12.750000, -4.550000, 0
-12.600000, -4.550000, 0
-12.450000, -4.550000, 0
-12.300000, -4.550000, 0
-12.150000, -4.550000, 0
-12.000000, -4.550000, 0
-11.850000, -4.550000, 0
-11.700000, -4.550000, 0
-11.550000, -4.550000, 0
-11.400000, -4.550000, 0
-11.250000, -4.550000, 0
-11.100000, -4.550000, 0
-10.950000, -4.550000, 0
-10.800000, -4.550000, 0
-10.650000, -4.550000, 0
-10.500000, -4.550000, 0
-10.350000, -4.550000, 0
-10.200000, -4.550000, 0
-10.050000, -4.550000, 0
-9.900000, -4.550000, 0
-9.750000, -4.550000, 0
-9.600000, -4.550000, 0
-9.450000, -4.550000, 0
-9.300000, -4.550000, 0
-9.150000, -4.550000, 0
-9.000000, -4.550000, 2
-8.850000, -4.550000, 2
-8.700000, -4.550000, 2
-8.550000, -4.550000, 2
-8.400000, -4.550000, 2
-8.250000, -4.550000, 2
-8.100000, -4.550000, 2
-7.950000, -4.550000, 2
-7.800000, -4.550000, 2
-7.650000, -4.550000, 2
-7.500000, -4.550000, 2
-7.350000, -4.550000, 2
-7.200000, -4.550000, 2
-7.050000, -4.550000, 2
-6.900000, -4.550000, 2
-6.750000, -4.550000, 2
-6.600000, -4.550000, 2
-6.450000, -4.550000, 2
-6.300000, -4.550000, 2
-6.150000, -4.550000, 2
-6.000000, -4.550000, 2
-5.850000, -4.550000, 2
-5.700000, -4.550000, 2
-5.550000, -4.550000, 2
-5.400000, -4.550000, 2
-5.250000, -4.550000, 0
-5.100000, -4.550000, 1
-4.950000, -4.550000, 1
-4.800000, -4.550000, 6
-4.650000, -4.550000, 7
-4.500000, -4.550000, 3
-4.350000, -4.550000, 3
-4.200000, -4.550000, 7
-4.050000, -4.550000, 7
-3.900000, -4.550000, 7
-3.750000, -4.550000, 7
-3.600000, -4.550000, 7
-3.450000, -4.550000, 7
-3.300000, -4.550000, 7
-3.150000, -4.550000, 7
-3.000000, -4.550000, 7
-2.850000, -4.550000, 7
-2.700000, -4.550000, 7
-2.550000, -4.550000, 7
-2.400000, -4.550000, 7
-2.250000, -4.550000, 7
-2.100000, -4.550000, 7
-1.950000, -4.550000, 7
-1.800000, -4.550000, 7
-1.650000, -4.550000, 7
-1.500000, -4.550000, 6
-1.350000, -4.550000, 4
-1.200000, -4.550000, 3
-1.050000, -4.550000, 3
-0.900000, -4.550000, 3
-0.750000, -4.550000, 3
-0.600000, -4.550000, 3
-0.450000, -4.550000, 3
-0.300000, -4.550000, 8
-0.150000, -4.550000, 8
-0.000000, -4.550000, 8
0.150000, -4.550000, 8
0.300000, -4.550000, 8
0.450000, -4.550000, 8
0.600000, -4.550000, 8
0.750000, -4.550000, 8
0.900000, -4.550000, 8
1.050000, -4.550000, 8
1.200000, -4.550000, 8
1.350000, -4.550000, 8
1.500000, -4.550000, 8
1.650000, -4.550000, 3
1.800000, -4.550000, 3
1.950000, -4.550000, 3
2.100000, -4.550000, 3
2.250000, -4.550000, 3
2.400000, -4.550000, 3
2.550000, -4.550000, 3
2.700000, -4.550000, 3
2.850000, -4.550000, 3
3.000000, -4.550000, 3
3.150000, -4.550000, 3
3.300000, -4.550000, 3
3.450000, -4.550000, 3
3.600000, -4.550000, 3
3.750000, -4.550000, 3
3.900000, -4.550000, 3
4.050000, -4.550000, 3
4.200000, -4.550000, 8
4.350000, -4.550000, 8
4.500000, -4.550000, 1
4.650000, -4.550000, 3
4.800000, -4.550000, 1
4.950000, -4.550000, 1
5.100000, -4.550000, 1
5.250000, -4.550000, 1
5.400000, -4.550000, 1
5.550000, -4.550000, 1
5.700000, -4.550000, 1
5.850000, -4.550000, 1
6.000000, -4.550000, 1
6.150000, -4.550000, 1
6.300000, -4.550000, 1
6.450000, -4.550000, 1
6.600000, -4.550000, 1
6.750000, -4.550000, 1
6.900000, -4.550000, 1
7.050000, -4.550000, 1
7.200000, -4.550000, 1
7.350000, -4.550000, 1
7.500000, -4.550000, 1
7.650000, -4.550000, 1
7.800000, -4.550000, 1
7.950000, -4.550000, 1
8.100000, -4.550000, 1
8.250000, -4.550000, 1
8.400000, -4.550000, 1
8.550000, -4.550000, 1
8.700000, -4.550000, 1
8.850000, -4.550000, 1
9.000000, -4.550000, 1
9.150000, -4.550000, 1
9.300000, -4.550000, 1
9.450000, -4.550000, 1
9.600000, -4.550000, 1
9.750000, -4.550000, 1
9.900000, -4.550000, 1
10.050000, -4.550000, 1
10.200000, -4.550000, 1
10.350000, -4.550000, 1
10.500000, -4.550000, 1
10.650000, -4.550000, 1
10.800000, -4.550000, 1
10.950000, -4.550000, 1
11.100000, -4.550000, 1
11.250000, -4.550000, 1
11.400000, -4.550000, 1
11.550000, -4.550000, 1
11.700000, -4.550000, 1
11.850000, -4.550000, 1
12.000000, -4.550000, 1
12.150000, -4.550000, 1
12.300000, -4.550000, 1
12.450000, -4.550000, 1
12.600000, -4.550000, 1
12.750000, -4.550000, 1
12.900000, -4.550000, 1
13.050000, -4.550000, 1
13.200000, -4.550000, 1
13.350000, -4.550000, 1
13.500000, -4.550000, 1
13.650000, -4.550000, 1
13.800000, -4.550000, 1
13.950000, -4.550000, 1
14.100000, -4.550000, 1
14.250000, -4.550000, 1
14.400000, -4.550000, 1
14.550000, -4.550000, 1
14.700000, -4.550000, 1
14.850000, -4.550000, 1
-15.000000, -4.500000, 0
-14.850000, -4.500000, 0
-14.700000, -4.500000, 0
-14.550000, -4.500000, 0
-14.400000, -4.500000, 0
-14.250000, -4.500000, 0
-14.100000, -4.500000, 0
-13.950000, -4.500000, 0
-13.800000, -4.500000, 0
-13.650000, -4.500000, 0
-13.500000, -4.500000, 0
-13.350000, -4.500000, 0
-13.200000, -4.500000, 0
-13.050000, -4.500000, 0
-12.900000, -4.500000, 0
-12.750000, -4.500000, 0
-12.600000, -4.500000, 0
-12.450000, -4.500000, 0
-12.300000, -4.500000, 0
-12.150000, -4.500000, 0
-12.000000, -4.500000, 0
-11.850000, -4.500000, 0
-11.700000, -4.500000, 0
-11.550000, -4.500000, 0
-11.400000, -4.500000, 0
-11.250000, -4.500000, 0
-11.100000, -4.500000, 0
-10.950000, -4.500000, 0
-10.800000, -4.500000, 0
-10.650000, -4.500000, 0
-10.500000, -4.500000, 0
-10.350000, -4.500000, 0
-10.200000, -4.500000, 0
-10.050000, -4.500000, 0
-9.900000, -4.500000, 0
-9.750000, -4.500000, 0
-9.600000, -4.500000, 0
-9.450000, -4.500000, 0
-9.300000, -4.500000, 0
-9.150000, -4.500000, 0
-9.000000, -4.500000, 4
-8.850000, -4.500000, 2
-8.700000, -4.500000, 2
-8.550000, -4.500000, 2
-8.400000, -4.500000, 2
-8.250000, -4.500000, 2
-8.100000, -4.500000, 2
-7.950000, -4.500000, 2
-7.800000, -4.500000, 2
-7.650000, -4.500000, 2
-7.500000, -4.500000, 2
-7.350000, -4.500000, 2
-7.200000, -4.500000, 2
-7.050000, -4.500000, 2
-6.900000, -4.500000, 2
-6.750000, -4.500000, 2
-6.600000, -4.500000, 2
-6.450000, -4.500000, 2
-6.300000, -4.500000, 2
-6.150000, -4.500000, 2
-6.000000, -4.500000, 2
-5.850000, -4.500000, 2
-5.700000, -4.500000, 2
-5.550000, -4.500000, 2
-5.400000, -4.500000, 2
-5.250000, -4.500000, 2
-5.100000, -4.500000, 3
-4.950000, -4.500000, 4
-4.800000, -4.500000, 4
-4.650000, -4.500000, 4
-4.500000, -4.500000, 3
-4.350000, -4.500000, 3
-4.200000, -4.500000, 9
-4.050000, -4.500000, 3
-3.900000, -4.500000, 7
-3.750000, -4.500000, 7
-3.600000, -4.500000, 7
-3.450000, -4.500000, 7
-3.300000, -4.500000, 7
-3.150000, -4.500000, 7
-3.000000, -4.500000, 7
-2.850000, -4.500000, 7
-2.700000, -4.500000, 7
-2.550000, -4.500000, 7
-2.400000, -4.500000, 7
-2.250000, -4.500000, 7
-2.100000, -4.500000, 7
-1.950000, -4.500000, 7
-1.800000, -4.500000, 7
-1.650000, -4.500000, 7
-1.500000, -4.500000, 10
-1.350000, -4.500000, 5
-1.200000, -4.500000, 3
-1.050000, -4.500000, 3
-0.900000, -4.500000, 3
-0.750000, -4.500000, 3
-0.600000, -4.500000, 3
-0.450000, -4.500000, 3
-0.300000, -4.500000, 8
-0.150000, -4.500000, 8
-0.000000, -4.500000, 8
0.150000, -4.500000, 8
0.300000, -4.500000, 8
0.450000, -4.500000, 8
0.600000, -4.500000, 8
0.750000, -4.500000, 8
0.900000, -4.500000, 8
1.050000, -4.500000, 8
1.200000, -4.500000, 8
1.350000, -4.500000, 8
1.500000, -4.500000, 8
1.650000, -4.500000, 3
1.800000, -4.500000, 3
1.950000, -4.500000, 3
2.100000, -4.500000, 3
2.250000, -4.500000, 3
2.400000, -4.500000, 3
2.550000, -4.500000, 3
2.700000, -4.500000, 3
2.850000, -4.500000, 3
3.000000, -4.500000, 3
3.150000, -4.500000, 3
3.300000, -4.500000, 3
3.450000, -4.500000, 3
3.600000, -4.500000, 3
3.750000, -4.500000, 3
3.900000, -4.500000, 3
4.050000, -4.500000, 3
4.200000, -4.500000, 10
4.350000, -4.500000, 8
4.500000, -4.500000, 8
4.650000, -4.500000, 1
4.800000, -4.500000, 1
4.950000, -4.500000, 1
5.100000, -4.500000, 1
5.250000, -4.500000, 1
5.400000, -4.500000, 1
5.550000, -4.500000, 1
5.700000, -4.500000, 1
5.850000, -4.500000, 1
6.000000, -4.500000, 1
6.150000, -4.500000, 1
6.300000, -4.500000, 1
6.450000, -4.500000, 1
6.600000, -4.500000, 1
6.750000, -4.500000, 1
6.900000, -4.500000, 1
7.050000, -4.500000, 1
7.200000, -4.500000, 1
7.350000, -4.500000, 1
7.500000, -4.500000, 1
7.650000, -4.500000, 1
7.800000, -4.500000, 1
7.950000, -4.500000, 1
8.100000, -4.500000, 1
8.250000, -4.500000, 1
8.400000, -4.500000, 1
8.550000, -4.500000, 1
8.700000, -4.500000, 1
8.850000, -4.500000, 1
9.000000, -4.500000, 1
9.150000, -4.500000, 1
9.300000, -4.500000, 1
9.450000, -4.500000, 1
9.600000, -4.500000, 1
9.750000, -4.500000, 1
9.900000, -4.500000, 1
10.050000, -4.500000, 1
10.200000, -4.500000, 1
10.350000, -4.500000, 1
10.500000, -4.500000, 1
10.650000, -4.500000, 1
10.800000, -4.500000, 1
10.950000, -4.500000, 1
11.100000, -4.500000, 1
11.250000, -4.500000, 1
11.400000, -4.500000, 1
11.550000, -4.500000, 1
11.700000, -4.500000, 1
11.850000, -4.500000, 1
12.000000, -4.500000, 1
12.150000, -4.500000, 1
12.300000, -4.500000, 1
12.450000, -4.500000, 1
12.600000, -4.500000, 3
12.750000, -4.500000, 3
12.900000, -4.500000, 1
13.050000, -4.500000, 1
13.200000, -4.500000, 1
13.350000, -4.500000, 1
13.500000, -4.500000, 1
13.650000, -4.500000, 1
13.800000, -4.500000, 1
13.950000, -4.500000, 1
14.100000, -4.500000, 1
14.250000, -4.500000, 1
14.400000, -4.500000, 1
14.550000, -4.500000, 1
14.700000, -4.500000, 1
14.850000, -4.500000, 1
-15.000000, -4.450000, 0
-14.850000, -4.450000, 0
-14.700000, -4.450000, 0
-14.550000, -4.450000, 0
-14.400000, -4.450000, 0
-14.250000, -4.450000, 0
-14.100000, -4.450000, 0
-13.950000, -4.450000, 0
-13.800000, -4.450000, 0
-13.650000, -4.450000, 0
-13.500000, -4.450000, 0
-13.350000, -4.450000, 0
-13.200000, -4.450000, 0
-13.050000, -4.450000, 0
-12.900000, -4.450000, 0
-12.750000, -4.450000, 0
-12.600000, -4.450000, 0
-12.450000, -4.450000, 0
-12.300000, -4.450000, 0
-12.150000, -4.450000, 0
-12.000000, -4.450000, 0
-11.850000, -4.450000, 0
-11.700000, -4.450000, 0
-11.550000, -4.450000, 0
-11.400000, -4.450000, 0
-11.250000, -4.450000, 0
-11.100000, -4.450000, 0
-10.950000, -4.450000, 0
-10.800000, -4.450000, 0
-10.650000, -4.450000, 0
-10.500000, -4.450000, 0
-10.350000, -4.450000, 0
-10.200000, -4.450000, 0
-10.050000, -4.450000, 0
-9.900000, -4.450000, 0
-9.750000, -4.450000, 0
-9.600000, -4.450000, 0
-9.450000, -4.450000, 0
-9.300000, -4.450000, 0
-9.150000, -4.450000, 0
-9.000000, -4.450000, 0
-8.850000, -4.450000, 2
-8.700000, -4.450000, 2
-8.550000, -4.450000, 2
-8.400000, -4.450000, 3
-8.250000, -4.450000, 2
-8.100000, -4.450000, 2
-7.950000, -4.450000, 2
-7.800000, -4.450000, 2
-7.650000, -4.450000, 2
-7.500000, -4.450000, 2
-7.350000, -4.450000, 2
-7.200000, -4.450000, 2
-7.050000, -4.450000, 2
-6.900000, -4.450000, 2
-6.750000, -4.450000, 2
-6.600000, -4.450000, 2
-6.450000, -4.450000, 2
-6.300000, -4.450000, 2
-6.150000, -4.450000, 2
-6.000000, -4.450000, 2
-5.850000, -4.450000, 2
-5.700000, -4.450000, 2
-5.550000, -4.450000, 2
-5.400000, -4.450000, 2
-5.250000, -4.450000, 3
-5.100000, -4.450000, 3
-4.950000, -4.450000, 4
-4.800000, -4.450000, 4
-4.650000, -4.450000, 2
-4.500000, -4.450000, 8
-4.350000, -4.450000, 8
-4.200000, -4.450000, 10
-4.050000, -4.450000, 8
-3.900000, -4.450000, 7
-3.750000, -4.450000, 7
-3.600000, -4.450000, 7
-3.450000, -4.450000, 7
-3.300000, -4.450000, 7
-3.150000, -4.450000, 7
-3.000000, -4.450000, 7
-2.850000, -4.450000, 7
-2.700000, -4.450000, 7
-2.550000, -4.450000, 7
-2.400000, -4.450000, 7
-2.250000, -4.450000, 7
-2.100000, -4.450000, 7
-1.950000, -4.450000, 7
-1.800000, -4.450000, 7
-1.650000, -4.450000, 7
-1.500000, -4.450000, 2
-1.350000, -4.450000, 5
-1.200000, -4.450000, 1
-1.050000, -4.450000, 3
-0.900000, -4.450000, 3
-0.750000, -4.450000, 3
-0.600000, -4.450000, 3
-0.450000, -4.450000, 7
-0.300000, -4.450000, 8
-0.150000, -4.450000, 8
-0.000000, -4.450000, 8
0.150000, -4.450000, 8
0.300000, -4.450000, 8
0.450000, -4.450000, 8
0.600000, -4.450000, 8
0.750000, -4.450000, 8
0.900000, -4.450000, 8
1.050000, -4.450000, 8
1.200000, -4.450000, 8
1.350000, -4.450000, 8
1.500000, -4.450000, 8
1.650000, -4.450000, 3
1.800000, -4.450000, 3
1.950000, -4.450000, 3
2.100000, -4.450000, 3
2.250000, -4.450000, 3
2.400000, -4.450000, 3
2.550000, -4.450000, 3
2.700000, -4.450000, 3
2.850000, -4.450000, 3
3.000000, -4.450000, 3
3.150000, -4.450000, 3
3.300000, -4.450000, 3
3.450000, -4.450000, 3
3.600000, -4.450000, 3
3.750000, -4.450000, 3
3.900000, -4.450000, 3
4.050000, -4.450000, 8
4.200000, -4.450000, 7
4.350000, -4.450000, 3
4.500000, -4.450000, 7
4.650000, -4.450000, 1
4.800000, -4.450000, 1
4.950000, -4.450000, 1
5.100000, -4.450000, 1
5.250000, -4.450000, 1
5.400000, -4.450000, 1
5.550000, -4.450000, 1
5.700000, -4.450000, 1
5.850000, -4.450000, 1
6.000000, -4.450000, 1
6.150000, -4.450000, 1
6.300000, -4.450000, 1
6.450000, -4.450000, 1
6.600000, -4.450000, 1
6.750000, -4.450000, 1
6.900000, -4.450000, 1
7.050000, -4.450000, 1
7.200000, -4.450000, 1
7.350000, -4.450000, 1
7.500000, -4.450000, 1
7.650000, -4.450000, 1
7.800000, -4.450000, 1
7.950000, -4.450000, 1
8.100000, -4.450000, 1
8.250000, -4.450000, 1
8.400000, -4.450000, 1
8.550000, -4.450000, 1
8.700000, -4.450000, 1
8.850000, -4.450000, 1
9.000000, -4.450000, 1
9.150000, -4.450000, 1
9.300000, -4.450000, 1
9.450000, -4.450000, 1
9.600000, -4.450000, 1
9.750000, -4.450000, 1
9.900000, -4.450000, 1
10.050000, -4.450000, 1
10.200000, -4.450000, 1
10.350000, -4.450000, 1
10.500000, -4.450000, 1
10.650000, -4.450000, 1
10.800000, -4.450000, 1
10.950000, -4.450000, 1
11.100000, -4.450000, 1
11.250000, -4.450000, 1
11.400000, -4.450000, 1
11.550000, -4.450000, 1
11.700000, -4.450000, 1
11.850000, -4.450000, 5
12.000000, -4.450000, 5
12.150000, -4.450000, 1
12.300000, -4.450000, 1
12.450000, -4.450000, 3
12.600000, -4.450000, 3
12.750000, -4.450000, 3
12.900000, -4.450000, 3
13.050000, -4.450000, 1
13.200000, -4.450000, 1
13.350000, -4.450000, 1
13.500000, -4.450000, 1
13.650000, -4.450000, 1
13.800000, -4.450000, 1
13.950000, -4.450000, 1
14.100000, -4.450000, 1
14.250000, -4.450000, 1
14.400000, -4.450000, 1
14.550000, -4.450000, 1
14.700000, -4.450000, 1
14.850000, -4.450000, 5
-15.000000, -4.400000, 0
-14.850000, -4.400000, 0
-14.700000, -4.400000, 0
-14.550000, -4.400000, 0
-14.400000, -4.400000, 0
-14.250000, -4.400000, 0
-14.100000, -4.400000, 0
-13.950000, -4.400000, 0
-13.800000, -4.400000, 0
-13.650000, -4.400000, 0
-13.500000, -4.400000, 0
-13.350000, -4.400000, 0
-13.200000, -4.400000, 0
-13.050000, -4.400000, 0
-12.900000, -4.400000, 0
-12.750000, -4.400000, 0
-12.600000, -4.400000, 0
-12.450000, -4.400000, 0
-12.300000, -4.400000, 0
-12.150000, -4.400000, 0
-12.000000, -4.400000, 0
-11.850000, -4.400000, 0
-11.700000, -4.400000, 0
-11.550000, -4.400000, 0
-11.400000, -4.400000, 0
-11.250000, -4.400000, 0
-11.100000, -4.400000, 0
-10.950000, -4.400000, 0
-10.800000, -4.400000, 0
-10.650000, -4.400000, 0
-10.500000, -4.400000, 0
-10.350000, -4.400000, 0
-10.200000, -4.400000, 0
-10.050000, -4.400000, 0
-9.900000, -4.400000, 0
-9.750000, -4.400000, 0
-9.600000, -4.400000, 0
-9.450000, -4.400000, 0
-9.300000, -4.400000, 0
-9.150000, -4.400000, 0
-9.000000, -4.400000, 0
-8.850000, -4.400000, 2
-8.700000, -4.400000, 2
-8.550000, -4.400000, 2
-8.400000, -4.400000, 9
-8.250000, -4.400000, 2
-8.100000, -4.400000, 2
-7.950000, -4.400000, 2
-7.800000, -4.400000, 2
-7.650000, -4.400000, 2
-7.500000, -4.400000, 2
-7.350000, -4.400000, 2
-7.200000, -4.400000, 2
-7.050000, -4.400000, 2
-6.900000, -4.400000, 2
-6.750000, -4.400000, 2
-6.600000, -4.400000, 2
-6.450000, -4.400000, 2
-6.300000, -4.400000, 2
-6.150000, -4.400000, 2
-6.000000, -4.400000, 2
-5.850000, -4.400000, 2
-5.700000, -4.400000, 2
-5.550000, -4.400000, 2
-5.400000, -4.400000, 2
-5.250000, -4.400000, 0
-5.100000, -4.400000, 3
-4.950000, -4.400000, 4
-4.800000, -4.400000, 4
-4.650000, -4.400000, 6
-4.500000, -4.400000, 1
-4.350000, -4.400000, 3
-4.200000, -4.400000, 5
-4.050000, -4.400000, 3
-3.900000, -4.400000, 7
-3.750000, -4.400000, 7
-3.600000, -4.400000, 7
-3.450000, -4.400000, 7
-3.300000, -4.400000, 7
-3.150000, -4.400000, 7
-3.000000, -4.400000, 7
-2.850000, -4.400000, 7
-2.700000, -4.400000, 7
-2.550000, -4.400000, 7
-2.400000, -4.400000, 7
-2.250000, -4.400000, 7
-2.100000, -4.400000, 7
-1.950000, -4.400000, 7
-1.800000, -4.400000, 7
-1.650000, -4.400000, 7
-1.500000, -4.400000, 4
-1.350000, -4.400000, 6
-1.200000, -4.400000, 1
-1.050000, -4.400000, 3
-0.900000, -4.400000, 3
-0.750000, -4.400000, 3
-0.600000, -4.400000, 3
-0.450000, -4.400000, 3
-0.300000, -4.400000, 8
-0.150000, -4.400000, 8
-0.000000, -4.400000, 8
0.150000, -4.400000, 8
0.300000, -4.400000, 8
0.450000, -4.400000, 8
0.600000, -4.400000, 8
0.750000, -4.400000, 8
0.900000, -4.400000, 8
1.050000, -4.400000, 8
1.200000, -4.400000, 8
1.350000, -4.400000, 8
1.500000, -4.400000, 8
1.650000, -4.400000, 3
1.800000, -4.400000, 3
1.950000, -4.400000, 3
2.100000, -4.400000, 3
2.250000, -4.400000, 3
2.400000, -4.400000, 3
2.550000, -4.400000, 3
2.700000, -4.400000, 3
2.850000, -4.400000, 3
3.000000, -4.400000, 3
3.150000, -4.400000, 3
3.300000, -4.400000, 3
3.450000, -4.400000, 3
3.600000, -4.400000, 3
3.750000, -4.400000, 3
3.900000, -4.400000, 3
4.050000, -4.400000, 1
4.200000, -4.400000, 2
4.350000, -4.400000, 3
4.500000, -4.400000, 8
4.650000, -4.400000, 1
4.800000, -4.400000, 1
4.950000, -4.400000, 1
5.100000, -4.400000, 1
5.250000, -4.400000, 1
5.400000, -4.400000, 1
5.550000, -4.400000, 1
5.700000, -4.400000, 1
5.850000, -4.400000, 1
6.000000, -4.400000, 1
6.150000, -4.400000, 1
6.300000, -4.400000, 1
6.450000, -4.400000, 1
6.600000, -4.400000, 1
6.750000, -4.400000, 1
6.900000, -4.400000, 1
7.050000, -4.400000, 1
7.200000, -4.400000, 1
7.350000, -4.400000, 1
7.500000, -4.400000, 1
7.650000, -4.400000, 1
7.800000, -4.400000, 1
7.950000, -4.400000, 1
8.100000, -4.400000, 1
8.250000, -4.400000, 1
8.400000, -4.400000, 1
8.550000, -4.400000, 1
8.700000, -4.400000, 1
8.850000, -4.400000, 1
9.000000, -4.400000, 1
9.150000, -4.400000, 1
9.300000, -4.400000, 1
9.450000, -4.400000, 1
9.600000, -4.400000, 1
9.750000, -4.400000, 1
9.900000, -4.400000, 1
10.050000, -4.400000, 1
10.200000, -4.400000, 1
10.350000, -4.400000, 1
10.500000, -4.400000, 1
10.650000, -4.400000, 1
10.800000, -4.400000, 1
10.950000, -4.400000, 1
11.100000, -4.400000, 1
11.250000, -4.400000, 1
11.400000, -4.400000, 1
11.550000, -4.400000, 1
11.700000, -4.400000, 1
11.850000, -4.400000, 5
12.000000, -4.400000, 5
12.150000, -4.400000, 1
12.300000, -4.400000, 3
12.450000, -4.400000, 3
12.600000, -4.400000, 3
12.750000, -4.400000, 3
12.900000, -4.400000, 3
13.050000, -4.400000, 1
13.200000, -4.400000, 1
13.350000, -4.400000, 1
13.500000, -4.400000, 1
13.650000, -4.400000, 1
13.800000, -4.400000, 1
13.950000, -4.400000, 1
14.100000, -4.400000, 1
14.250000, -4.400000, 1
14.400000, -4.400000, 1
14.550000, -4.400000, 1
14.700000, -4.400000, 1
14.850000, -4.400000, 5
-15.000000, -4.350000, 0
-14.850000, -4.350000, 0
-14.700000, -4.350000, 0
-14.550000, -4.350000, 0
-14.400000, -4.350000, 0
-14.250000, -4.350000, 0
-14.100000, -4.350000, 0
-13.950000, -4.350000, 0
-13.800000, -4.350000, 0
-13.650000, -4.350000, 0
-13.500000, -4.350000, 0
-13.350000, -4.350000, 0
-13.200000, -4.350000, 0
-13.050000, -4.350000, 0
-12.900000, -4.350000, 0
-12.750000, -4.350000, 0
-12.600000, -4.350000, 0
-12.450000, -4.350000, 0
-12.300000, -4.350000, 0
-12.150000, -4.350000, 0
-12.000000, -4.350000, 0
-11.850000, -4.350000, 0
-11.700000, -4.350000, 0
-11.550000, -4.350000, 0
-11.400000, -4.350000, 0
-11.250000, -4.350000, 0
-11.100000, -4.350000, 0
-10.950000, -4.350000, 0
-10.800000, -4.350000, 0
-10.650000, -4.350000, 0
-10.500000, -4.350000, 0
-10.350000, -4.350000, 0
-10.200000, -4.350000, 0
-10.050000, -4.350000, 0
-9.900000, -4.350000, 0
-9.750000, -4.350000, 0
-9.600000, -4.350000, 0
-9.450000, -4.350000, 0
-9.300000, -4.350000, 0
-9.150000, -4.350000, 0
-9.000000, -4.350000, 0
-8.850000, -4.350000, 0
-8.700000, -4.350000, 2
-8.550000, -4.350000, 2
-8.400000, -4.350000, 9
-8.250000, -4.350000, 3
-8.100000, -4.350000, 2
-7.950000, -4.350000, 2
-7.800000, -4.350000, 2
-7.650000, -4.350000, 2
-7.500000, -4.350000, 2
-7.350000, -4.350000, 2
-7.200000, -4.350000, 2
-7.050000, -4.350000, 2
-6.900000, -4.350000, 2
-6.750000, -4.350000, 2
-6.600000, -4.350000, 2
-6.450000, -4.350000, 2
-6.300000, -4.350000, 2
-6.150000, -4.350000, 2
-6.000000, -4.350000, 2
-5.850000, -4.350000, 2
-5.700000, -4.350000, 2
-5.550000, -4.350000, 2
-5.400000, -4.350000, 2
-5.250000, -4.350000, 2
-5.100000, -4.350000, 10
-4.950000, -4.350000, 6
-4.800000, -4.350000, 4
-4.650000, -4.350000, 2
-4.500000, -4.350000, 1
-4.350000, -4.350000, 8
-4.200000, -4.350000, 3
-4.050000, -4.350000, 3
-3.900000, -4.350000, 7
-3.750000, -4.350000, 7
-3.600000, -4.350000, 7
-3.450000, -4.350000, 7
-3.300000, -4.350000, 7
-3.150000, -4.350000, 7
-3.000000, -4.350000, 7
-2.850000, -4.350000, 7
-2.700000, -4.350000, 7
-2.550000, -4.350000, 7
-2.400000, -4.350000, 7
-2.250000, -4.350000, 7
-2.100000, -4.350000, 7
-1.950000, -4.350000, 7
-1.800000, -4.350000, 7
-1.650000, -4.350000, 7
-1.500000, -4.350000, 7
-1.350000, -4.350000, 9
-1.200000, -4.350000, 9
-1.050000, -4.350000, 3
-0.900000, -4.350000, 3
-0.750000, -4.350000, 3
-0.600000, -4.350000, 3
-0.450000, -4.350000, 3
-0.300000, -4.350000, 8
-0.150000, -4.350000, 8
-0.000000, -4.350000, 8
0.150000, -4.350000, 8
0.300000, -4.350000, 8
0.450000, -4.350000, 8
0.600000, -4.350000, 8
0.750000, -4.350000, 8
0.900000, -4.350000, 8
1.050000, -4.350000, 8
1.200000, -4.350000, 8
1.350000, -4.350000, 8
1.500000, -4.350000, 3
1.650000, -4.350000, 3
1.800000, -4.350000, 3
1.950000, -4.350000, 3
2.100000, -4.350000, 3
2.250000, -4.350000, 3
2.400000, -4.350000, 3
2.550000, -4.350000, 3
2.700000, -4.350000, 3
2.850000, -4.350000, 3
3.000000, -4.350000, 3
3.150000, -4.350000, 3
3.300000, -4.350000, 3
3.450000, -4.350000, 3
3.600000, -4.350000, 3
3.750000, -4.350000, 3
3.900000, -4.350000, 3
4.050000, -4.350000, 5
4.200000, -4.350000, 10
4.350000, -4.350000, 3
4.500000, -4.350000, 1
4.650000, -4.350000, 1
4.800000, -4.350000, 1
4.950000, -4.350000, 1
5.100000, -4.350000, 1
5.250000, -4.350000, 1
5.400000, -4.350000, 1
5.550000, -4.350000, 1
5.700000, -4.350000, 1
5.850000, -4.350000, 1
6.000000, -4.350000, 1
6.150000, -4.350000, 1
6.300000, -4.350000, 1
6.450000, -4.350000, 1
6.600000, -4.350000, 1
6.750000, -4.350000, 1
6.900000, -4.350000, 1
7.050000, -4.350000, 1
7.200000, -4.350000, 1
7.350000, -4.350000, 1
7.500000, -4.350000, 1
7.650000, -4.350000, 1
7.800000, -4.350000, 1
7.950000, -4.350000, 1
8.100000, -4.350000, 1
8.250000, -4.350000, 1
8.400000, -4.350000, 1
8.550000, -4.350000, 1
8.700000, -4.350000, 1
8.850000, -4.350000, 1
9.000000, -4.350000, 1
9.150000, -4.350000, 1
9.300000, -4.350000, 1
9.450000, -4.350000, 1
9.600000, -4.350000, 1
9.750000, -4.350000, 1
9.900000, -4.350000, 1
10.050000, -4.350000, 1
10.200000, -4.350000, 1
10.350000, -4.350000, 1
10.500000, -4.350000, 1
10.650000, -4.350000, 1
10.800000, -4.350000, 1
10.950000, -4.350000, 1
11.100000, -4.350000, 1
11.250000, -4.350000, 1
11.400000, -4.350000, 1
11.550000, -4.350000, 1
11.700000, -4.350000, 1
11.850000, -4.350000, 6
12.000000, -4.350000, 5
12.150000, -4.350000, 8
12.300000, -4.350000, 3
12.450000, -4.350000, 3
12.600000, -4.350000, 3
12.750000, -4.350000, 3
12.900000, -4.350000, 3
13.050000, -4.350000, 3
13.200000, -4.350000, 1
13.350000, -4.350000, 1
13.500000, -4.350000, 1
13.650000, -4.350000, 1
13.800000, -4.350000, 1
13.950000, -4.350000, 1
14.100000, -4.350000, 1
14.250000, -4.350000, 1
14.400000, -4.350000, 1
14.550000, -4.350000, 1
14.700000, -4.350000, 5
14.850000, -4.350000, 5
-15.000000, -4.300000, 0
-14.850000, -4.300000, 0
-14.700000, -4.300000, 0
-14.550000, -4.300000, 0
-14.400000, -4.300000, 0
-14.250000, -4.300000, 0
-14.100000, -4.300000, 0
-13.950000, -4.300000, 0
-13.800000, -4.300000, 0
-13.650000, -4.300000, 0
-13.500000, -4.300000, 0
-13.350000, -4.300000, 0
-13.200000, -4.300000, 0
-13.050000, -4.300000, 0
-12.900000, -4.300000, 0
-12.750000, -4.300000, 0
-12.600000, -4.300000, 0
-12.450000, -4.300000, 0
-12.300000, -4.300000, 0
-12.150000, -4.300000, 0
-12.000000, -4.300000, 0
-11.850000, -4.300000, 0
-11.700000, -4.300000, 0
-11.550000, -4.300000, 0
-11.400000, -4.300000, 0
-11.250000, -4.300000, 0
-11.100000, -4.300000, 0
-10.950000, -4.300000, 0
-10.800000, -4.300000, 0
-10.650000, -4.300000, 0
-10.500000, -4.300000, 0
-10.350000, -4.300000, 0
-10.200000, -4.300000, 0
-10.050000, -4.300000, 0
-9.900000, -4.300000, 0
-9.750000, -4.300000, 0
-9.600000, -4.300000, 0
-9.450000, -4.300000, 0
-9.300000, -4.300000, 0
-9.150000, -4.300000, 0
-9.000000, -4.300000, 0
-8.850000, -4.300000, 0
-8.700000, -4.300000, 0
-8.550000, -4.300000, 0
-8.400000, -4.300000, 0
-8.250000, -4.300000, 5
-8.100000, -4.300000, 2
-7.950000, -4.300000, 2
-7.800000, -4.300000, 2
-7.650000, -4.300000, 2
-7.500000, -4.300000, 2
-7.350000, -4.300000, 2
-7.200000, -4.300000, 2
-7.050000, -4.300000, 2
-6.900000, -4.300000, 2
-6.750000, -4.300000, 2
-6.600000, -4.300000, 2
-6.450000, -4.300000, 2
-6.300000, -4.300000, 2
-6.150000, -4.300000, 2
-6.000000, -4.300000, 2
-5.850000, -4.300000, 2
-5.700000, -4.300000, 2
-5.550000, -4.300000, 2
-5.400000, -4.300000, 2
-5.250000, -4.300000, 2
-5.100000, -4.300000, 8
-4.950000, -4.300000, 9
-4.800000, -4.300000, 4
-4.650000, -4.300000, 4
-4.500000, -4.300000, 3
-4.350000, -4.300000, 1
-4.200000, -4.300000, 1
-4.050000, -4.300000, 3
-3.900000, -4.300000, 7
-3.750000, -4.300000, 7
-3.600000, -4.300000, 7
-3.450000, -4.300000, 7
-3.300000, -4.300000, 7
-3.150000, -4.300000, 7
-3.000000, -4.300000, 7
-2.850000, -4.300000, 7
-2.700000, -4.300000, 7
-2.550000, -4.300000, 7
-2.400000, -4.300000, 7
-2.250000, -4.300000, 7
-2.100000, -4.300000, 7
-1.950000, -4.300000, 7
-1.800000, -4.300000, 7
-1.650000, -4.300000, 7
-1.500000, -4.300000, 3
-1.350000, -4.300000, 8
-1.200000, -4.300000, 3
-1.050000, -4.300000, 3
-0.900000, -4.300000, 3
-0.750000, -4.300000, 3
-0.600000, -4.300000, 3
-0.450000, -4.300000, 8
-0.300000, -4.300000, 8
-0.150000, -4.300000, 8
-0.000000, -4.300000, 8
0.150000, -4.300000, 8
0.300000, -4.300000, 8
0.450000, -4.300000, 8
0.600000, -4.300000, 8
0.750000, -4.300000, 8
0.900000, -4.300000, 8
1.050000, -4.300000, 8
1.200000, -4.300000, 8
1.350000, -4.300000, 8
1.500000, -4.300000, 3
1.650000, -4.300000, 3
1.800000, -4.300000, 3
1.950000, -4.300000, 3
2.100000, -4.300000, 3
2.250000, -4.300000, 3
2.400000, -4.300000, 3
2.550000, -4.300000, 3
2.700000, -4.300000, 3
2.850000, -4.300000, 3
3.000000, -4.300000, 3
3.150000, -4.300000, 3
3.300000, -4.300000, 3
3.450000, -4.300000, 3
3.600000, -4.300000, 3
3.750000, -4.300000, 3
3.900000, -4.300000, 3
4.050000, -4.300000, 2
4.200000, -4.300000, 9
4.350000, -4.300000, 3
4.500000, -4.300000, 1
4.650000, -4.300000, 1
4.800000, -4.300000, 1
4.950000, -4.300000, 1
5.100000, -4.300000, 1
5.250000, -4.300000, 1
5.400000, -4.300000, 1
5.550000, -4.300000, 1
5.700000, -4.300000, 1
5.850000, -4.300000, 1
6.000000, -4.300000, 1
6.150000, -4.300000, 1
6.300000, -4.300000, 1
6.450000, -4.300000, 1
6.600000, -4.300000, 1
6.750000, -4.300000, 1
6.900000, -4.300000, 1
7.050000, -4.300000, 1
7.200000, -4.300000, 1
7.350000, -4.300000, 1
7.500000, -4.300000, 1
7.650000, -4.300000, 1
7.800000, -4.300000, 1
7.950000, -4.300000, 1
8.100000, -4.300000, 1
8.250000, -4.300000, 1
8.400000, -4.300000, 1
8.550000, -4.300000, 1
8.700000, -4.300000, 1
8.850000, -4.300000, 1
9.000000, -4.300000, 1
9.150000, -4.300000, 1
9.300000, -4.300000, 1
9.450000, -4.300000, 1
9.600000, -4.300000, 1
9.750000, -4.300000, 1
9.900000, -4.300000, 1
10.050000, -4.300000, 1
10.200000, -4.300000, 1
10.350000, -4.300000, 1
10.500000, -4.300000, 1
10.650000, -4.300000, 1
10.800000, -4.300000, 1
10.950000, -4.300000, 1
11.100000, -4.300000, 1
11.250000, -4.300000, 1
11.400000, -4.300000, 1
11.550000, -4.300000, 1
11.700000, -4.300000, 1
11.850000, -4.300000, 6
12.000000, -4.300000, 5
12.150000, -4.300000, 8
12.300000, -4.300000, 8
12.450000, -4.300000, 3
12.600000, -4.300000, 3
12.750000, -4.300000, 3
12.900000, -4.300000, 3
13.050000, -4.300000, 3
13.200000, -4.300000, 1
13.350000, -4.300000, 1
13.500000, -4.300000, 1
13.650000, -4.300000, 1
13.800000, -4.300000, 1
13.950000, -4.300000, 1
14.100000, -4.300000, 1
14.250000, -4.300000, 1
14.400000, -4.300000, 1
14.550000, -4.300000, 1
14.700000, -4.300000, 5
14.850000, -4.300000, 5
-15.000000, -4.250000, 0
-14.850000, -4.250000, 0
-14.700000, -4.250000, 0
-14.550000, -4.250000, 0
-14.400000, -4.250000, 0
-14.250000, -4.250000, 0
-14.100000, -4.250000, 0
-13.950000, -4.250000, 0
-13.800000, -4.250000, 0
-13.650000, -4.250000, 0
-13.500000, -4.250000, 0
-13.350000, -4.250000, 0
-13.200000, -4.250000, 0
-13.050000, -4.250000, 0
-12.900000, -4.250000, 0
-12.750000, -4.250000, 0
-12.600000, -4.250000, 0
-12.450000, -4.250000, 0
-12.300000, -4.250000, 0
-12.150000, -4.250000, 0
-12.000000, -4.250000, 0
-11.850000, -4.250000, 0
-11.700000, -4.250000, 0
-11.550000, -4.250000, 0
-11.400000, -4.250000, 0
-11.250000, -4.250000, 0
-11.100000, -4.250000, 0
-10.950000, -4.250000, 0
-10.800000, -4.250000, 0
-10.650000, -4.250000, 0
-10.500000, -4.250000, 0
-10.350000, -4.250000, 0
-10.200000, -4.250000, 0
-10.050000, -4.250000, 0
-9.900000, -4.250000, 0
-9.750000, -4.250000, 0
-9.600000, -4.250000, 0
-9.450000, -4.250000, 0
-9.300000, -4.250000, 0
-9.150000, -4.250000, 0
-9.000000, -4.250000, 0
-8.850000, -4.250000, 0
-8.700000, -4.250000, 0
-8.550000, -4.250000, 0
-8.400000, -4.250000, 0
-8.250000, -4.250000, 2
-8.100000, -4.250000, 2
-7.950000, -4.250000, 2
-7.800000, -4.250000, 2
-7.650000, -4.250000, 2
-7.500000, -4.250000, 2
-7.350000, -4.250000, 2
-7.200000, -4.250000, 2
-7.050000, -4.250000, 2
-6.900000, -4.250000, 2
-6.750000, -4.250000, 2
-6.600000, -4.250000, 2
-6.450000, -4.250000, 2
-6.300000, -4.250000, 2
-6.150000, -4.250000, 2
-6.000000, -4.250000, 2
-5.850000, -4.250000, 2
-5.700000, -4.250000, 2
-5.550000, -4.250000, 2
-5.400000, -4.250000, 2
-5.250000, -4.250000, 2
-5.100000, -4.250000, 1
-4.950000, -4.250000, 9
-4.800000, -4.250000, 6
-4.650000, -4.250000, 5
-4.500000, -4.250000, 5
-4.350000, -4.250000, 1
-4.200000, -4.250000, 3
-4.050000, -4.250000, 3
-3.900000, -4.250000, 3
-3.750000, -4.250000, 7
-3.600000, -4.250000, 7
-3.450000, -4.250000, 7
-3.300000, -4.250000, 7
-3.150000, -4.250000, 7
-3.000000, -4.250000, 7
-2.850000, -4.250000, 7
-2.700000, -4.250000, 7
-2.550000, -4.250000, 7
-2.400000, -4.250000, 7
-2.250000, -4.250000, 7
-2.100000, -4.250000, 7
-1.950000, -4.250000, 7
-1.800000, -4.250000, 7
-1.650000, -4.250000, 7
-1.500000, -4.250000, 3
-1.350000, -4.250000, 4
-1.200000, -4.250000, 3
-1.050000, -4.250000, 3
-0.900000, -4.250000, 3
-0.750000, -4.250000, 3
-0.600000, -4.250000, 3
-0.450000, -4.250000, 8
-0.300000, -4.250000, 8
-0.150000, -4.250000, 8
-0.000000, -4.250000, 8
0.150000, -4.250000, 8
0.300000, -4.250000, 8
0.450000, -4.250000, 8
0.600000, -4.250000, 8
0.750000, -4.250000, 8
0.900000, -4.250000, 8
1.050000, -4.250000, 8
1.200000, -4.250000, 8
1.350000, -4.250000, 8
1.500000, -4.250000, 3
1.650000, -4.250000, 3
1.800000, -4.250000, 3
1.950000, -4.250000, 3
2.100000, -4.250000, 3
2.250000, -4.250000, 3
2.400000, -4.250000, 3
2.550000, -4.250000, 3
2.700000, -4.250000, 3
2.850000, -4.250000, 3
3.000000, -4.250000, 3
3.150000, -4.250000, 3
3.300000, -4.250000, 3
3.450000, -4.250000, 3
3.600000, -4.250000, 3
3.750000, -4.250000, 3
3.900000, -4.250000, 3
4.050000, -4.250000, 2
4.200000, -4.250000, 5
4.350000, -4.250000, 3
4.500000, -4.250000, 1
4.650000, -4.250000, 1
4.800000, -4.250000, 1
4.950000, -4.250000, 1
5.100000, -4.250000, 1
5.250000, -4.250000, 1
5.400000, -4.250000, 1
5.550000, -4.250000, 1
5.700000, -4.250000, 1
5.850000, -4.250000, 1
6.000000, -4.250000, 1
6.150000, -4.250000, 1
6.300000, -4.250000, 1
6.450000, -4.250000, 1
6.600000, -4.250000, 1
6.750000, -4.250000, 1
6.900000, -4.250000, 1
7.050000, -4.250000, 1
7.200000, -4.250000, 1
7.350000, -4.250000, 1
7.500000, -4.250000, 1
7.650000, -4.250000, 1
7.800000, -4.250000, 1
7.950000, -4.250000, 1
8.100000, -4.250000, 1
8.250000, -4.250000, 1
8.400000, -4.250000, 1
8.550000, -4.250000, 1
8.700000, -4.250000, 1
8.850000, -4.250000, 1
9.000000, -4.250000, 1
9.150000, -4.250000, 1
9.300000, -4.250000, 1
9.450000, -4.250000, 1
9.600000, -4.250000, 1
9.750000, -4.250000, 1
9.900000, -4.250000, 1
10.050000, -4.250000, 1
10.200000, -4.250000, 1
10.350000, -4.250000, 1
10.500000, -4.250000, 1
10.650000, -4.250000, 1
10.800000, -4.250000, 1
10.950000, -4.250000, 1
11.100000, -4.250000, 1
11.250000, -4.250000, 1
11.400000, -4.250000, 1
11.550000, -4.250000, 1
11.700000, -4.250000, 1
11.850000, -4.250000, 4
12.000000, -4.250000, 11
12.150000, -4.250000, 8
12.300000, -4.250000, 8
12.450000, -4.250000, 3
12.600000, -4.250000, 3
12.750000, -4.250000, 3
12.900000, -4.250000, 3
13.050000, -4.250000, 3
13.200000, -4.250000, 1
13.350000, -4.250000, 1
13.500000, -4.250000, 1
13.650000, -4.250000, 1
13.800000, -4.250000, 1
13.950000, -4.250000, 1
14.100000, -4.250000, 1
14.250000, -4.250000, 1
14.400000, -4.250000, 1
14.550000, -4.250000, 5
14.700000, -4.250000, 5
14.850000, -4.250000, 5
-15.000000, -4.200000, 0
-14.850000, -4.200000, 0
-14.700000, -4.200000, 0
-14.550000, -4.200000, 0
-14.400000, -4.200000, 0
-14.250000, -4.200000, 0
-14.100000, -4.200000, 0
-13.950000, -4.200000, 0
-13.800000, -4.200000, 0
-13.650000, -4.200000, 0
-13.500000, -4.200000, 0
-13.350000, -4.200000, 0
-13.200000, -4.200000, 0
-13.050000, -4.200000, 0
-12.900000, -4.200000, 0
-12.750000, -4.200000, 0
-12.600000, -4.200000, 0
-12.450000, -4.200000, 0
-12.300000, -4.200000, 0
-12.150000, -4.200000, 0
-12.000000, -4.200000, 0
-11.850000, -4.200000, 0
-11.700000, -4.200000, 0
-11.550000, -4.200000, 0
-11.400000, -4.200000, 0
-11.250000, -4.200000, 0
-11.100000, -4.200000, 0
-10.950000, -4.200000, 0
-10.800000, -4.200000, 0
-10.650000, -4.200000, 0
-10.500000, -4.200000, 0
-10.350000, -4.200000, 0
-10.200000, -4.200000, 0
-10.050000, -4.200000, 0
-9.900000, -4.200000, 0
-9.750000, -4.200000, 0
-9.600000, -4.200000, 0
-9.450000, -4.200000, 0
-9.300000, -4.200000, 0
-9.150000, -4.200000, 0
-9.000000, -4.200000, 0
-8.850000, -4.200000, 0
-8.700000, -4.200000, 0
-8.550000, -4.200000, 0
-8.400000, -4.200000, 0
-8.250000, -4.200000, 2
-8.100000, -4.200000, 2
-7.950000, -4.200000, 2
-7.800000, -4.200000, 2
-7.650000, -4.200000, 2
-7.500000, -4.200000, 2
-7.350000, -4.200000, 2
-7.200000, -4.200000, 2
-7.050000, -4.200000, 2
-6.900000, -4.200000, 2
-6.750000, -4.200000, 2
-6.600000, -4.200000, 2
-6.450000, -4.200000, 2
-6.300000, -4.200000, 2
-6.150000, -4.200000, 2
-6.000000, -4.200000, 2
-5.850000, -4.200000, 2
-5.700000, -4.200000, 2
-5.550000, -4.200000, 2
-5.400000, -4.200000, 2
-5.250000, -4.200000, 2
-5.100000, -4.200000, 2
-4.950000, -4.200000, 6
-4.800000, -4.200000, 5
-4.650000, -4.200000, 5
-4.500000, -4.200000, 5
-4.350000, -4.200000, 8
-4.200000, -4.200000, 3
-4.050000, -4.200000, 3
-3.900000, -4.200000, 1
-3.750000, -4.200000, 7
-3.600000, -4.200000, 7
-3.450000, -4.200000, 7
-3.300000, -4.200000, 7
-3.150000, -4.200000, 7
-3.000000, -4.200000, 7
-2.850000, -4.200000, 7
-2.700000, -4.200000, 7
-2.550000, -4.200000, 7
-2.400000, -4.200000, 7
-2.250000, -4.200000, 7
-2.100000, -4.200000, 7
-1.950000, -4.200000, 7
-1.800000, -4.200000, 7
-1.650000, -4.200000, 7
-1.500000, -4.200000, 1
-1.350000, -4.200000, 3
-1.200000, -4.200000, 1
-1.050000, -4.200000, 3
-0.900000, -4.200000, 3
-0.750000, -4.200000, 3
-0.600000, -4.200000, 3
-0.450000, -4.200000, 3
-0.300000, -4.200000, 8
-0.150000, -4.200000, 8
-0.000000, -4.200000, 8
0.150000, -4.200000, 8
0.300000, -4.200000, 8
0.450000, -4.200000, 8
0.600000, -4.200000, 8
0.750000, -4.200000, 8
0.900000, -4.200000, 8
1.050000, -4.200000, 8
1.200000, -4.200000, 8
1.350000, -4.200000, 8
1.500000, -4.200000, 3
1.650000, -4.200000, 3
1.800000, -4.200000, 3
1.950000, -4.200000, 3
2.100000, -4.200000, 3
2.250000, -4.200000, 3
2.400000, -4.200000, 3
2.550000, -4.200000, 3
2.700000, -4.200000, 3
2.850000, -4.200000, 3
3.000000, -4.200000, 3
3.150000, -4.200000, 3
3.300000, -4.200000, 3
3.450000, -4.200000, 3
3.600000, -4.200000, 3
3.750000, -4.200000, 3
3.900000, -4.200000, 3
4.050000, -4.200000, 8
4.200000, -4.200000, 5
4.350000, -4.200000, 3
4.500000, -4.200000, 1
4.650000, -4.200000, 1
4.800000, -4.200000, 1
4.950000, -4.200000, 1
5.100000, -4.200000, 1
5.250000, -4.200000, 1
5.400000, -4.200000, 1
5.550000, -4.200000, 1
5.700000, -4.200000, 1
5.850000, -4.200000, 1
6.000000, -4.200000, 1
6.150000, -4.200000, 1
6.300000, -4.200000, 1
6.450000, -4.200000, 1
6.600000, -4.200000, 1
6.750000, -4.200000, 1
6.900000, -4.200000, 1
7.050000, -4.200000, 1
7.200000, -4.200000, 1
7.350000, -4.200000, 1
7.500000, -4.200000, 1
7.650000, -4.200000, 1
7.800000, -4.200000, 1
7.950000, -4.200000, 1
8.100000, -4.200000, 1
8.250000, -4.200000, 1
8.400000, -4.200000, 1
8.550000, -4.200000, 1
8.700000, -4.200000, 1
8.850000, -4.200000, 1
9.000000, -4.200000, 1
9.150000, -4.200000, 1
9.300000, -4.200000, 1
9.450000, -4.200000, 1
9.600000, -4.200000, 1
9.750000, -4.200000, 1
9.900000, -4.200000, 1
10.050000, -4.200000, 1
10.200000, -4.200000, 1
10.350000, -4.200000, 1
10.500000, -4.200000, 1
10.650000, -4.200000, 1
10.800000, -4.200000, 1
10.950000, -4.200000, 1
11.100000, -4.200000, 1
11.250000, -4.200000, 1
11.400000, -4.200000, 1
11.550000, -4.200000, 3
11.700000, -4.200000, 3
11.850000, -4.200000, 4
12.000000, -4.200000, 7
12.150000, -4.200000, 8
12.300000, -4.200000, 8
12.450000, -4.200000, 3
12.600000, -4.200000, 3
12.750000, -4.200000, 3
12.900000, -4.200000, 3
13.050000, -4.200000, 3
13.200000, -4.200000, 3
13.350000, -4.200000, 1
13.500000, -4.200000, 1
13.650000, -4.200000, 1
13.800000, -4.200000, 1
13.950000, -4.200000, 1
14.100000, -4.200000, 1
14.250000, -4.200000, 1
14.400000, -4.200000, 1
14.550000, -4.200000, 5
14.700000, -4.200000, 5
14.850000, -4.200000, 5
-15.000000, -4.150000, 0
-14.850000, -4.150000, 0
-14.700000, -4.150000, 0
-14.550000, -4.150000, 0
-14.400000, -4.150000, 0
-14.250000, -4.150000, 0
-14.100000, -4.150000, 0
-13.950000, -4.150000, 0
-13.800000, -4.150000, 0
-13.650000, -4.150000, 0
-13.500000, -4.150000, 0
-13.350000, -4.150000, 0
-13.200000, -4.150000, 0
-13.050000, -4.150000, 0
-12.900000, -4.150000, 0
-12.750000, -4.150000, 0
-12.600000, -4.150000, 0
-12.450000, -4.150000, 0
-12.300000, -4.150000, 0
-12.150000, -4.150000, 0
-12.000000, -4.150000, 0
-11.850000, -4.150000, 0
-11.700000, -4.150000, 0
-11.550000, -4.150000, 0
-11.400000, -4.150000, 0
-11.250000, -4.150000, 0
-11.100000, -4.150000, 0
-10.950000, -4.150000, 0
-10.800000, -4.150000, 0
-10.650000, -4.150000, 0
-10.500000, -4.150000, 0
-10.350000, -4.150000, 0
-10.200000, -4.150000, 0
-10.050000, -4.150000, 0
-9.900000, -4.150000, 0
-9.750000, -4.150000, 0
-9.600000, -4.150000, 0
-9.450000, -4.150000, 0
-9.300000, -4.150000, 0
-9.150000, -4.150000, 0
-9.000000, -4.150000, 0
-8.850000, -4.150000, 0
-8.700000, -4.150000, 0
-8.550000, -4.150000, 0
-8.400000, -4.150000, 0
-8.250000, -4.150000, 2
-8.100000, -4.150000, 2
-7.950000, -4.150000, 2
-7.800000, -4.150000, 2
-7.650000, -4.150000, 2
-7.500000, -4.150000, 2
-7.350000, -4.150000, 2
-7.200000, -4.150000, 2
-7.050000, -4.150000, 2
-6.900000, -4.150000, 2
-6.750000, -4.150000, 2
-6.600000, -4.150000, 2
-6.450000, -4.150000, 2
-6.300000, -4.150000, 2
-6.150000, -4.150000, 2
-6.000000, -4.150000, 2
-5.850000, -4.150000, 2
-5.700000, -4.150000, 2
-5.550000, -4.150000, 2
-5.400000, -4.150000, 2
-5.250000, -4.150000, 2
-5.100000, -4.150000, 2
-4.950000, -4.150000, 2
-4.800000, -4.150000, 8
-4.650000, -4.150000, 3
-4.500000, -4.150000, 6
-4.350000, -4.150000, 0
-4.200000, -4.150000, 8
-4.050000, -4.150000, 3
-3.900000, -4.150000, 7
-3.750000, -4.150000, 7
-3.600000, -4.150000, 7
-3.450000, -4.150000, 7
-3.300000, -4.150000, 7
-3.150000, -4.150000, 7
-3.000000, -4.150000, 7
-2.850000, -4.150000, 7
-2.700000, -4.150000, 7
-2.550000, -4.150000, 7
-2.400000, -4.150000, 7
-2.250000, -4.150000, 7
-2.100000, -4.150000, 7
-1.950000, -4.150000, 7
-1.800000, -4.150000, 7
-1.650000, -4.150000, 7
-1.500000, -4.150000, 7
-1.350000, -4.150000, 6
-1.200000, -4.150000, 5
-1.050000, -4.150000, 3
-0.900000, -4.150000, 3
-0.750000, -4.150000, 3
-0.600000, -4.150000, 3
-0.450000, -4.150000, 3
-0.300000, -4.150000, 8
-0.150000, -4.150000, 8
-0.000000, -4.150000, 8
0.150000, -4.150000, 8
0.300000, -4.150000, 8
0.450000, -4.150000, 8
0.600000, -4.150000, 8
0.750000, -4.150000, 8
0.900000, -4.150000, 8
1.050000, -4.150000, 8
1.200000, -4.150000, 8
1.350000, -4.150000, 8
1.500000, -4.150000, 3
1.650000, -4.150000, 3
1.800000, -4.150000, 3
1.950000, -4.150000, 3
2.100000, -4.150000, 3
2.250000, -4.150000, 3
2.400000, -4.150000, 3
2.550000, -4.150000, 3
2.700000, -4.150000, 3
2.850000, -4.150000, 3
3.000000, -4.150000, 3
3.150000, -4.150000, 3
3.300000, -4.150000, 3
3.450000, -4.150000, 3
3.600000, -4.150000, 3
3.750000, -4.150000, 8
3.900000, -4.150000, 3
4.050000, -4.150000, 8
4.200000, -4.150000, 1
4.350000, -4.150000, 1
4.500000, -4.150000, 1
4.650000, -4.150000, 1
4.800000, -4.150000, 1
4.950000, -4.150000, 1
5.100000, -4.150000, 1
5.250000, -4.150000, 1
5.400000, -4.150000, 1
5.550000, -4.150000, 1
5.700000, -4.150000, 1
5.850000, -4.150000, 1
6.000000, -4.150000, 1
6.150000, -4.150000, 1
6.300000, -4.150000, 1
6.450000, -4.150000, 1
6.600000, -4.150000, 1
6.750000, -4.150000, 1
6.900000, -4.150000, 1
7.050000, -4.150000, 1
7.200000, -4.150000, 1
7.350000, -4.150000, 1
7.500000, -4.150000, 1
7.650000, -4.150000, 1
7.800000, -4.150000, 1
7.950000, -4.150000, 1
8.100000, -4.150000, 1
8.250000, -4.150000, 1
8.400000, -4.150000, 1
8.550000, -4.150000, 1
8.700000, -4.150000, 1
8.850000, -4.150000, 1
9.000000, -4.150000, 1
9.150000, -4.150000, 1
9.300000, -4.150000, 1
9.450000, -4.150000, 1
9.600000, -4.150000, 1
9.750000, -4.150000, 1
9.900000, -4.150000, 1
10.050000, -4.150000, 1
10.200000, -4.150000, 1
10.350000, -4.150000, 1
10.500000, -4.150000, 1
10.650000, -4.150000, 1
10.800000, -4.150000, 1
10.950000, -4.150000, 1
11.100000, -4.150000, 1
11.250000, -4.150000, 1
11.400000, -4.150000, 3
11.550000, -4.150000, 3
11.700000, -4.150000, 3
11.850000, -4.150000, 3
12.000000, -4.150000, 7
12.150000, -4.150000, 8
12.300000, -4.150000, 8
12.450000, -4.150000, 3
12.600000, -4.150000, 3
12.750000, -4.150000, 3
12.900000, -4.150000, 3
13.050000, -4.150000, 3
13.200000, -4.150000, 3
13.350000, -4.150000, 1
13.500000, -4.150000, 1
13.650000, -4.150000, 1
13.800000, -4.150000, 1
13.950000, -4.150000, 1
14.100000, -4.150000, 1
14.250000, -4.150000, 1
14.400000, -4.150000, 5
14.550000, -4.150000, 5
14.700000, -4.150000, 5
14.850000, -4.150000, 5
-15.000000, -4.100000, 0
-14.850000, -4.100000, 0
-14.700000, -4.100000, 0
-14.550000, -4.100000, 0
-14.400000, -4.100000, 0
-14.250000, -4.100000, 0
-14.100000, -4.100000, 0
-13.950000, -4.100000, 0
-13.800000, -4.100000, 0
-13.650000, -4.100000, 0
-13.500000, -4.100000, 0
-13.350000, -4.100000, 0
-13.200000, -4.100000, 0
-13.050000, -4.100000, 0
-12.900000, -4.100000, 0
-12.750000, -4.100000, 0
-12.600000, -4.100000, 0
-12.450000, -4.100000, 0
-12.300000, -4.100000, 0
-12.150000, -4.100000, 0
-12.000000, -4.100000, 0
-11.850000, -4.100000, 0
-11.700000, -4.100000, 0
-11.550000, -4.100000, 0
-11.400000, -4.100000, 0
-11.250000, -4.100000, 0
-11.100000, -4.100000, 0
-10.950000, -4.100000, 0
-10.800000, -4.100000, 0
-10.650000, -4.100000, 0
-10.500000, -4.100000, 0
-10.350000, -4.100000, 0
-10.200000, -4.100000, 0
-10.050000, -4.100000, 0
-9.900000, -4.100000, 0
-9.750000, -4.100000, 0
-9.600000, -4.100000, 0
-9.450000, -4.100000, 0
-9.300000, -4.100000, 0
-9.150000, -4.100000, 0
-9.000000, -4.100000, 0
-8.850000, -4.100000, 0
-8.700000, -4.100000, 0
-8.550000, -4.100000, 0
-8.400000, -4.100000, 0
-8.250000, -4.100000, 2
-8.100000, -4.100000, 2
-7.950000, -4.100000, 2
-7.800000, -4.100000, 2
-7.650000, -4.100000, 2
-7.500000, -4.100000, 2
-7.350000, -4.100000, 2
-7.200000, -4.100000, 2
-7.050000, -4.100000, 2
-6.900000, -4.100000, 2
-6.750000, -4.100000, 2
-6.600000, -4.100000, 2
-6.450000, -4.100000, 2
-6.300000, -4.100000, 2
-6.150000, -4.100000, 2
-6.000000, -4.100000, 2
-5.850000, -4.100000, 2
-5.700000, -4.100000, 2
-5.550000, -4.100000, 2
-5.400000, -4.100000, 2
-5.250000, -4.100000, 2
-5.100000, -4.100000, 2
-4.950000, -4.100000, 2
-4.800000, -4.100000, 3
-4.650000, -4.100000, 3
-4.500000, -4.100000, 6
-4.350000, -4.100000, 2
-4.200000, -4.100000, 3
-4.050000, -4.100000, 3
-3.900000, -4.100000, 4
-3.750000, -4.100000, 3
-3.600000, -4.100000, 7
-3.450000, -4.100000, 7
-3.300000, -4.100000, 7
-3.150000, -4.100000, 7
-3.000000, -4.100000, 7
-2.850000, -4.100000, 7
-2.700000, -4.100000, 7
-2.550000, -4.100000, 7
-2.400000, -4.100000, 7
-2.250000, -4.100000, 7
-2.100000, -4.100000, 7
-1.950000, -4.100000, 7
-1.800000, -4.100000, 7
-1.650000, -4.100000, 7
-1.500000, -4.100000, 7
-1.350000, -4.100000, 2
-1.200000, -4.100000, 8
-1.050000, -4.100000, 3
-0.900000, -4.100000, 3
-0.750000, -4.100000, 3
-0.600000, -4.100000, 3
-0.450000, -4.100000, 3
-0.300000, -4.100000, 8
-0.150000, -4.100000, 8
-0.000000, -4.100000, 8
0.150000, -4.100000, 8
0.300000, -4.100000, 8
0.450000, -4.100000, 8
0.600000, -4.100000, 8
0.750000, -4.100000, 8
0.900000, -4.100000, 8
1.050000, -4.100000, 8
1.200000, -4.100000, 8
1.350000, -4.100000, 8
1.500000, -4.100000, 3
1.650000, -4.100000, 3
1.800000, -4.100000, 3
1.950000, -4.100000, 3
2.100000, -4.100000, 3
2.250000, -4.100000, 3
2.400000, -4.100000, 3
2.550000, -4.100000, 3
2.700000, -4.100000, 3
2.850000, -4.100000, 3
3.000000, -4.100000, 3
3.150000, -4.100000, 3
3.300000, -4.100000, 3
3.450000, -4.100000, 3
3.600000, -4.100000, 3
3.750000, -4.100000, 3
3.900000, -4.100000, 3
4.050000, -4.100000, 3
4.200000, -4.100000, 1
4.350000, -4.100000, 1
4.500000, -4.100000, 1
4.650000, -4.100000, 1
4.800000, -4.100000, 1
4.950000, -4.100000, 1
5.100000, -4.100000, 1
5.250000, -4.100000, 1
5.400000, -4.100000, 1
5.550000, -4.100000, 1
5.700000, -4.100000, 1
5.850000, -4.100000, 1
6.000000, -4.100000, 1
6.150000, -4.100000, 1
6.300000, -4.100000, 1
6.450000, -4.100000, 1
6.600000, -4.100000, 1
6.750000, -4.100000, 1
6.900000, -4.100000, 1
7.050000, -4.100000, 1
7.200000, -4.100000, 1
7.350000, -4.100000, 1
7.500000, -4.100000, 1
7.650000, -4.100000, 1
7.800000, -4.100000, 1
7.950000, -4.100000, 1
8.100000, -4.100000, 1
8.250000, -4.100000, 1
8.400000, -4.100000, 1
8.550000, -4.100000, 1
8.700000, -4.100000, 1
8.850000, -4.100000, 1
9.000000, -4.100000, 1
9.150000, -4.100000, 1
9.300000, -4.100000, 1
9.450000, -4.100000, 1
9.600000, -4.100000, 1
9.750000, -4.100000, 1
9.900000, -4.100000, 1
10.050000, -4.100000, 1
10.200000, -4.100000, 1
10.350000, -4.100000, 1
10.500000, -4.100000, 1
10.650000, -4.100000, 1
10.800000, -4.100000, 1
10.950000, -4.100000, 5
11.100000, -4.100000, 1
11.250000, -4.100000, 1
11.400000, -4.100000, 3
11.550000, -4.100000, 3
11.700000, -4.100000, 3
11.850000, -4.100000, 3
12.000000, -4.100000, 7
12.150000, -4.100000, 8
12.300000, -4.100000, 8
12.450000, -4.100000, 3
12.600000, -4.100000, 3
12.750000, -4.100000, 3
12.900000, -4.100000, 3
13.050000, -4.100000, 3
13.200000, -4.100000, 3
13.350000, -4.100000, 1
13.500000, -4.100000, 1
13.650000, -4.100000, 1
13.800000, -4.100000, 1
13.950000, -4.100000, 1
14.100000, -4.100000, 1
14.250000, -4.100000, 1
14.400000, -4.100000, 5
14.550000, -4.100000, 5
14.700000, -4.100000, 5
14.850000, -4.100000, 5
-15.000000, -4.050000, 0
-14.850000, -4.050000, 0
-14.700000, -4.050000, 0
-14.550000, -4.050000, 0
-14.400000, -4.050000, 0
-14.250000, -4.050000, 0
-14.100000, -4.050000, 0
-13.950000, -4.050000, 0
-13.800000, -4.050000, 0
-13.650000, -4.050000, 0
-13.500000, -4.050000, 0
-13.350000, -4.050000, 0
-13.200000, -4.050000, 0
-13.050000, -4.050000, 0
-12.900000, -4.050000, 0
-12.750000, -4.050000, 0
-12.600000, -4.050000, 0
-12.450000, -4.050000, 0
-12.300000, -4.050000, 0
-12.150000, -4.050000, 0
-12.000000, -4.050000, 0
-11.850000, -4.050000, 0
-11.700000, -4.050000, 0
-11.550000, -4.050000, 0
-11.400000, -4.050000, 0
-11.250000, -4.050000, 0
-11.100000, -4.050000, 0
-10.950000, -4.050000, 0
-10.800000, -4.050000, 0
-10.650000, -4.050000, 0
-10.500000, -4.050000, 0
-10.350000, -4.050000, 0
-10.200000, -4.050000, 0
-10.050000, -4.050000, 0
-9.900000, -4.050000, 0
-9.750000, -4.050000, 0
-9.600000, -4.050000, 0
-9.450000, -4.050000, 0
-9.300000, -4.050000, 0
-9.150000, -4.050000, 0
-9.000000, -4.050000, 0
-8.850000, -4.050000, 0
-8.700000, -4.050000, 0
-8.550000, -4.050000, 0
-8.400000, -4.050000, 0
-8.250000, -4.050000, 0
-8.100000, -4.050000, 3
-7.950000, -4.050000, 2
-7.800000, -4.050000, 3
-7.650000, -4.050000, 2
-7.500000, -4.050000, 2
-7.350000, -4.050000, 2
-7.200000, -4.050000, 2
-7.050000, -4.050000, 2
-6.900000, -4.050000, 2
-6.750000, -4.050000, 2
-6.600000, -4.050000, 2
-6.450000, -4.050000, 2
-6.300000, -4.050000, 2
-6.150000, -4.050000, 2
-6.000000, -4.050000, 2
-5.850000, -4.050000, 2
-5.700000, -4.050000, 2
-5.550000, -4.050000, 2
-5.400000, -4.050000, 2
-5.250000, -4.050000, 2
-5.100000, -4.050000, 2
-4.950000, -4.050000, 2
-4.800000, -4.050000, 7
-4.650000, -4.050000, 7
-4.500000, -4.050000, 4
-4.350000, -4.050000, 4
-4.200000, -4.050000, 7
-4.050000, -4.050000, 3
-3.900000, -4.050000, 4
-3.750000, -4.050000, 8
-3.600000, -4.050000, 7
-3.450000, -4.050000, 7
-3.300000, -4.050000, 7
-3.150000, -4.050000, 7
-3.000000, -4.050000, 7
-2.850000, -4.050000, 7
-2.700000, -4.050000, 7
-2.550000, -4.050000, 7
-2.400000, -4.050000, 7
-2.250000, -4.050000, 7
-2.100000, -4.050000, 7
-1.950000, -4.050000, 7
-1.800000, -4.050000, 7
-1.650000, -4.050000, 7
-1.500000, -4.050000, 7
-1.350000, -4.050000, 2
-1.200000, -4.050000, 6
-1.050000, -4.050000, 3
-0.900000, -4.050000, 3
-0.750000, -4.050000, 3
-0.600000, -4.050000, 3
-0.450000, -4.050000, 3
-0.300000, -4.050000, 8
-0.150000, -4.050000, 8
-0.000000, -4.050000, 8
0.150000, -4.050000, 8
0.300000, -4.050000, 8
0.450000, -4.050000, 8
0.600000, -4.050000, 8
0.750000, -4.050000, 8
0.900000, -4.050000, 8
1.050000, -4.050000, 8
1.200000, -4.050000, 8
1.350000, -4.050000, 8
1.500000, -4.050000, 3
1.650000, -4.050000, 3
1.800000, -4.050000, 3
1.950000, -4.050000, 3
2.100000, -4.050000, 3
2.250000, -4.050000, 3
2.400000, -4.050000, 3
2.550000, -4.050000, 3
2.700000, -4.050000, 3
2.850000, -4.050000, 3
3.000000, -4.050000, 3
3.150000, -4.050000, 3
3.300000, -4.050000, 3
3.450000, -4.050000, 3
3.600000, -4.050000, 3
3.750000, -4.050000, 1
3.900000, -4.050000, 3
4.050000, -4.050000, 3
4.200000, -4.050000, 1
4.350000, -4.050000, 1
4.500000, -4.050000, 1
4.650000, -4.050000, 1
4.800000, -4.050000, 1
4.950000, -4.050000, 1
5.100000, -4.050000, 1
5.250000, -4.050000, 1
5.400000, -4.050000, 1
5.550000, -4.050000, 1
5.700000, -4.050000, 1
5.850000, -4.050000, 1
6.000000, -4.050000, 1
6.150000, -4.050000, 1
6.300000, -4.050000, 1
6.450000, -4.050000, 1
6.600000, -4.050000, 1
6.750000, -4.050000, 1
6.900000, -4.050000, 1
7.050000, -4.050000, 1
7.200000, -4.050000, 1
7.350000, -4.050000, 1
7.500000, -4.050000, 1
7.650000, -4.050000, 1
7.800000, -4.050000, 1
7.950000, -4.050000, 1
8.100000, -4.050000, 1
8.250000, -4.050000, 1
8.400000, -4.050000, 1
8.550000, -4.050000, 1
8.700000, -4.050000, 1
8.850000, -4.050000, 1
9.000000, -4.050000, 1
9.150000, -4.050000, 1
9.300000, -4.050000, 1
9.450000, -4.050000, 1
9.600000, -4.050000, 1
9.750000, -4.050000, 1
9.900000, -4.050000, 1
10.050000, -4.050000, 1
10.200000, -4.050000, 1
10.350000, -4.050000, 1
10.500000, -4.050000, 1
10.650000, -4.050000, 3
10.800000, -4.050000, 1
10.950000, -4.050000, 5
11.100000, -4.050000, 1
11.250000, -4.050000, 3
11.400000, -4.050000, 3
11.550000, -4.050000, 3
11.700000, -4.050000, 3
11.850000, -4.050000, 3
12.000000, -4.050000, 7
12.150000, -4.050000, 8
12.300000, -4.050000, 8
12.450000, -4.050000, 8
12.600000, -4.050000, 3
12.750000, -4.050000, 3
12.900000, -4.050000, 3
13.050000, -4.050000, 3
13.200000, -4.050000, 3
13.350000, -4.050000, 1
13.500000, -4.050000, 1
13.650000, -4.050000, 1
13.800000, -4.050000, 1
13.950000, -4.050000, 1
14.100000, -4.050000, 1
14.250000, -4.050000, 1
14.400000, -4.050000, 5
14.550000, -4.050000, 5
14.700000, -4.050000, 5
14.850000, -4.050000, 5
-15.000000, -4.000000, 0
-14.850000, -4.000000, 0
-14.700000, -4.000000, 0
-14.550000, -4.000000, 0
-14.400000, -4.000000, 0
-14.250000, -4.000000, 0
-14.100000, -4.000000, 0
-13.950000, -4.000000, 0
-13.800000, -4.000000, 0
-13.650000, -4.000000, 0
-13.500000, -4.000000, 0
-13.350000, -4.000000, 0
-13.200000, -4.000000, 0
-13.050000, -4.000000, 0
-12.900000, -4.000000, 0
-12.750000, -4.000000, 0
-12.600000, -4.000000, 0
-12.450000, -4.000000, 0
-12.300000, -4.000000, 0
-12.150000, -4.000000, 0
-12.000000, -4.000000, 0
-11.850000, -4.000000, 0
-11.700000, -4.000000, 0
-11.550000, -4.000000, 0
-11.400000, -4.000000, 0
-11.250000, -4.000000, 0
-11.100000, -4.000000, 0
-10.950000, -4.000000, 0
-10.800000, -4.000000, 0
-10.650000, -4.000000, 0
-10.500000, -4.000000, 0
-10.350000, -4.000000, 0
-10.200000, -4.000000, 0
-10.050000, -4.000000, 0
-9.900000, -4.000000, 0
-9.750000, -4.000000, 0
-9.600000, -4.000000, 0
-9.450000, -4.000000, 0
-9.300000, -4.000000, 0
-9.150000, -4.000000, 0
-9.000000, -4.000000, 0
-8.850000, -4.000000, 0
-8.700000, -4.000000, 0
-8.550000, -4.000000, 0
-8.400000, -4.000000, 0
-8.250000, -4.000000, 0
-8.100000, -4.000000, 0
-7.950000, -4.000000, 2
-7.800000, -4.000000, 6
-7.650000, -4.000000, 5
-7.500000, -4.000000, 2
-7.350000, -4.000000, 2
-7.200000, -4.000000, 2
-7.050000, -4.000000, 2
-6.900000, -4.000000, 2
-6.750000, -4.000000, 2
-6.600000, -4.000000, 2
-6.450000, -4.000000, 2
-6.300000, -4.000000, 2
-6.150000, -4.000000, 2
-6.000000, -4.000000, 2
-5.850000, -4.000000, 2
-5.700000, -4.000000, 2
-5.550000, -4.000000, 2
-5.400000, -4.000000, 2
-5.250000, -4.000000, 2
-5.100000, -4.000000, 2
-4.950000, -4.000000, 2
-4.800000, -4.000000, 6
-4.650000, -4.000000, 5
-4.500000, -4.000000, 4
-4.350000, -4.000000, 4
-4.200000, -4.000000, 1
-4.050000, -4.000000, 3
-3.900000, -4.000000, 5
-3.750000, -4.000000, 3
-3.600000, -4.000000, 7
-3.450000, -4.000000, 7
-3.300000, -4.000000, 7
-3.150000, -4.000000, 7
-3.000000, -4.000000, 7
-2.850000, -4.000000, 7
-2.700000, -4.000000, 7
-2.550000, -4.000000, 7
-2.400000, -4.000000, 7
-2.250000, -4.000000, 7
-2.100000, -4.000000, 7
-1.950000, -4.000000, 7
-1.800000, -4.000000, 7
-1.650000, -4.000000, 7
-1.500000, -4.000000, 7
-1.350000, -4.000000, 2
-1.200000, -4.000000, 3
-1.050000, -4.000000, 3
-0.900000, -4.000000, 3
-0.750000, -4.000000, 3
-0.600000, -4.000000, 3
-0.450000, -4.000000, 3
-0.300000, -4.000000, 8
-0.150000, -4.000000, 8
-0.000000, -4.000000, 8
0.150000, -4.000000, 8
0.300000, -4.000000, 8
0.450000, -4.000000, 8
0.600000, -4.000000, 8
0.750000, -4.000000, 8
0.900000, -4.000000, 8
1.050000, -4.000000, 8
1.200000, -4.000000, 8
1.350000, -4.000000, 8
1.500000, -4.000000, 8
1.650000, -4.000000, 3
1.800000, -4.000000, 3
1.950000, -4.000000, 3
2.100000, -4.000000, 3
2.250000, -4.000000, 3
2.400000, -4.000000, 3
2.550000, -4.000000, 3
2.700000, -4.000000, 3
2.850000, -4.000000, 3
3.000000, -4.000000, 3
3.150000, -4.000000, 3
3.300000, -4.000000, 3
3.450000, -4.000000, 3
3.600000, -4.000000, 3
3.750000, -4.000000, 6
3.900000, -4.000000, 1
4.050000, -4.000000, 3
4.200000, -4.000000, 1
4.350000, -4.000000, 1
4.500000, -4.000000, 1
4.650000, -4.000000, 1
4.800000, -4.000000, 1
4.950000, -4.000000, 1
5.100000, -4.000000, 1
5.250000, -4.000000, 1
5.400000, -4.000000, 1
5.550000, -4.000000, 1
5.700000, -4.000000, 1
5.850000, -4.000000, 1
6.000000, -4.000000, 1
6.150000, -4.000000, 1
6.300000, -4.000000, 1
6.450000, -4.000000, 1
6.600000, -4.000000, 1
6.750000, -4.000000, 1
6.900000, -4.000000, 1
7.050000, -4.000000, 1
7.200000, -4.000000, 1
7.350000, -4.000000, 1
7.500000, -4.000000, 1
7.650000, -4.000000, 1
7.800000, -4.000000, 1
7.950000, -4.000000, 1
8.100000, -4.000000, 1
8.250000, -4.000000, 1
8.400000, -4.000000, 1
8.550000, -4.000000, 1
8.700000, -4.000000, 1
8.850000, -4.000000, 1
9.000000, -4.000000, 1
9.150000, -4.000000, 1
9.300000, -4.000000, 1
9.450000, -4.000000, 1
9.600000, -4.000000, 1
9.750000, -4.000000, 1
9.900000, -4.000000, 1
10.050000, -4.000000, 1
10.200000, -4.000000, 1
10.350000, -4.000000, 1
10.500000, -4.000000, 5
10.650000, -4.000000, 8
10.800000, -4.000000, 3
10.950000, -4.000000, 5
11.100000, -4.000000, 1
11.250000, -4.000000, 3
11.400000, -4.000000, 3
11.550000, -4.000000, 3
11.700000, -4.000000, 3
11.850000, -4.000000, 3
12.000000, -4.000000, 8
12.150000, -4.000000, 8
12.300000, -4.000000, 8
12.450000, -4.000000, 8
12.600000, -4.000000, 3
12.750000, -4.000000, 3
12.900000, -4.000000, 3
13.050000, -4.000000, 3
13.200000, -4.000000, 3
13.350000, -4.000000, 1
13.500000, -4.000000, 1
13.650000, -4.000000, 1
13.800000, -4.000000, 1
13.950000, -4.000000, 1
14.100000, -4.000000, 1
14.250000, -4.000000, 5
14.400000, -4.000000, 5
14.550000, -4.000000, 5
14.700000, -4.000000, 5
14.850000, -4.000000, 5
-15.000000, -3.950000, 0
-14.850000, -3.950000, 0
-14.700000, -3.950000, 0
-14.550000, -3.950000, 0
-14.400000, -3.950000, 0
-14.250000, -3.950000, 0
-14.100000, -3.950000, 0
-13.950000, -3.950000, 0
-13.800000, -3.950000, 0
-13.650000, -3.950000, 0
-13.500000, -3.950000, 0
-13.350000, -3.950000, 0
-13.200000, -3.950000, 0
-13.050000, -3.950000, 0
-12.900000, -3.950000, 0
-12.750000, -3.950000, 0
-12.600000, -3.950000, 0
-12.450000, -3.950000, 0
-12.300000, -3.950000, 0
-12.150000, -3.950000, 0
-12.000000, -3.950000, 0
-11.850000, -3.950000, 0
-11.700000, -3.950000, 0
-11.550000, -3.950000, 0
-11.400000, -3.950000, 0
-11.250000, -3.950000, 0
-11.100000, -3.950000, 0
-10.950000, -3.950000, 0
-10.800000, -3.950000, 0
-10.650000, -3.950000, 0
-10.500000, -3.950000, 0
-10.350000, -3.950000, 0
-10.200000, -3.950000, 0
-10.050000, -3.950000, 0
-9.900000, -3.950000, 0
-9.750000, -3.950000, 0
-9.600000, -3.950000, 0
-9.450000, -3.950000, 0
-9.300000, -3.950000, 0
-9.150000, -3.950000, 0
-9.000000, -3.950000, 0
-8.850000, -3.950000, 0
-8.700000, -3.950000, 0
-8.550000, -3.950000, 0
-8.400000, -3.950000, 0
-8.250000, -3.950000, 0
-8.100000, -3.950000, 0
-7.950000, -3.950000, 2
-7.800000, -3.950000, 2
-7.650000, -3.950000, 2
-7.500000, -3.950000, 2
-7.350000, -3.950000, 2
-7.200000, -3.950000, 2
-7.050000, -3.950000, 2
-6.900000, -3.950000, 2
-6.750000, -3.950000, 2
-6.600000, -3.950000, 2
-6.450000, -3.950000, 2
-6.300000, -3.950000, 2
-6.150000, -3.950000, 2
-6.000000, -3.950000, 2
-5.850000, -3.950000, 2
-5.700000, -3.950000, 2
-5.550000, -3.950000, 2
-5.400000, -3.950000, 2
-5.250000, -3.950000, 2
-5.100000, -3.950000, 2
-4.950000, -3.950000, 2
-4.800000, -3.950000, 1
-4.650000, -3.950000, 6
-4.500000, -3.950000, 10
-4.350000, -3.950000, 4
-4.200000, -3.950000, 3
-4.050000, -3.950000, 1
-3.900000, -3.950000, 1
-3.750000, -3.950000, 3
-3.600000, -3.950000, 7
-3.450000, -3.950000, 7
-3.300000, -3.950000, 7
-3.150000, -3.950000, 7
-3.000000, -3.950000, 7
-2.850000, -3.950000, 7
-2.700000, -3.950000, 7
-2.550000, -3.950000, 7
-2.400000, -3.950000, 7
-2.250000, -3.950000, 7
-2.100000, -3.950000, 7
-1.950000, -3.950000, 7
-1.800000, -3.950000, 7
-1.650000, -3.950000, 7
-1.500000, -3.950000, 7
-1.350000, -3.950000, 3
-1.200000, -3.950000, 1
-1.050000, -3.950000, 3
-0.900000, -3.950000, 3
-0.750000, -3.950000, 3
-0.600000, -3.950000, 3
-0.450000, -3.950000, 3
-0.300000, -3.950000, 8
-0.150000, -3.950000, 8
-0.000000, -3.950000, 8
0.150000, -3.950000, 8
0.300000, -3.950000, 8
0.450000, -3.950000, 8
0.600000, -3.950000, 8
0.750000, -3.950000, 8
0.900000, -3.950000, 8
1.050000, -3.950000, 8
1.200000, -3.950000, 8
1.350000, -3.950000, 3
1.500000, -3.950000, 3
1.650000, -3.950000, 3
1.800000, -3.950000, 3
1.950000, -3.950000, 3
2.100000, -3.950000, 3
2.250000, -3.950000, 3
2.400000, -3.950000, 3
2.550000, -3.950000, 3
2.700000, -3.950000, 3
2.850000, -3.950000, 3
3.000000, -3.950000, 3
3.150000, -3.950000, 3
3.300000, -3.950000, 3
3.450000, -3.950000, 3
3.600000, -3.950000, 3
3.750000, -3.950000, 4
3.900000, -3.950000, 8
4.050000, -3.950000, 8
4.200000, -3.950000, 1
4.350000, -3.950000, 1
4.500000, -3.950000, 1
4.650000, -3.950000, 1
4.800000, -3.950000, 1
4.950000, -3.950000, 1
5.100000, -3.950000, 1
5.250000, -3.950000, 1
5.400000, -3.950000, 1
5.550000, -3.950000, 1
5.700000, -3.950000, 1
5.850000, -3.950000, 1
6.000000, -3.950000, 1
6.150000, -3.950000, 1
6.300000, -3.950000, 1
6.450000, -3.950000, 1
6.600000, -3.950000, 1
6.750000, -3.950000, 1
6.900000, -3.950000, 1
7.050000, -3.950000, 1
7.200000, -3.950000, 1
7.350000, -3.950000, 1
7.500000, -3.950000, 1
7.650000, -3.950000, 1
7.800000, -3.950000, 1
7.950000, -3.950000, 1
8.100000, -3.950000, 1
8.250000, -3.950000, 1
8.400000, -3.950000, 1
8.550000, -3.950000, 1
8.700000, -3.950000, 1
8.850000, -3.950000, 1
9.000000, -3.950000, 1
9.150000, -3.950000, 1
9.300000, -3.950000, 1
9.450000, -3.950000, 1
9.600000, -3.950000, 1
9.750000, -3.950000, 1
9.900000, -3.950000, 1
10.050000, -3.950000, 1
10.200000, -3.950000, 1
10.350000, -3.950000, 1
10.500000, -3.950000, 5
10.650000, -3.950000, 8
10.800000, -3.950000, 2
10.950000, -3.950000, 6
11.100000, -3.950000, 8
11.250000, -3.950000, 8
11.400000, -3.950000, 3
11.550000, -3.950000, 3
11.700000, -3.950000, 3
11.850000, -3.950000, 3
12.000000, -3.950000, 8
12.150000, -3.950000, 8
12.300000, -3.950000, 8
12.450000, -3.950000, 8
12.600000, -3.950000, 3
12.750000, -3.950000, 3
12.900000, -3.950000, 3
13.050000, -3.950000, 3
13.200000, -3.950000, 3
13.350000, -3.950000, 1
13.500000, -3.950000, 1
13.650000, -3.950000, 1
13.800000, -3.950000, 1
13.950000, -3.950000, 1
14.100000, -3.950000, 1
14.250000, -3.950000, 5
14.400000, -3.950000, 5
14.550000, -3.950000, 5
14.700000, -3.950000, 5
14.850000, -3.950000, 5
-15.000000, -3.900000, 0
-14.850000, -3.900000, 0
-14.700000, -3.900000, 0
-14.550000, -3.900000, 0
-14.400000, -3.900000, 0
-14.250000, -3.900000, 0
-14.100000, -3.900000, 0
-13.950000, -3.900000, 0
-13.800000, -3.900000, 0
-13.650000, -3.900000, 0
-13.500000, -3.900000, 0
-13.350000, -3.900000, 0
-13.200000, -3.900000, 0
-13.050000, -3.900000, 0
-12.900000, -3.900000, 0
-12.750000, -3.900000, 0
-12.600000, -3.900000, 0
-12.450000, -3.900000, 0
-12.300000, -3.900000, 0
-12.150000, -3.900000, 0
-12.000000, -3.900000, 0
-11.850000, -3.900000, 0
-11.700000, -3.900000, 0
-11.550000, -3.900000, 0
-11.400000, -3.900000, 0
-11.250000, -3.900000, 0
-11.100000, -3.900000, 0
-10.950000, -3.900000, 0
-10.800000, -3.900000, 0
-10.650000, -3.900000, 0
-10.500000, -3.900000, 0
-10.350000, -3.900000, 0
-10.200000, -3.900000, 0
-10.050000, -3.900000, 0
-9.900000, -3.900000, 0
-9.750000, -3.900000, 0
-9.600000, -3.900000, 0
-9.450000, -3.900000, 0
-9.300000, -3.900000, 0
-9.150000, -3.900000, 0
-9.000000, -3.900000, 0
-8.850000, -3.900000, 0
-8.700000, -3.900000, 0
-8.550000, -3.900000, 0
-8.400000, -3.900000, 0
-8.250000, -3.900000, 0
-8.100000, -3.900000, 0
-7.950000, -3.900000, 0
-7.800000, -3.900000, 0
-7.650000, -3.900000, 1
-7.500000, -3.900000, 2
-7.350000, -3.900000, 2
-7.200000, -3.900000, 2
-7.050000, -3.900000, 2
-6.900000, -3.900000, 2
-6.750000, -3.900000, 2
-6.600000, -3.900000, 2
-6.450000, -3.900000, 2
-6.300000, -3.900000, 2
-6.150000, -3.900000, 2
-6.000000, -3.900000, 2
-5.850000, -3.900000, 2
-5.700000, -3.900000, 2
-5.550000, -3.900000, 2
-5.400000, -3.900000, 2
-5.250000, -3.900000, 2
-5.100000, -3.900000, 2
-4.950000, -3.900000, 2
-4.800000, -3.900000, 2
-4.650000, -3.900000, 6
-4.500000, -3.900000, 10
-4.350000, -3.900000, 3
-4.200000, -3.900000, 5
-4.050000, -3.900000, 1
-3.900000, -3.900000, 3
-3.750000, -3.900000, 3
-3.600000, -3.900000, 7
-3.450000, -3.900000, 7
-3.300000, -3.900000, 7
-3.150000, -3.900000, 7
-3.000000, -3.900000, 7
-2.850000, -3.900000, 7
-2.700000, -3.900000, 7
-2.550000, -3.900000, 7
-2.400000, -3.900000, 7
-2.250000, -3.900000, 7
-2.100000, -3.900000, 7
-1.950000, -3.900000, 7
-1.800000, -3.900000, 7
-1.650000, -3.900000, 7
-1.500000, -3.900000, 7
-1.350000, -3.900000, 8
-1.200000, -3.900000, 5
-1.050000, -3.900000, 3
-0.900000, -3.900000, 3
-0.750000, -3.900000, 3
-0.600000, -3.900000, 3
-0.450000, -3.900000, 3
-0.300000, -3.900000, 8
-0.150000, -3.900000, 8
-0.000000, -3.900000, 8
0.150000, -3.900000, 8
0.300000, -3.900000, 8
0.450000, -3.900000, 8
0.600000, -3.900000, 8
0.750000, -3.900000, 8
0.900000, -3.900000, 8
1.050000, -3.900000, 8
1.200000, -3.900000, 8
1.350000, -3.900000, 3
1.500000, -3.900000, 3
1.650000, -3.900000, 3
1.800000, -3.900000, 3
1.950000, -3.900000, 3
2.100000, -3.900000, 3
2.250000, -3.900000, 3
2.400000, -3.900000, 3
2.550000, -3.900000, 3
2.700000, -3.900000, 3
2.850000, -3.900000, 3
3.000000, -3.900000, 3
3.150000, -3.900000, 3
3.300000, -3.900000, 3
3.450000, -3.900000, 8
3.600000, -3.900000, 3
3.750000, -3.900000, 10
3.900000, -3.900000, 1
4.050000, -3.900000, 3
4.200000, -3.900000, 1
4.350000, -3.900000, 1
4.500000, -3.900000, 1
4.650000, -3.900000, 1
4.800000, -3.900000, 1
4.950000, -3.900000, 1
5.100000, -3.900000, 1
5.250000, -3.900000, 1
5.400000, -3.900000, 1
5.550000, -3.900000, 1
5.700000, -3.900000, 1
5.850000, -3.900000, 1
6.000000, -3.900000, 1
6.150000, -3.900000, 1
6.300000, -3.900000, 1
6.450000, -3.900000, 1
6.600000, -3.900000, 1
6.750000, -3.900000, 1
6.900000, -3.900000, 1
7.050000, -3.900000, 1
7.200000, -3.900000, 1
7.350000, -3.900000, 1
7.500000, -3.900000, 1
7.650000, -3.900000, 1
7.800000, -3.900000, 1
7.950000, -3.900000, 1
8.100000, -3.900000, 1
8.250000, -3.900000, 1
8.400000, -3.900000, 1
8.550000, -3.900000, 1
8.700000, -3.900000, 1
8.850000, -3.900000, 1
9.000000, -3.900000, 1
9.150000, -3.900000, 1
9.300000, -3.900000, 1
9.450000, -3.900000, 1
9.600000, -3.900000, 1
9.750000, -3.900000, 1
9.900000, -3.900000, 1
10.050000, -3.900000, 1
10.200000, -3.900000, 1
10.350000, -3.900000, 1
10.500000, -3.900000, 1
10.650000, -3.900000, 8
10.800000, -3.900000, 11
10.950000, -3.900000, 9
11.100000, -3.900000, 8
11.250000, -3.900000, 8
11.400000, -3.900000, 3
11.550000, -3.900000, 3
11.700000, -3.900000, 3
11.850000, -3.900000, 3
12.000000, -3.900000, 8
12.150000, -3.900000, 8
12.300000, -3.900000, 8
12.450000, -3.900000, 8
12.600000, -3.900000, 3
12.750000, -3.900000, 3
12.900000, -3.900000, 3
13.050000, -3.900000, 3
13.200000, -3.900000, 3
13.350000, -3.900000, 1
13.500000, -3.900000, 1
13.650000, -3.900000, 1
13.800000, -3.900000, 1
13.950000, -3.900000, 1
14.100000, -3.900000, 5
14.250000, -3.900000, 5
14.400000, -3.900000, 5
14.550000, -3.900000, 5
14.700000, -3.900000, 5
14.850000, -3.900000, 5
-15.000000, -3.850000, 0
-14.850000, -3.850000, 0
-14.700000, -3.850000, 0
-14.550000, -3.850000, 0
-14.400000, -3.850000, 0
-14.250000, -3.850000, 0
-14.100000, -3.850000, 0
-13.950000, -3.850000, 0
-13.800000, -3.850000, 0
-13.650000, -3.850000, 0
-13.500000, -3.850000, 0
-13.350000, -3.850000, 0
-13.200000, -3.850000, 0
-13.050000, -3.850000, 0
-12.900000, -3.850000, 0
-12.750000, -3.850000, 0
-12.600000, -3.850000, 0
-12.450000, -3.850000, 0
-12.300000, -3.850000, 0
-12.150000, -3.850000, 0
-12.000000, -3.850000, 0
-11.850000, -3.850000, 0
-11.700000, -3.850000, 0
-11.550000, -3.850000, 0
-11.400000, -3.850000, 0
-11.250000, -3.850000, 0
-11.100000, -3.850000, 0
-10.950000, -3.850000, 0
-10.800000, -3.850000, 0
-10.650000, -3.850000, 0
-10.500000, -3.850000, 0
-10.350000, -3.850000, 0
-10.200000, -3.850000, 0
-10.050000, -3.850000, 0
-9.900000, -3.850000, 0
-9.750000, -3.850000, 0
-9.600000, -3.850000, 0
-9.450000, -3.850000, 0
-9.300000, -3.850000, 0
-9.150000, -3.850000, 0
-9.000000, -3.850000, 0
-8.850000, -3.850000, 0
-8.700000, -3.850000, 0
-8.550000, -3.850000, 0
-8.400000, -3.850000, 0
-8.250000, -3.850000, 0
-8.100000, -3.850000, 0
-7.950000, -3.850000, 0
-7.800000, -3.850000, 0
-7.650000, -3.850000, 2
-7.500000, -3.850000, 2
-7.350000, -3.850000, 2
-7.200000, -3.850000, 2
-7.050000, -3.850000, 2
-6.900000, -3.850000, 2
-6.750000, -3.850000, 2
-6.600000, -3.850000, 2
-6.450000, -3.850000, 2
-6.300000, -3.850000, 2
-6.150000, -3.850000, 2
-6.000000, -3.850000, 2
-5.850000, -3.850000, 2
-5.700000, -3.850000, 2
-5.550000, -3.850000, 2
-5.400000, -3.850000, 2
-5.250000, -3.850000, 2
-5.100000, -3.850000, 2
-4.950000, -3.850000, 2
-4.800000, -3.850000, 2
-4.650000, -3.850000, 7
-4.500000, -3.850000, 9
-4.350000, -3.850000, 5
-4.200000, -3.850000, 5
-4.050000, -3.850000, 1
-3.900000, -3.850000, 3
-3.750000, -3.850000, 3
-3.600000, -3.850000, 7
-3.450000, -3.850000, 7
-3.300000, -3.850000, 7
-3.150000, -3.850000, 7
-3.000000, -3.850000, 7
-2.850000, -3.850000, 7
-2.700000, -3.850000, 7
-2.550000, -3.850000, 7
-2.400000, -3.850000, 7
-2.250000, -3.850000, 7
-2.100000, -3.850000, 7
-1.950000, -3.850000, 7
-1.800000, -3.850000, 7
-1.650000, -3.850000, 7
-1.500000, -3.850000, 7
-1.350000, -3.850000, 3
-1.200000, -3.850000, 1
-1.050000, -3.850000, 8
-0.900000, -3.850000, 3
-0.750000, -3.850000, 3
-0.600000, -3.850000, 3
-0.450000, -3.850000, 7
-0.300000, -3.850000, 8
-0.150000, -3.850000, 8
-0.000000, -3.850000, 8
0.150000, -3.850000, 8
0.300000, -3.850000, 8
0.450000, -3.850000, 8
0.600000, -3.850000, 8
0.750000, -3.850000, 8
0.900000, -3.850000, 8
1.050000, -3.850000, 8
1.200000, -3.850000, 8
1.350000, -3.850000, 3
1.500000, -3.850000, 3
1.650000, -3.850000, 3
1.800000, -3.850000, 3
1.950000, -3.850000, 3
2.100000, -3.850000, 3
2.250000, -3.850000, 3
2.400000, -3.850000, 3
2.550000, -3.850000, 3
2.700000, -3.850000, 3
2.850000, -3.850000, 3
3.000000, -3.850000, 3
3.150000, -3.850000, 3
3.300000, -3.850000, 3
3.450000, -3.850000, 8
3.600000, -3.850000, 3
3.750000, -3.850000, 1
3.900000, -3.850000, 3
4.050000, -3.850000, 1
4.200000, -3.850000, 1
4.350000, -3.850000, 1
4.500000, -3.850000, 1
4.650000, -3.850000, 1
4.800000, -3.850000, 1
4.950000, -3.850000, 1
5.100000, -3.850000, 1
5.250000, -3.850000, 1
5.400000, -3.850000, 1
5.550000, -3.850000, 1
5.700000, -3.850000, 1
5.850000, -3.850000, 1
6.000000, -3.850000, 1
6.150000, -3.850000, 1
6.300000, -3.850000, 1
6.450000, -3.850000, 1
6.600000, -3.850000, 1
6.750000, -3.850000, 1
6.900000, -3.850000, 1
7.050000, -3.850000, 1
7.200000, -3.850000, 1
7.350000, -3.850000, 1
7.500000, -3.850000, 1
7.650000, -3.850000, 1
7.800000, -3.850000, 1
7.950000, -3.850000, 1
8.100000, -3.850000, 1
8.250000, -3.850000, 1
8.400000, -3.850000, 1
8.550000, -3.850000, 1
8.700000, -3.850000, 1
8.850000, -3.850000, 1
9.000000, -3.850000, 1
9.150000, -3.850000, 1
9.300000, -3.850000, 1
9.450000, -3.850000, 1
9.600000, -3.850000, 1
9.750000, -3.850000, 1
9.900000, -3.850000, 1
10.050000, -3.850000, 1
10.200000, -3.850000, 1
10.350000, -3.850000, 1
10.500000, -3.850000, 3
10.650000, -3.850000, 8
10.800000, -3.850000, 1
10.950000, -3.850000, 2
11.100000, -3.850000, 8
11.250000, -3.850000, 8
11.400000, -3.850000, 3
11.550000, -3.850000, 3
11.700000, -3.850000, 3
11.850000, -3.850000, 3
12.000000, -3.850000, 8
12.150000, -3.850000, 8
12.300000, -3.850000, 8
12.450000, -3.850000, 8
12.600000, -3.850000, 3
12.750000, -3.850000, 3
12.900000, -3.850000, 3
13.050000, -3.850000, 3
13.200000, -3.850000, 3
13.350000, -3.850000, 1
13.500000, -3.850000, 1
13.650000, -3.850000, 1
13.800000, -3.850000, 1
13.950000, -3.850000, 6
14.100000, -3.850000, 5
14.250000, -3.850000, 5
14.400000, -3.850000, 5
14.550000, -3.850000, 5
14.700000, -3.850000, 5
14.850000, -3.850000, 5
-15.000000, -3.800000, 2
-14.850000, -3.800000, 0
-14.700000, -3.800000, 0
-14.550000, -3.800000, 0
-14.400000, -3.800000, 0
-14.250000, -3.800000, 0
-14.100000, -3.800000, 0
-13.950000, -3.800000, 0
-13.800000, -3.800000, 0
-13.650000, -3.800000, 0
-13.500000, -3.800000, 0
-13.350000, -3.800000, 0
-13.200000, -3.800000, 0
-13.050000, -3.800000, 0
-12.900000, -3.800000, 0
-12.750000, -3.800000, 0
-12.600000, -3.800000, 0
-12.450000, -3.800000, 0
-12.300000, -3.800000, 0
-12.150000, -3.800000, 0
-12.000000, -3.800000, 0
-11.850000, -3.800000, 0
-11.700000, -3.800000, 0
-11.550000, -3.800000, 0
-11.400000, -3.800000, 0
-11.250000, -3.800000, 0
-11.100000, -3.800000, 0
-10.950000, -3.800000, 0
-10.800000, -3.800000, 0
-10.650000, -3.800000, 0
-10.500000, -3.800000, 0
-10.350000, -3.800000, 0
-10.200000, -3.800000, 0
-10.050000, -3.800000, 0
-9.900000, -3.800000, 0
-9.750000, -3.800000, 0
-9.600000, -3.800000, 0
-9.450000, -3.800000, 0
-9.300000, -3.800000, 0
-9.150000, -3.800000, 0
-9.000000, -3.800000, 0
-8.850000, -3.800000, 0
-8.700000, -3.800000, 0
-8.550000, -3.800000, 0
-8.400000, -3.800000, 0
-8.250000, -3.800000, 0
-8.100000, -3.800000, 0
-7.950000, -3.800000, 0
-7.800000, -3.800000, 0
-7.650000, -3.800000, 2
-7.500000, -3.800000, 2
-7.350000, -3.800000, 2
-7.200000, -3.800000, 2
-7.050000, -3.800000, 2
-6.900000, -3.800000, 2
-6.750000, -3.800000, 2
-6.600000, -3.800000, 2
-6.450000, -3.800000, 2
-6.300000, -3.800000, 2
-6.150000, -3.800000, 2
-6.000000, -3.800000, 2
-5.850000, -3.800000, 2
-5.700000, -3.800000, 2
-5.550000, -3.800000, 2
-5.400000, -3.800000, 2
-5.250000, -3.800000, 2
-5.100000, -3.800000, 2
-4.950000, -3.800000, 2
-4.800000, -3.800000, 2
-4.650000, -3.800000, 2
-4.500000, -3.800000, 11
-4.350000, -3.800000, 3
-4.200000, -3.800000, 0
-4.050000, -3.800000, 8
-3.900000, -3.800000, 8
-3.750000, -3.800000, 3
-3.600000, -3.800000, 7
-3.450000, -3.800000, 7
-3.300000, -3.800000, 7
-3.150000, -3.800000, 7
-3.000000, -3.800000, 7
-2.850000, -3.800000, 7
-2.700000, -3.800000, 7
-2.550000, -3.800000, 7
-2.400000, -3.800000, 7
-2.250000, -3.800000, 7
-2.100000, -3.800000, 7
-1.950000, -3.800000, 7
-1.800000, -3.800000, 7
-1.650000, -3.800000, 7
-1.500000, -3.800000, 7
-1.350000, -3.800000, 1
-1.200000, -3.800000, 6
-1.050000, -3.800000, 3
-0.900000, -3.800000, 3
-0.750000, -3.800000, 3
-0.600000, -3.800000, 3
-0.450000, -3.800000, 3
-0.300000, -3.800000, 8
-0.150000, -3.800000, 8
-0.000000, -3.800000, 8
0.150000, -3.800000, 8
0.300000, -3.800000, 8
0.450000, -3.800000, 8
0.600000, -3.800000, 8
0.750000, -3.800000, 8
0.900000, -3.800000, 8
1.050000, -3.800000, 8
1.200000, -3.800000, 8
1.350000, -3.800000, 3
1.500000, -3.800000, 3
1.650000, -3.800000, 3
1.800000, -3.800000, 3
1.950000, -3.800000, 3
2.100000, -3.800000, 3
2.250000, -3.800000, 3
2.400000, -3.800000, 3
2.550000, -3.800000, 3
2.700000, -3.800000, 3
2.850000, -3.800000, 3
3.000000, -3.800000, 3
3.150000, -3.800000, 3
3.300000, -3.800000, 3
3.450000, -3.800000, 8
3.600000, -3.800000, 8
3.750000, -3.800000, 3
3.900000, -3.800000, 1
4.050000, -3.800000, 1
4.200000, -3.800000, 1
4.350000, -3.800000, 1
4.500000, -3.800000, 1
4.650000, -3.800000, 1
4.800000, -3.800000, 1
4.950000, -3.800000, 1
5.100000, -3.800000, 1
5.250000, -3.800000, 1
5.400000, -3.800000, 1
5.550000, -3.800000, 1
5.700000, -3.800000, 1
5.850000, -3.800000, 1
6.000000, -3.800000, 1
6.150000, -3.800000, 1
6.300000, -3.800000, 1
6.450000, -3.800000, 1
6.600000, -3.800000, 1
6.750000, -3.800000, 1
6.900000, -3.800000, 1
7.050000, -3.800000, 1
7.200000, -3.800000, 1
7.350000, -3.800000, 1
7.500000, -3.800000, 1
7.650000, -3.800000, 1
7.800000, -3.800000, 1
7.950000, -3.800000, 1
8.100000, -3.800000, 1
8.250000, -3.800000, 1
8.400000, -3.800000, 1
8.550000, -3.800000, 1
8.700000, -3.800000, 1
8.850000, -3.800000, 1
9.000000, -3.800000, 1
9.150000, -3.800000, 1
9.300000, -3.800000, 1
9.450000, -3.800000, 1
9.600000, -3.800000, 1
9.750000, -3.800000, 1
9.900000, -3.800000, 1
10.050000, -3.800000, 1
10.200000, -3.800000, 1
10.350000, -3.800000, 1
10.500000, -3.800000, 3
10.650000, -3.800000, 3
10.800000, -3.800000, 1
10.950000, -3.800000, 7
11.100000, -3.800000, 8
11.250000, -3.800000, 8
11.400000, -3.800000, 3
11.550000, -3.800000, 3
11.700000, -3.800000, 3
11.850000, -3.800000, 8
12.000000, -3.800000, 8
12.150000, -3.800000, 8
12.300000, -3.800000, 8
12.450000, -3.800000, 8
12.600000, -3.800000, 3
12.750000, -3.800000, 3
12.900000, -3.800000, 3
13.050000, -3.800000, 3
13.200000, -3.800000, 3
13.350000, -3.800000, 3
13.500000, -3.800000, 1
13.650000, -3.800000, 1
13.800000, -3.800000, 6
13.950000, -3.800000, 6
14.100000, -3.800000, 6
14.250000, -3.800000, 5
14.400000, -3.800000, 5
14.550000, -3.800000, 5
14.700000, -3.800000, 5
14.850000, -3.800000, 5
-15.000000, -3.750000, 2
-14.850000, -3.750000, 0
-14.700000, -3.750000, 0
-14.550000, -3.750000, 0
-14.400000, -3.750000, 0
-14.250000, -3.750000, 0
-14.100000, -3.750000, 0
-13.950000, -3.750000, 0
-13.800000, -3.750000, 0
-13.650000, -3.750000, 0
-13.500000, -3.750000, 0
-13.350000, -3.750000, 0
-13.200000, -3.750000, 0
-13.050000, -3.750000, 0
-12.900000, -3.750000, 0
-12.750000, -3.750000, 0
-12.600000, -3.750000, 0
-12.450000, -3.750000, 0
-12.300000, -3.750000, 0
-12.150000, -3.750000, 0
-12.000000, -3.750000, 0
-11.850000, -3.750000, 0
-11.700000, -3.750000, 0
-11.550000, -3.750000, 0
-11.400000, -3.750000, 0
-11.250000, -3.750000, 0
-11.100000, -3.750000, 0
-10.950000, -3.750000, 0
-10.800000, -3.750000, 0
-10.650000, -3.750000, 0
-10.500000, -3.750000, 0
-10.350000, -3.750000, 0
-10.200000, -3.750000, 0
-10.050000, -3.750000, 0
-9.900000, -3.750000, 0
-9.750000, -3.750000, 0
-9.600000, -3.750000, 0
-9.450000, -3.750000, 0
-9.300000, -3.750000, 0
-9.150000, -3.750000, 0
-9.000000, -3.750000, 0
-8.850000, -3.750000, 0
-8.700000, -3.750000, 0
-8.550000, -3.750000, 0
-8.400000, -3.750000, 0
-8.250000, -3.750000, 0
-8.100000, -3.750000, 0
-7.950000, -3.750000, 0
-7.800000, -3.750000, 0
-7.650000, -3.750000, 2
-7.500000, -3.750000, 2
-7.350000, -3.750000, 2
-7.200000, -3.750000, 2
-7.050000, -3.750000, 2
-6.900000, -3.750000, 2
-6.750000, -3.750000, 2
-6.600000, -3.750000, 2
-6.450000, -3.750000, 2
-6.300000, -3.750000, 2
-6.150000, -3.750000, 2
-6.000000, -3.750000, 2
-5.850000, -3.750000, 2
-5.700000, -3.750000, 2
-5.550000, -3.750000, 2
-5.400000, -3.750000, 2
-5.250000, -3.750000, 2
-5.100000, -3.750000, 2
-4.950000, -3.750000, 2
-4.800000, -3.750000, 2
-4.650000, -3.750000, 2
-4.500000, -3.750000, 10
-4.350000, -3.750000, 1
-4.200000, -3.750000, 6
-4.050000, -3.750000, 2
-3.900000, -3.750000, 3
-3.750000, -3.750000, 3
-3.600000, -3.750000, 0
-3.450000, -3.750000, 7
-3.300000, -3.750000, 7
-3.150000, -3.750000, 7
-3.000000, -3.750000, 7
-2.850000, -3.750000, 7
-2.700000, -3.750000, 7
-2.550000, -3.750000, 7
-2.400000, -3.750000, 7
-2.250000, -3.750000, 7
-2.100000, -3.750000, 7
-1.950000, -3.750000, 7
-1.800000, -3.750000, 7
-1.650000, -3.750000, 7
-1.500000, -3.750000, 7
-1.350000, -3.750000, 8
-1.200000, -3.750000, 10
-1.050000, -3.750000, 3
-0.900000, -3.750000, 3
-0.750000, -3.750000, 3
-0.600000, -3.750000, 3
-0.450000, -3.750000, 3
-0.300000, -3.750000, 8
-0.150000, -3.750000, 8
-0.000000, -3.750000, 8
0.150000, -3.750000, 8
0.300000, -3.750000, 8
0.450000, -3.750000, 8
0.600000, -3.750000, 8
0.750000, -3.750000, 8
0.900000, -3.750000, 8
1.050000, -3.750000, 8
1.200000, -3.750000, 8
1.350000, -3.750000, 3
1.500000, -3.750000, 3
1.650000, -3.750000, 3
1.800000, -3.750000, 3
1.950000, -3.750000, 3
2.100000, -3.750000, 3
2.250000, -3.750000, 3
2.400000, -3.750000, 3
2.550000, -3.750000, 3
2.700000, -3.750000, 3
2.850000, -3.750000, 3
3.000000, -3.750000, 3
3.150000, -3.750000, 3
3.300000, -3.750000, 3
3.450000, -3.750000, 8
3.600000, -3.750000, 3
3.750000, -3.750000, 3
3.900000, -3.750000, 1
4.050000, -3.750000, 1
4.200000, -3.750000, 1
4.350000, -3.750000, 1
4.500000, -3.750000, 1
4.650000, -3.750000, 1
4.800000, -3.750000, 1
4.950000, -3.750000, 1
5.100000, -3.750000, 1
5.250000, -3.750000, 1
5.400000, -3.750000, 1
5.550000, -3.750000, 1
5.700000, -3.750000, 1
5.850000, -3.750000, 1
6.000000, -3.750000, 1
6.150000, -3.750000, 1
6.300000, -3.750000, 1
6.450000, -3.750000, 1
6.600000, -3.750000, 1
6.750000, -3.750000, 1
6.900000, -3.750000, 1
7.050000, -3.750000, 1
7.200000, -3.750000, 1
7.350000, -3.750000, 1
7.500000, -3.750000, 1
7.650000, -3.750000, 1
7.800000, -3.750000, 1
7.950000, -3.750000, 1
8.100000, -3.750000, 1
8.250000, -3.750000, 1
8.400000, -3.750000, 1
8.550000, -3.750000, 1
8.700000, -3.750000, 1
8.850000, -3.750000, 1
9.000000, -3.750000, 1
9.150000, -3.750000, 1
9.300000, -3.750000, 1
9.450000, -3.750000, 1
9.600000, -3.750000, 1
9.750000, -3.750000, 1
9.900000, -3.750000, 3
10.050000, -3.750000, 5
10.200000, -3.750000, 1
10.350000, -3.750000, 3
10.500000, -3.750000, 3
10.650000, -3.750000, 3
10.800000, -3.750000, 3
10.950000, -3.750000, 3
11.100000, -3.750000, 8
11.250000, -3.750000, 8
11.400000, -3.750000, 3
11.550000, -3.750000, 3
11.700000, -3.750000, 3
11.850000, -3.750000, 8
12.000000, -3.750000, 8
12.150000, -3.750000, 8
12.300000, -3.750000, 7
12.450000, -3.750000, 7
12.600000, -3.750000, 3
12.750000, -3.750000, 3
12.900000, -3.750000, 3
13.050000, -3.750000, 3
13.200000, -3.750000, 3
13.350000, -3.750000, 3
13.500000, -3.750000, 1
13.650000, -3.750000, 1
13.800000, -3.750000, 6
13.950000, -3.750000, 6
14.100000, -3.750000, 6
14.250000, -3.750000, 5
14.400000, -3.750000, 5
14.550000, -3.750000, 5
14.700000, -3.750000, 5
14.850000, -3.750000, 5
-15.000000, -3.700000, 2
-14.850000, -3.700000, 0
-14.700000, -3.700000, 0
-14.550000, -3.700000, 0
-14.400000, -3.700000, 0
-14.250000, -3.700000, 0
-14.100000, -3.700000, 0
-13.950000, -3.700000, 0
-13.800000, -3.700000, 0
-13.650000, -3.700000, 0
-13.500000, -3.700000, 0
-13.350000, -3.700000, 0
-13.200000, -3.700000, 0
-13.050000, -3.700000, 0
-12.900000, -3.700000, 0
-12.750000, -3.700000, 0
-12.600000, -3.700000, 0
-12.450000, -3.700000, 0
-12.300000, -3.700000, 0
-12.150000, -3.700000, 0
-12.000000, -3.700000, 0
-11.850000, -3.700000, 0
-11.700000, -3.700000, 0
-11.550000, -3.700000, 0
-11.400000, -3.700000, 0
-11.250000, -3.700000, 0
-11.100000, -3.700000, 0
-10.950000, -3.700000, 0
-10.800000, -3.700000, 0
-10.650000, -3.700000, 0
-10.500000, -3.700000, 0
-10.350000, -3.700000, 0
-10.200000, -3.700000, 0
-10.050000, -3.700000, 0
-9.900000, -3.700000, 0
-9.750000, -3.700000, 0
-9.600000, -3.700000, 0
-9.450000, -3.700000, 0
-9.300000, -3.700000, 0
-9.150000, -3.700000, 0
-9.000000, -3.700000, 0
-8.850000, -3.700000, 0
-8.700000, -3.700000, 0
-8.550000, -3.700000, 0
-8.400000, -3.700000, 0
-8.250000, -3.700000, 0
-8.100000, -3.700000, 0
-7.950000, -3.700000, 0
-7.800000, -3.700000, 0
-7.650000, -3.700000, 0
-7.500000, -3.700000, 5
-7.350000, -3.700000, 2
-7.200000, -3.700000, 10
-7.050000, -3.700000, 2
-6.900000, -3.700000, 2
-6.750000, -3.700000, 2
-6.600000, -3.700000, 2
-6.450000, -3.700000, 2
-6.300000, -3.700000, 2
-6.150000, -3.700000, 2
-6.000000, -3.700000, 2
-5.850000, -3.700000, 2
-5.700000, -3.700000, 2
-5.550000, -3.700000, 2
-5.400000, -3.700000, 2
-5.250000, -3.700000, 2
-5.100000, -3.700000, 2
-4.950000, -3.700000, 2
-4.800000, -3.700000, 2
-4.650000, -3.700000, 2
-4.500000, -3.700000, 3
-4.350000, -3.700000, 3
-4.200000, -3.700000, 4
-4.050000, -3.700000, 9
-3.900000, -3.700000, 3
-3.750000, -3.700000, 3
-3.600000, -3.700000, 10
-3.450000, -3.700000, 8
-3.300000, -3.700000, 7
-3.150000, -3.700000, 7
-3.000000, -3.700000, 7
-2.850000, -3.700000, 7
-2.700000, -3.700000, 7
-2.550000, -3.700000, 7
-2.400000, -3.700000, 7
-2.250000, -3.700000, 7
-2.100000, -3.700000, 7
-1.950000, -3.700000, 7
-1.800000, -3.700000, 7
-1.650000, -3.700000, 7
-1.500000, -3.700000, 7
-1.350000, -3.700000, 3
-1.200000, -3.700000, 3
-1.050000, -3.700000, 1
-0.900000, -3.700000, 3
-0.750000, -3.700000, 3
-0.600000, -3.700000, 3
-0.450000, -3.700000, 3
-0.300000, -3.700000, 8
-0.150000, -3.700000, 8
-0.000000, -3.700000, 8
0.150000, -3.700000, 8
0.300000, -3.700000, 8
0.450000, -3.700000, 8
0.600000, -3.700000, 8
0.750000, -3.700000, 8
0.900000, -3.700000, 8
1.050000, -3.700000, 8
1.200000, -3.700000, 8
1.350000, -3.700000, 8
1.500000, -3.700000, 3
1.650000, -3.700000, 3
1.800000, -3.700000, 3
1.950000, -3.700000, 3
2.100000, -3.700000, 3
2.250000, -3.700000, 3
2.400000, -3.700000, 3
2.550000, -3.700000, 3
2.700000, -3.700000, 3
2.850000, -3.700000, 3
3.000000, -3.700000, 3
3.150000, -3.700000, 3
3.300000, -3.700000, 3
3.450000, -3.700000, 8
3.600000, -3.700000, 3
3.750000, -3.700000, 3
3.900000, -3.700000, 1
4.050000, -3.700000, 1
4.200000, -3.700000, 1
4.350000, -3.700000, 1
4.500000, -3.700000, 1
4.650000, -3.700000, 1
4.800000, -3.700000, 1
4.950000, -3.700000, 1
5.100000, -3.700000, 1
5.250000, -3.700000, 1
5.400000, -3.700000, 1
5.550000, -3.700000, 1
5.700000, -3.700000, 1
5.850000, -3.700000, 1
6.000000, -3.700000, 1
6.150000, -3.700000, 1
6.300000, -3.700000, 1
6.450000, -3.700000, 1
6.600000, -3.700000, 1
6.750000, -3.700000, 1
6.900000, -3.700000, 1
7.050000, -3.700000, 1
7.200000, -3.700000, 1
7.350000, -3.700000, 1
7.500000, -3.700000, 1
7.650000, -3.700000, 1
7.800000, -3.700000, 1
7.950000, -3.700000, 1
8.100000, -3.700000, 1
8.250000, -3.700000, 1
8.400000, -3.700000, 1
8.550000, -3.700000, 1
8.700000, -3.700000, 1
8.850000, -3.700000, 1
9.000000, -3.700000, 1
9.150000, -3.700000, 1
9.300000, -3.700000, 1
9.450000, -3.700000, 1
9.600000, -3.700000, 1
9.750000, -3.700000, 3
9.900000, -3.700000, 0
10.050000, -3.700000, 5
10.200000, -3.700000, 1
10.350000, -3.700000, 3
10.500000, -3.700000, 3
10.650000, -3.700000, 3
10.800000, -3.700000, 3
10.950000, -3.700000, 3
11.100000, -3.700000, 8
11.250000, -3.700000, 8
11.400000, -3.700000, 3
11.550000, -3.700000, 3
11.700000, -3.700000, 3
11.850000, -3.700000, 8
12.000000, -3.700000, 8
12.150000, -3.700000, 8
12.300000, -3.700000, 7
12.450000, -3.700000, 7
12.600000, -3.700000, 7
12.750000, -3.700000, 3
12.900000, -3.700000, 3
13.050000, -3.700000, 3
13.200000, -3.700000, 3
13.350000, -3.700000, 3
13.500000, -3.700000, 1
13.650000, -3.700000, 6
13.800000, -3.700000, 6
13.950000, -3.700000, 6
14.100000, -3.700000, 6
14.250000, -3.700000, 5
14.400000, -3.700000, 5
14.550000, -3.700000, 5
14.700000, -3.700000, 5
14.850000, -3.700000, 5
-15.000000, -3.650000, 0
-14.850000, -3.650000, 0
-14.700000, -3.650000, 0
-14.550000, -3.650000, 0
-14.400000, -3.650000, 0
-14.250000, -3.650000, 0
-14.100000, -3.650000, 2
-13.950000, -3.650000, 0
-13.800000, -3.650000, 0
-13.650000, -3.650000, 0
-13.500000, -3.650000, 0
-13.350000, -3.650000, 0
-13.200000, -3.650000, 0
-13.050000, -3.650000, 0
-12.900000, -3.650000, 0
-12.750000, -3.650000, 0
-12.600000, -3.650000, 0
-12.450000, -3.650000, 0
-12.300000, -3.650000, 0
-12.150000, -3.650000, 0
-12.000000, -3.650000, 0
-11.850000, -3.650000, 0
-11.700000, -3.650000, 0
-11.550000, -3.650000, 0
-11.400000, -3.650000, 0
-11.250000, -3.650000, 0
-11.100000, -3.650000, 0
-10.950000, -3.650000, 0
-10.800000, -3.650000, 0
-10.650000, -3.650000, 0
-10.500000, -3.650000, 0
-10.350000, -3.650000, 0
-10.200000, -3.650000, 0
-10.050000, -3.650000, 0
-9.900000, -3.650000, 0
-9.750000, -3.650000, 0
-9.600000, -3.650000, 0
-9.450000, -3.650000, 0
-9.300000, -3.650000, 0
-9.150000, -3.650000, 0
-9.000000, -3.650000, 0
-8.850000, -3.650000, 0
-8.700000, -3.650000, 0
-8.550000, -3.650000, 0
-8.400000, -3.650000, 0
-8.250000, -3.650000, 0
-8.100000, -3.650000, 0
-7.950000, -3.650000, 0
-7.800000, -3.650000, 0
-7.650000, -3.650000, 0
-7.500000, -3.650000, 0
-7.350000, -3.650000, 2
-7.200000, -3.650000, 9
-7.050000, -3.650000, 2
-6.900000, -3.650000, 2
-6.750000, -3.650000, 2
-6.600000, -3.650000, 2
-6.450000, -3.650000, 2
-6.300000, -3.650000, 2
-6.150000, -3.650000, 2
-6.000000, -3.650000, 2
-5.850000, -3.650000, 2
-5.700000, -3.650000, 2
-5.550000, -3.650000, 2
-5.400000, -3.650000, 2
-5.250000, -3.650000, 2
-5.100000, -3.650000, 2
-4.950000, -3.650000, 2
-4.800000, -3.650000, 2
-4.650000, -3.650000, 2
-4.500000, -3.650000, 1
-4.350000, -3.650000, 1
-4.200000, -3.650000, 4
-4.050000, -3.650000, 4
-3.900000, -3.650000, 1
-3.750000, -3.650000, 3
-3.600000, -3.650000, 5
-3.450000, -3.650000, 1
-3.300000, -3.650000, 7
-3.150000, -3.650000, 7
-3.000000, -3.650000, 7
-2.850000, -3.650000, 7
-2.700000, -3.650000, 7
-2.550000, -3.650000, 7
-2.400000, -3.650000, 7
-2.250000, -3.650000, 7
-2.100000, -3.650000, 7
-1.950000, -3.650000, 7
-1.800000, -3.650000, 7
-1.650000, -3.650000, 7
-1.500000, -3.650000, 7
-1.350000, -3.650000, 7
-1.200000, -3.650000, 4
-1.050000, -3.650000, 1
-0.900000, -3.650000, 3
-0.750000, -3.650000, 3
-0.600000, -3.650000, 3
-0.450000, -3.650000, 3
-0.300000, -3.650000, 8
-0.150000, -3.650000, 8
-0.000000, -3.650000, 8
0.150000, -3.650000, 8
0.300000, -3.650000, 8
0.450000, -3.650000, 8
0.600000, -3.650000, 8
0.750000, -3.650000, 8
0.900000, -3.650000, 8
1.050000, -3.650000, 8
1.200000, -3.650000, 8
1.350000, -3.650000, 8
1.500000, -3.650000, 3
1.650000, -3.650000, 3
1.800000, -3.650000, 3
1.950000, -3.650000, 3
2.100000, -3.650000, 3
2.250000, -3.650000, 3
2.400000, -3.650000, 3
2.550000, -3.650000, 3
2.700000, -3.650000, 3
2.850000, -3.650000, 3
3.000000, -3.650000, 3
3.150000, -3.650000, 3
3.300000, -3.650000, 8
3.450000, -3.650000, 4
3.600000, -3.650000, 3
3.750000, -3.650000, 3
3.900000, -3.650000, 1
4.050000, -3.650000, 1
4.200000, -3.650000, 1
4.350000, -3.650000, 1
4.500000, -3.650000, 1
4.650000, -3.650000, 1
4.800000, -3.650000, 1
4.950000, -3.650000, 1
5.100000, -3.650000, 1
5.250000, -3.650000, 1
5.400000, -3.650000, 1
5.550000, -3.650000, 1
5.700000, -3.650000, 1
5.850000, -3.650000, 1
6.000000, -3.650000, 1
6.150000, -3.650000, 1
6.300000, -3.650000, 1
6.450000, -3.650000, 1
6.600000, -3.650000, 1
6.750000, -3.650000, 1
6.900000, -3.650000, 1
7.050000, -3.650000, 1
7.200000, -3.650000, 1
7.350000, -3.650000, 1
7.500000, -3.650000, 1
7.650000, -3.650000, 1
7.800000, -3.650000, 1
7.950000, -3.650000, 1
8.100000, -3.650000, 1
8.250000, -3.650000, 1
8.400000, -3.650000, 1
8.550000, -3.650000, 1
8.700000, -3.650000, 1
8.850000, -3.650000, 1
9.000000, -3.650000, 1
9.150000, -3.650000, 1
9.300000, -3.650000, 1
9.450000, -3.650000, 1
9.600000, -3.650000, 1
9.750000, -3.650000, 8
9.900000, -3.650000, 6
10.050000, -3.650000, 5
10.200000, -3.650000, 8
10.350000, -3.650000, 3
10.500000, -3.650000, 3
10.650000, -3.650000, 3
10.800000, -3.650000, 3
10.950000, -3.650000, 3
11.100000, -3.650000, 8
11.250000, -3.650000, 8
11.400000, -3.650000, 3
11.550000, -3.650000, 3
11.700000, -3.650000, 3
11.850000, -3.650000, 8
12.000000, -3.650000, 8
12.150000, -3.650000, 8
12.300000, -3.650000, 7
12.450000, -3.650000, 7
12.600000, -3.650000, 7
12.750000, -3.650000, 3
12.900000, -3.650000, 3
13.050000, -3.650000, 3
13.200000, -3.650000, 3
13.350000, -3.650000, 3
13.500000, -3.650000, 1
13.650000, -3.650000, 6
13.800000, -3.650000, 6
13.950000, -3.650000, 6
14.100000, -3.650000, 6
14.250000, -3.650000, 6
14.400000, -3.650000, 5
14.550000, -3.650000, 5
14.700000, -3.650000, 5
14.850000, -3.650000, 5
-15.000000, -3.600000, 0
-14.850000, -3.600000, 0
-14.700000, -3.600000, 0
-14.550000, -3.600000, 0
-14.400000, -3.600000, 0
-14.250000, -3.600000, 0
-14.100000, -3.600000, 2
-13.950000, -3.600000, 2
-13.800000, -3.600000, 0
-13.650000, -3.600000, 0
-13.500000, -3.600000, 0
-13.350000, -3.600000, 0
-13.200000, -3.600000, 0
-13.050000, -3.600000, 0
-12.900000, -3.600000, 0
-12.750000, -3.600000, 0
-12.600000, -3.600000, 0
-12.450000, -3.600000, 0
-12.300000, -3.600000, 0
-12.150000, -3.600000, 0
-12.000000, -3.600000, 0
-11.850000, -3.600000, 0
-11.700000, -3.600000, 0
-11.550000, -3.600000, 0
-11.400000, -3.600000, 0
-11.250000, -3.600000, 0
-11.100000, -3.600000, 0
-10.950000, -3.600000, 0
-10.800000, -3.600000, 0
-10.650000, -3.600000, 0
-10.500000, -3.600000, 0
-10.350000, -3.600000, 0
-10.200000, -3.600000, 0
-10.050000, -3.600000, 0
-9.900000, -3.600000, 0
-9.750000, -3.600000, 0
-9.600000, -3.600000, 0
-9.450000, -3.600000, 0
-9.300000, -3.600000, 0
-9.150000, -3.600000, 0
-9.000000, -3.600000, 0
-8.850000, -3.600000, 0
-8.700000, -3.600000, 0
-8.550000, -3.600000, 0
-8.400000, -3.600000, 0
-8.250000, -3.600000, 0
-8.100000, -3.600000, 0
-7.950000, -3.600000, 0
-7.800000, -3.600000, 0
-7.650000, -3.600000, 0
-7.500000, -3.600000, 0
-7.350000, -3.600000, 2
-7.200000, -3.600000, 2
-7.050000, -3.600000, 4
-6.900000, -3.600000, 2
-6.750000, -3.600000, 2
-6.600000, -3.600000, 2
-6.450000, -3.600000, 2
-6.300000, -3.600000, 2
-6.150000, -3.600000, 2
-6.000000, -3.600000, 2
-5.850000, -3.600000, 2
-5.700000, -3.600000, 2
-5.550000, -3.600000, 2
-5.400000, -3.600000, 2
-5.250000, -3.600000, 2
-5.100000, -3.600000, 2
-4.950000, -3.600000, 2
-4.800000, -3.600000, 2
-4.650000, -3.600000, 2
-4.500000, -3.600000, 2
-4.350000, -3.600000, 5
-4.200000, -3.600000, 4
-4.050000, -3.600000, 6
-3.900000, -3.600000, 3
-3.750000, -3.600000, 5
-3.600000, -3.600000, 3
-3.450000, -3.600000, 3
-3.300000, -3.600000, 7
-3.150000, -3.600000, 7
-3.000000, -3.600000, 7
-2.850000, -3.600000, 7
-2.700000, -3.600000, 7
-2.550000, -3.600000, 7
-2.400000, -3.600000, 7
-2.250000, -3.600000, 7
-2.100000, -3.600000, 7
-1.950000, -3.600000, 7
-1.800000, -3.600000, 7
-1.650000, -3.600000, 7
-1.500000, -3.600000, 7
-1.350000, -3.600000, 7
-1.200000, -3.600000, 3
-1.050000, -3.600000, 3
-0.900000, -3.600000, 3
-0.750000, -3.600000, 3
-0.600000, -3.600000, 3
-0.450000, -3.600000, 3
-0.300000, -3.600000, 8
-0.150000, -3.600000, 8
-0.000000, -3.600000, 8
0.150000, -3.600000, 8
0.300000, -3.600000, 8
0.450000, -3.600000, 8
0.600000, -3.600000, 8
0.750000, -3.600000, 8
0.900000, -3.600000, 8
1.050000, -3.600000, 8
1.200000, -3.600000, 3
1.350000, -3.600000, 3
1.500000, -3.600000, 3
1.650000, -3.600000, 3
1.800000, -3.600000, 3
1.950000, -3.600000, 3
2.100000, -3.600000, 3
2.250000, -3.600000, 3
2.400000, -3.600000, 3
2.550000, -3.600000, 3
2.700000, -3.600000, 3
2.850000, -3.600000, 3
3.000000, -3.600000, 3
3.150000, -3.600000, 3
3.300000, -3.600000, 1
3.450000, -3.600000, 4
3.600000, -3.600000, 3
3.750000, -3.600000, 1
3.900000, -3.600000, 1
4.050000, -3.600000, 1
4.200000, -3.600000, 1
4.350000, -3.600000, 1
4.500000, -3.600000, 1
4.650000, -3.600000, 1
4.800000, -3.600000, 1
4.950000, -3.600000, 1
5.100000, -3.600000, 1
5.250000, -3.600000, 1
5.400000, -3.600000, 1
5.550000, -3.600000, 1
5.700000, -3.600000, 1
5.850000, -3.600000, 1
6.000000, -3.600000, 1
6.150000, -3.600000, 1
6.300000, -3.600000, 1
6.450000, -3.600000, 1
6.600000, -3.600000, 1
6.750000, -3.600000, 1
6.900000, -3.600000, 1
7.050000, -3.600000, 1
7.200000, -3.600000, 1
7.350000, -3.600000, 1
7.500000, -3.600000, 1
7.650000, -3.600000, 1
7.800000, -3.600000, 1
7.950000, -3.600000, 1
8.100000, -3.600000, 1
8.250000, -3.600000, 1
8.400000, -3.600000, 1
8.550000, -3.600000, 1
8.700000, -3.600000, 1
8.850000, -3.600000, 1
9.000000, -3.600000, 1
9.150000, -3.600000, 1
9.300000, -3.600000, 1
9.450000, -3.600000, 1
9.600000, -3.600000, 3
9.750000, -3.600000, 8
9.900000, -3.600000, 9
10.050000, -3.600000, 9
10.200000, -3.600000, 8
10.350000, -3.600000, 3
10.500000, -3.600000, 3
10.650000, -3.600000, 3
10.800000, -3.600000, 3
10.950000, -3.600000, 3
11.100000, -3.600000, 8
11.250000, -3.600000, 8
11.400000, -3.600000, 3
11.550000, -3.600000, 3
11.700000, -3.600000, 3
11.850000, -3.600000, 3
12.000000, -3.600000, 8
12.150000, -3.600000, 8
12.300000, -3.600000, 7
12.450000, -3.600000, 7
12.600000, -3.600000, 2
12.750000, -3.600000, 2
12.900000, -3.600000, 3
13.050000, -3.600000, 3
13.200000, -3.600000, 3
13.350000, -3.600000, 3
13.500000, -3.600000, 1
13.650000, -3.600000, 6
13.800000, -3.600000, 6
13.950000, -3.600000, 6
14.100000, -3.600000, 6
14.250000, -3.600000, 6
14.400000, -3.600000, 5
14.550000, -3.600000, 5
14.700000, -3.600000, 5
14.850000, -3.600000, 5
-15.000000, -3.550000, 0
-14.850000, -3.550000, 0
-14.700000, -3.550000, 0
-14.550000, -3.550000, 0
-14.400000, -3.550000, 0
-14.250000, -3.550000, 0
-14.100000, -3.550000, 2
-13.950000, -3.550000, 2
-13.800000, -3.550000, 0
-13.650000, -3.550000, 0
-13.500000, -3.550000, 0
-13.350000, -3.550000, 0
-13.200000, -3.550000, 0
-13.050000, -3.550000, 0
-12.900000, -3.550000, 0
-12.750000, -3.550000, 0
-12.600000, -3.550000, 0
-12.450000, -3.550000, 0
-12.300000, -3.550000, 0
-12.150000, -3.550000, 0
-12.000000, -3.550000, 0
-11.850000, -3.550000, 0
-11.700000, -3.550000, 0
-11.550000, -3.550000, 0
-11.400000, -3.550000, 0
-11.250000, -3.550000, 0
-11.100000, -3.550000, 0
-10.950000, -3.550000, 0
-10.800000, -3.550000, 0
-10.650000, -3.550000, 0
-10.500000, -3.550000, 0
-10.350000, -3.550000, 0
-10.200000, -3.550000, 0
-10.050000, -3.550000, 0
-9.900000, -3.550000, 0
-9.750000, -3.550000, 0
-9.600000, -3.550000, 0
-9.450000, -3.550000, 0
-9.300000, -3.550000, 0
-9.150000, -3.550000, 0
-9.000000, -3.550000, 0
-8.850000, -3.550000, 0
-8.700000, -3.550000, 0
-8.550000, -3.550000, 0
-8.400000, -3.550000, 0
-8.250000, -3.550000, 0
-8.100000, -3.550000, 0
-7.950000, -3.550000, 0
-7.800000, -3.550000, 0
-7.650000, -3.550000, 0
-7.500000, -3.550000, 0
-7.350000, -3.550000, 0
-7.200000, -3.550000, 0
-7.050000, -3.550000, 2
-6.900000, -3.550000, 2
-6.750000, -3.550000, 2
-6.600000, -3.550000, 2
-6.450000, -3.550000, 2
-6.300000, -3.550000, 2
-6.150000, -3.550000, 2
-6.000000, -3.550000, 2
-5.850000, -3.550000, 2
-5.700000, -3.550000, 2
-5.550000, -3.550000, 2
-5.400000, -3.550000, 2
-5.250000, -3.550000, 2
-5.100000, -3.550000, 2
-4.950000, -3.550000, 2
-4.800000, -3.550000, 2
-4.650000, -3.550000, 2
-4.500000, -3.550000, 2
-4.350000, -3.550000, 3
-4.200000, -3.550000, 4
-4.050000, -3.550000, 4
-3.900000, -3.550000, 5
-3.750000, -3.550000, 1
-3.600000, -3.550000, 3
-3.450000, -3.550000, 3
-3.300000, -3.550000, 7
-3.150000, -3.550000, 7
-3.000000, -3.550000, 7
-2.850000, -3.550000, 7
-2.700000, -3.550000, 7
-2.550000, -3.550000, 7
-2.400000, -3.550000, 7
-2.250000, -3.550000, 7
-2.100000, -3.550000, 7
-1.950000, -3.550000, 7
-1.800000, -3.550000, 7
-1.650000, -3.550000, 7
-1.500000, -3.550000, 7
-1.350000, -3.550000, 7
-1.200000, -3.550000, 3
-1.050000, -3.550000, 3
-0.900000, -3.550000, 3
-0.750000, -3.550000, 3
-0.600000, -3.550000, 3
-0.450000, -3.550000, 5
-0.300000, -3.550000, 8
-0.150000, -3.550000, 8
-0.000000, -3.550000, 8
0.150000, -3.550000, 8
0.300000, -3.550000, 8
0.450000, -3.550000, 8
0.600000, -3.550000, 8
0.750000, -3.550000, 8
0.900000, -3.550000, 8
1.050000, -3.550000, 8
1.200000, -3.550000, 3
1.350000, -3.550000, 3
1.500000, -3.550000, 3
1.650000, -3.550000, 3
1.800000, -3.550000, 3
1.950000, -3.550000, 3
2.100000, -3.550000, 3
2.250000, -3.550000, 3
2.400000, -3.550000, 3
2.550000, -3.550000, 3
2.700000, -3.550000, 3
2.850000, -3.550000, 3
3.000000, -3.550000, 3
3.150000, -3.550000, 8
3.300000, -3.550000, 3
3.450000, -3.550000, 6
3.600000, -3.550000, 3
3.750000, -3.550000, 1
3.900000, -3.550000, 1
4.050000, -3.550000, 1
4.200000, -3.550000, 1
4.350000, -3.550000, 1
4.500000, -3.550000, 1
4.650000, -3.550000, 1
4.800000, -3.550000, 1
4.950000, -3.550000, 1
5.100000, -3.550000, 1
5.250000, -3.550000, 1
5.400000, -3.550000, 1
5.550000, -3.550000, 1
5.700000, -3.550000, 1
5.850000, -3.550000, 1
6.000000, -3.550000, 1
6.150000, -3.550000, 1
6.300000, -3.550000, 1
6.450000, -3.550000, 1
6.600000, -3.550000, 1
6.750000, -3.550000, 1
6.900000, -3.550000, 1
7.050000, -3.550000, 1
7.200000, -3.550000, 1
7.350000, -3.550000, 1
7.500000, -3.550000, 1
7.650000, -3.550000, 1
7.800000, -3.550000, 1
7.950000, -3.550000, 1
8.100000, -3.550000, 1
8.250000, -3.550000, 1
8.400000, -3.550000, 1
8.550000, -3.550000, 1
8.700000, -3.550000, 1
8.850000, -3.550000, 1
9.000000, -3.550000, 1
9.150000, -3.550000, 1
9.300000, -3.550000, 1
9.450000, -3.550000, 1
9.600000, -3.550000, 8
9.750000, -3.550000, 3
9.900000, -3.550000, 5
10.050000, -3.550000, 0
10.200000, -3.550000, 8
10.350000, -3.550000, 8
10.500000, -3.550000, 3
10.650000, -3.550000, 3
10.800000, -3.550000, 3
10.950000, -3.550000, 8
11.100000, -3.550000, 8
11.250000, -3.550000, 8
11.400000, -3.550000, 3
11.550000, -3.550000, 3
11.700000, -3.550000, 3
11.850000, -3.550000, 3
12.000000, -3.550000, 8
12.150000, -3.550000, 8
12.300000, -3.550000, 7
12.450000, -3.550000, 7
12.600000, -3.550000, 2
12.750000, -3.550000, 2
12.900000, -3.550000, 4
13.050000, -3.550000, 4
13.200000, -3.550000, 3
13.350000, -3.550000, 3
13.500000, -3.550000, 6
13.650000, -3.550000, 6
13.800000, -3.550000, 6
13.950000, -3.550000, 6
14.100000, -3.550000, 6
14.250000, -3.550000, 6
14.400000, -3.550000, 5
14.550000, -3.550000, 5
14.700000, -3.550000, 5
14.850000, -3.550000, 5
-15.000000, -3.500000, 0
-14.850000, -3.500000, 0
-14.700000, -3.500000, 0
-14.550000, -3.500000, 0
-14.400000, -3.500000, 0
-14.250000, -3.500000, 0
-14.100000, -3.500000, 2
-13.950000, -3.500000, 2
-13.800000, -3.500000, 2
-13.650000, -3.500000, 0
-13.500000, -3.500000, 0
-13.350000, -3.500000, 0
-13.200000, -3.500000, 0
-13.050000, -3.500000, 0
-12.900000, -3.500000, 0
-12.750000, -3.500000, 0
-12.600000, -3.500000, 0
-12.450000, -3.500000, 0
-12.300000, -3.500000, 0
-12.150000, -3.500000, 0
-12.000000, -3.500000, 0
-11.850000, -3.500000, 0
-11.700000, -3.500000, 0
-11.550000, -3.500000, 0
-11.400000, -3.500000, 0
-11.250000, -3.500000, 0
-11.100000, -3.500000, 0
-10.950000, -3.500000, 0
-10.800000, -3.500000, 0
-10.650000, -3.500000, 0
-10.500000, -3.500000, 0
-10.350000, -3.500000, 0
-10.200000, -3.500000, 0
-10.050000, -3.500000, 0
-9.900000, -3.500000, 0
-9.750000, -3.500000, 0
-9.600000, -3.500000, 0
-9.450000, -3.500000, 0
-9.300000, -3.500000, 0
-9.150000, -3.500000, 0
-9.000000, -3.500000, 0
-8.850000, -3.500000, 0
-8.700000, -3.500000, 0
-8.550000, -3.500000, 0
-8.400000, -3.500000, 0
-8.250000, -3.500000, 0
-8.100000, -3.500000, 0
-7.950000, -3.500000, 0
-7.800000, -3.500000, 0
-7.650000, -3.500000, 0
-7.500000, -3.500000, 0
-7.350000, -3.500000, 0
-7.200000, -3.500000, 0
-7.050000, -3.500000, 2
-6.900000, -3.500000, 2
-6.750000, -3.500000, 2
-6.600000, -3.500000, 2
-6.450000, -3.500000, 2
-6.300000, -3.500000, 2
-6.150000, -3.500000, 2
-6.000000, -3.500000, 2
-5.850000, -3.500000, 2
-5.700000, -3.500000, 2
-5.550000, -3.500000, 2
-5.400000, -3.500000, 2
-5.250000, -3.500000, 2
-5.100000, -3.500000, 2
-4.950000, -3.500000, 2
-4.800000, -3.500000, 2
-4.650000, -3.500000, 2
-4.500000, -3.500000, 2
-4.350000, -3.500000, 10
-4.200000, -3.500000, 9
-4.050000, -3.500000, 5
-3.900000, -3.500000, 5
-3.750000, -3.500000, 1
-3.600000, -3.500000, 3
-3.450000, -3.500000, 3
-3.300000, -3.500000, 7
-3.150000, -3.500000, 7
-3.000000, -3.500000, 7
-2.850000, -3.500000, 7
-2.700000, -3.500000, 7
-2.550000, -3.500000, 7
-2.400000, -3.500000, 7
-2.250000, -3.500000, 7
-2.100000, -3.500000, 7
-1.950000, -3.500000, 7
-1.800000, -3.500000, 7
-1.650000, -3.500000, 7
-1.500000, -3.500000, 7
-1.350000, -3.500000, 7
-1.200000, -3.500000, 3
-1.050000, -3.500000, 3
-0.900000, -3.500000, 3
-0.750000, -3.500000, 3
-0.600000, -3.500000, 3
-0.450000, -3.500000, 4
-0.300000, -3.500000, 8
-0.150000, -3.500000, 8
-0.000000, -3.500000, 8
0.150000, -3.500000, 8
0.300000, -3.500000, 8
0.450000, -3.500000, 8
0.600000, -3.500000, 8
0.750000, -3.500000, 8
0.900000, -3.500000, 8
1.050000, -3.500000, 8
1.200000, -3.500000, 3
1.350000, -3.500000, 3
1.500000, -3.500000, 3
1.650000, -3.500000, 3
1.800000, -3.500000, 3
1.950000, -3.500000, 3
2.100000, -3.500000, 3
2.250000, -3.500000, 3
2.400000, -3.500000, 3
2.550000, -3.500000, 3
2.700000, -3.500000, 3
2.850000, -3.500000, 3
3.000000, -3.500000, 3
3.150000, -3.500000, 8
3.300000, -3.500000, 3
3.450000, -3.500000, 1
3.600000, -3.500000, 1
3.750000, -3.500000, 1
3.900000, -3.500000, 1
4.050000, -3.500000, 1
4.200000, -3.500000, 1
4.350000, -3.500000, 1
4.500000, -3.500000, 1
4.650000, -3.500000, 1
4.800000, -3.500000, 1
4.950000, -3.500000, 1
5.100000, -3.500000, 1
5.250000, -3.500000, 1
5.400000, -3.500000, 1
5.550000, -3.500000, 1
5.700000, -3.500000, 1
5.850000, -3.500000, 1
6.000000, -3.500000, 1
6.150000, -3.500000, 1
6.300000, -3.500000, 1
6.450000, -3.500000, 1
6.600000, -3.500000, 1
6.750000, -3.500000, 1
6.900000, -3.500000, 1
7.050000, -3.500000, 1
7.200000, -3.500000, 1
7.350000, -3.500000, 1
7.500000, -3.500000, 1
7.650000, -3.500000, 1
7.800000, -3.500000, 1
7.950000, -3.500000, 1
8.100000, -3.500000, 1
8.250000, -3.500000, 1
8.400000, -3.500000, 1
8.550000, -3.500000, 1
8.700000, -3.500000, 1
8.850000, -3.500000, 1
9.000000, -3.500000, 1
9.150000, -3.500000, 1
9.300000, -3.500000, 1
9.450000, -3.500000, 1
9.600000, -3.500000, 3
9.750000, -3.500000, 3
9.900000, -3.500000, 1
10.050000, -3.500000, 7
10.200000, -3.500000, 8
10.350000, -3.500000, 8
10.500000, -3.500000, 3
10.650000, -3.500000, 3
10.800000, -3.500000, 3
10.950000, -3.500000, 8
11.100000, -3.500000, 8
11.250000, -3.500000, 8
11.400000, -3.500000, 3
11.550000, -3.500000, 3
11.700000, -3.500000, 1
11.850000, -3.500000, 1
12.000000, -3.500000, 8
12.150000, -3.500000, 8
12.300000, -3.500000, 7
12.450000, -3.500000, 2
12.600000, -3.500000, 2
12.750000, -3.500000, 2
12.900000, -3.500000, 4
13.050000, -3.500000, 4
13.200000, -3.500000, 4
13.350000, -3.500000, 3
13.500000, -3.500000, 4
13.650000, -3.500000, 6
13.800000, -3.500000, 6
13.950000, -3.500000, 6
14.100000, -3.500000, 6
14.250000, -3.500000, 6
14.400000, -3.500000, 5
14.550000, -3.500000, 5
14.700000, -3.500000, 5
14.850000, -3.500000, 5
-15.000000, -3.450000, 0
-14.850000, -3.450000, 0
-14.700000, -3.450000, 0
-14.550000, -3.450000, 0
-14.400000, -3.450000, 0
-14.250000, -3.450000, 0
-14.100000, -3.450000, 0
-13.950000, -3.450000, 3
-13.800000, -3.450000, 2
-13.650000, -3.450000, 0
-13.500000, -3.450000, 0
-13.350000, -3.450000, 0
-13.200000, -3.450000, 0
-13.050000, -3.450000, 0
-12.900000, -3.450000, 0
-12.750000, -3.450000, 0
-12.600000, -3.450000, 0
-12.450000, -3.450000, 0
-12.300000, -3.450000, 0
-12.150000, -3.450000, 0
-12.000000, -3.450000, 0
-11.850000, -3.450000, 0
-11.700000, -3.450000, 0
-11.550000, -3.450000, 0
-11.400000, -3.450000, 0
-11.250000, -3.450000, 0
-11.100000, -3.450000, 0
-10.950000, -3.450000, 0
-10.800000, -3.450000, 0
-10.650000, -3.450000, 0
-10.500000, -3.450000, 0
-10.350000, -3.450000, 0
-10.200000, -3.450000, 0
-10.050000, -3.450000, 0
-9.900000, -3.450000, 0
-9.750000, -3.450000, 0
-9.600000, -3.450000, 0
-9.450000, -3.450000, 0
-9.300000, -3.450000, 0
-9.150000, -3.450000, 0
-9.000000, -3.450000, 0
-8.850000, -3.450000, 0
-8.700000, -3.450000, 0
-8.550000, -3.450000, 0
-8.400000, -3.450000, 0
-8.250000, -3.450000, 0
-8.100000, -3.450000, 0
-7.950000, -3.450000, 0
-7.800000, -3.450000, 0
-7.650000, -3.450000, 0
-7.500000, -3.450000, 0
-7.350000, -3.450000, 0
-7.200000, -3.450000, 0
-7.050000, -3.450000, 2
-6.900000, -3.450000, 2
-6.750000, -3.450000, 2
-6.600000, -3.450000, 2
-6.450000, -3.450000, 2
-6.300000, -3.450000, 2
-6.150000, -3.450000, 2
-6.000000, -3.450000, 2
-5.850000, -3.450000, 2
-5.700000, -3.450000, 2
-5.550000, -3.450000, 2
-5.400000, -3.450000, 2
-5.250000, -3.450000, 2
-5.100000, -3.450000, 2
-4.950000, -3.450000, 2
-4.800000, -3.450000, 2
-4.650000, -3.450000, 2
-4.500000, -3.450000, 2
-4.350000, -3.450000, 2
-4.200000, -3.450000, 0
-4.050000, -3.450000, 1
-3.900000, -3.450000, 10
-3.750000, -3.450000, 8
-3.600000, -3.450000, 3
-3.450000, -3.450000, 3
-3.300000, -3.450000, 7
-3.150000, -3.450000, 7
-3.000000, -3.450000, 7
-2.850000, -3.450000, 7
-2.700000, -3.450000, 7
-2.550000, -3.450000, 7
-2.400000, -3.450000, 7
-2.250000, -3.450000, 7
-2.100000, -3.450000, 7
-1.950000, -3.450000, 7
-1.800000, -3.450000, 7
-1.650000, -3.450000, 7
-1.500000, -3.450000, 7
-1.350000, -3.450000, 7
-1.200000, -3.450000, 4
-1.050000, -3.450000, 9
-0.900000, -3.450000, 3
-0.750000, -3.450000, 3
-0.600000, -3.450000, 3
-0.450000, -3.450000, 3
-0.300000, -3.450000, 8
-0.150000, -3.450000, 8
-0.000000, -3.450000, 8
0.150000, -3.450000, 8
0.300000, -3.450000, 8
0.450000, -3.450000, 8
0.600000, -3.450000, 8
0.750000, -3.450000, 8
0.900000, -3.450000, 8
1.050000, -3.450000, 8
1.200000, -3.450000, 3
1.350000, -3.450000, 3
1.500000, -3.450000, 3
1.650000, -3.450000, 3
1.800000, -3.450000, 3
1.950000, -3.450000, 3
2.100000, -3.450000, 3
2.250000, -3.450000, 3
2.400000, -3.450000, 3
2.550000, -3.450000, 3
2.700000, -3.450000, 3
2.850000, -3.450000, 3
3.000000, -3.450000, 3
3.150000, -3.450000, 8
3.300000, -3.450000, 8
3.450000, -3.450000, 1
3.600000, -3.450000, 1
3.750000, -3.450000, 1
3.900000, -3.450000, 1
4.050000, -3.450000, 1
4.200000, -3.450000, 1
4.350000, -3.450000, 1
4.500000, -3.450000, 1
4.650000, -3.450000, 1
4.800000, -3.450000, 1
4.950000, -3.450000, 1
5.100000, -3.450000, 1
5.250000, -3.450000, 1
5.400000, -3.450000, 1
5.550000, -3.450000, 1
5.700000, -3.450000, 1
5.850000, -3.450000, 1
6.000000, -3.450000, 1
6.150000, -3.450000, 1
6.300000, -3.450000, 1
6.450000, -3.450000, 1
6.600000, -3.450000, 1
6.750000, -3.450000, 1
6.900000, -3.450000, 1
7.050000, -3.450000, 1
7.200000, -3.450000, 1
7.350000, -3.450000, 1
7.500000, -3.450000, 1
7.650000, -3.450000, 1
7.800000, -3.450000, 1
7.950000, -3.450000, 1
8.100000, -3.450000, 1
8.250000, -3.450000, 1
8.400000, -3.450000, 1
8.550000, -3.450000, 1
8.700000, -3.450000, 1
8.850000, -3.450000, 1
9.000000, -3.450000, 0
9.150000, -3.450000, 6
9.300000, -3.450000, 1
9.450000, -3.450000, 3
9.600000, -3.450000, 3
9.750000, -3.450000, 3
9.900000, -3.450000, 3
10.050000, -3.450000, 2
10.200000, -3.450000, 8
10.350000, -3.450000, 8
10.500000, -3.450000, 3
10.650000, -3.450000, 3
10.800000, -3.450000, 3
10.950000, -3.450000, 8
11.100000, -3.450000, 8
11.250000, -3.450000, 8
11.400000, -3.450000, 3
11.550000, -3.450000, 3
11.700000, -3.450000, 1
11.850000, -3.450000, 1
12.000000, -3.450000, 8
12.150000, -3.450000, 7
12.300000, -3.450000, 7
12.450000, -3.450000, 2
12.600000, -3.450000, 2
12.750000, -3.450000, 2
12.900000, -3.450000, 4
13.050000, -3.450000, 4
13.200000, -3.450000, 4
13.350000, -3.450000, 4
13.500000, -3.450000, 4
13.650000, -3.450000, 4
13.800000, -3.450000, 6
13.950000, -3.450000, 6
14.100000, -3.450000, 6
14.250000, -3.450000, 6
14.400000, -3.450000, 5
14.550000, -3.450000, 5
14.700000, -3.450000, 5
14.850000, -3.450000, 5
-15.000000, -3.400000, 11
-14.850000, -3.400000, 7
-14.700000, -3.400000, 0
-14.550000, -3.400000, 0
-14.400000, -3.400000, 0
-14.250000, -3.400000, 0
-14.100000, -3.400000, 0
-13.950000, -3.400000, 7
-13.800000, -3.400000, 2
-13.650000, -3.400000, 0
-13.500000, -3.400000, 0
-13.350000, -3.400000, 0
-13.200000, -3.400000, 0
-13.050000, -3.400000, 0
-12.900000, -3.400000, 0
-12.750000, -3.400000, 0
-12.600000, -3.400000, 0
-12.450000, -3.400000, 0
-12.300000, -3.400000, 0
-12.150000, -3.400000, 0
-12.000000, -3.400000, 0
-11.850000, -3.400000, 0
-11.700000, -3.400000, 0
-11.550000, -3.400000, 0
-11.400000, -3.400000, 0
-11.250000, -3.400000, 0
-11.100000, -3.400000, 0
-10.950000, -3.400000, 0
-10.800000, -3.400000, 0
-10.650000, -3.400000, 0
-10.500000, -3.400000, 0
-10.350000, -3.400000, 0
-10.200000, -3.400000, 0
-10.050000, -3.400000, 0
-9.900000, -3.400000, 0
-9.750000, -3.400000, 0
-9.600000, -3.400000, 0
-9.450000, -3.400000, 0
-9.300000, -3.400000, 0
-9.150000, -3.400000, 0
-9.000000, -3.400000, 0
-8.850000, -3.400000, 0
-8.700000, -3.400000, 0
-8.550000, -3.400000, 0
-8.400000, -3.400000, 0
-8.250000, -3.400000, 0
-8.100000, -3.400000, 0
-7.950000, -3.400000, 0
-7.800000, -3.400000, 0
-7.650000, -3.400000, 0
-7.500000, -3.400000, 0
-7.350000, -3.400000, 0
-7.200000, -3.400000, 0
-7.050000, -3.400000, 4
-6.900000, -3.400000, 2
-6.750000, -3.400000, 2
-6.600000, -3.400000, 2
-6.450000, -3.400000, 2
-6.300000, -3.400000, 2
-6.150000, -3.400000, 2
-6.000000, -3.400000, 2
-5.850000, -3.400000, 2
-5.700000, -3.400000, 2
-5.550000, -3.400000, 2
-5.400000, -3.400000, 2
-5.250000, -3.400000, 2
-5.100000, -3.400000, 2
-4.950000, -3.400000, 2
-4.800000, -3.400000, 2
-4.650000, -3.400000, 2
-4.500000, -3.400000, 2
-4.350000, -3.400000, 2
-4.200000, -3.400000, 2
-4.050000, -3.400000, 1
-3.900000, -3.400000, 6
-3.750000, -3.400000, 2
-3.600000, -3.400000, 3
-3.450000, -3.400000, 3
-3.300000, -3.400000, 2
-3.150000, -3.400000, 7
-3.000000, -3.400000, 7
-2.850000, -3.400000, 7
-2.700000, -3.400000, 7
-2.550000, -3.400000, 7
-2.400000, -3.400000, 7
-2.250000, -3.400000, 7
-2.100000, -3.400000, 7
-1.950000, -3.400000, 7
-1.800000, -3.400000, 7
-1.650000, -3.400000, 7
-1.500000, -3.400000, 7
-1.350000, -3.400000, 7
-1.200000, -3.400000, 2
-1.050000, -3.400000, 10
-0.900000, -3.400000, 3
-0.750000, -3.400000, 3
-0.600000, -3.400000, 3
-0.450000, -3.400000, 3
-0.300000, -3.400000, 8
-0.150000, -3.400000, 8
-0.000000, -3.400000, 8
0.150000, -3.400000, 8
0.300000, -3.400000, 8
0.450000, -3.400000, 8
0.600000, -3.400000, 8
0.750000, -3.400000, 8
0.900000, -3.400000, 8
1.050000, -3.400000, 8
1.200000, -3.400000, 1
1.350000, -3.400000, 3
1.500000, -3.400000, 3
1.650000, -3.400000, 3
1.800000, -3.400000, 3
1.950000, -3.400000, 3
2.100000, -3.400000, 3
2.250000, -3.400000, 3
2.400000, -3.400000, 3
2.550000, -3.400000, 3
2.700000, -3.400000, 3
2.850000, -3.400000, 3
3.000000, -3.400000, 3
3.150000, -3.400000, 8
3.300000, -3.400000, 3
3.450000, -3.400000, 1
3.600000, -3.400000, 1
3.750000, -3.400000, 1
3.900000, -3.400000, 1
4.050000, -3.400000, 1
4.200000, -3.400000, 1
4.350000, -3.400000, 1
4.500000, -3.400000, 1
4.650000, -3.400000, 1
4.800000, -3.400000, 1
4.950000, -3.400000, 1
5.100000, -3.400000, 1
5.250000, -3.400000, 1
5.400000, -3.400000, 1
5.550000, -3.400000, 1
5.700000, -3.400000, 1
5.850000, -3.400000, 1
6.000000, -3.400000, 1
6.150000, -3.400000, 1
6.300000, -3.400000, 1
6.450000, -3.400000, 1
6.600000, -3.400000, 1
6.750000, -3.400000, 1
6.900000, -3.400000, 1
7.050000, -3.400000, 1
7.200000, -3.400000, 1
7.350000, -3.400000, 1
7.500000, -3.400000, 1
7.650000, -3.400000, 1
7.800000, -3.400000, 1
7.950000, -3.400000, 1
8.100000, -3.400000, 1
8.250000, -3.400000, 1
8.400000, -3.400000, 1
8.550000, -3.400000, 1
8.700000, -3.400000, 1
8.850000, -3.400000, 1
9.000000, -3.400000, 3
9.150000, -3.400000, 5
9.300000, -3.400000, 1
9.450000, -3.400000, 3
9.600000, -3.400000, 3
9.750000, -3.400000, 3
9.900000, -3.400000, 3
10.050000, -3.400000, 3
10.200000, -3.400000, 8
10.350000, -3.400000, 8
10.500000, -3.400000, 3
10.650000, -3.400000, 3
10.800000, -3.400000, 3
10.950000, -3.400000, 8
11.100000, -3.400000, 8
11.250000, -3.400000, 7
11.400000, -3.400000, 3
11.550000, -3.400000, 3
11.700000, -3.400000, 1
11.850000, -3.400000, 1
12.000000, -3.400000, 8
12.150000, -3.400000, 7
12.300000, -3.400000, 0
12.450000, -3.400000, 0
12.600000, -3.400000, 2
12.750000, -3.400000, 4
12.900000, -3.400000, 4
13.050000, -3.400000, 4
13.200000, -3.400000, 4
13.350000, -3.400000, 4
13.500000, -3.400000, 4
13.650000, -3.400000, 4
13.800000, -3.400000, 4
13.950000, -3.400000, 6
14.100000, -3.400000, 6
14.250000, -3.400000, 6
14.400000, -3.400000, 5
14.550000, -3.400000, 5
14.700000, -3.400000, 5
14.850000, -3.400000, 5
-15.000000, -3.350000, 11
-14.850000, -3.350000, 11
-14.700000, -3.350000, 0
-14.550000, -3.350000, 0
-14.400000, -3.350000, 0
-14.250000, -3.350000, 0
-14.100000, -3.350000, 0
-13.950000, -3.350000, 0
-13.800000, -3.350000, 0
-13.650000, -3.350000, 0
-13.500000, -3.350000, 0
-13.350000, -3.350000, 0
-13.200000, -3.350000, 0
-13.050000, -3.350000, 0
-12.900000, -3.350000, 0
-12.750000, -3.350000, 0
-12.600000, -3.350000, 0
-12.450000, -3.350000, 0
-12.300000, -3.350000, 0
-12.150000, -3.350000, 0
-12.000000, -3.350000, 0
-11.850000, -3.350000, 0
-11.700000, -3.350000, 0
-11.550000, -3.350000, 0
-11.400000, -3.350000, 0
-11.250000, -3.350000, 0
-11.100000, -3.350000, 0
-10.950000, -3.350000, 0
-10.800000, -3.350000, 0
-10.650000, -3.350000, 0
-10.500000, -3.350000, 0
-10.350000, -3.350000, 0
-10.200000, -3.350000, 0
-10.050000, -3.350000, 0
-9.900000, -3.350000, 0
-9.750000, -3.350000, 0
-9.600000, -3.350000, 0
-9.450000, -3.350000, 0
-9.300000, -3.350000, 0
-9.150000, -3.350000, 0
-9.000000, -3.350000, 0
-8.850000, -3.350000, 0
-8.700000, -3.350000, 0
-8.550000, -3.350000, 0
-8.400000, -3.350000, 0
-8.250000, -3.350000, 0
-8.100000, -3.350000, 0
-7.950000, -3.350000, 0
-7.800000, -3.350000, 0
-7.650000, -3.350000, 0
-7.500000, -3.350000, 0
-7.350000, -3.350000, 0
-7.200000, -3.350000, 0
-7.050000, -3.350000, 0
-6.900000, -3.350000, 10
-6.750000, -3.350000, 2
-6.600000, -3.350000, 6
-6.450000, -3.350000, 2
-6.300000, -3.350000, 2
-6.150000, -3.350000, 2
-6.000000, -3.350000, 2
-5.850000, -3.350000, 2
-5.700000, -3.350000, 2
-5.550000, -3.350000, 2
-5.400000, -3.350000, 2
-5.250000, -3.350000, 2
-5.100000, -3.350000, 2
-4.950000, -3.350000, 2
-4.800000, -3.350000, 2
-4.650000, -3.350000, 2
-4.500000, -3.350000, 2
-4.350000, -3.350000, 2
-4.200000, -3.350000, 2
-4.050000, -3.350000, 3
-3.900000, -3.350000, 4
-3.750000, -3.350000, 5
-3.600000, -3.350000, 1
-3.450000, -3.350000, 8
-3.300000, -3.350000, 2
-3.150000, -3.350000, 7
-3.000000, -3.350000, 7
-2.850000, -3.350000, 7
-2.700000, -3.350000, 7
-2.550000, -3.350000, 7
-2.400000, -3.350000, 7
-2.250000, -3.350000, 7
-2.100000, -3.350000, 7
-1.950000, -3.350000, 7
-1.800000, -3.350000, 7
-1.650000, -3.350000, 7
-1.500000, -3.350000, 7
-1.350000, -3.350000, 7
-1.200000, -3.350000, 2
-1.050000, -3.350000, 4
-0.900000, -3.350000, 3
-0.750000, -3.350000, 3
-0.600000, -3.350000, 3
-0.450000, -3.350000, 3
-0.300000, -3.350000, 8
-0.150000, -3.350000, 8
-0.000000, -3.350000, 8
0.150000, -3.350000, 8
0.300000, -3.350000, 8
0.450000, -3.350000, 8
0.600000, -3.350000, 8
0.750000, -3.350000, 8
0.900000, -3.350000, 8
1.050000, -3.350000, 8
1.200000, -3.350000, 5
1.350000, -3.350000, 3
1.500000, -3.350000, 3
1.650000, -3.350000, 3
1.800000, -3.350000, 3
1.950000, -3.350000, 3
2.100000, -3.350000, 3
2.250000, -3.350000, 3
2.400000, -3.350000, 3
2.550000, -3.350000, 3
2.700000, -3.350000, 3
2.850000, -3.350000, 3
3.000000, -3.350000, 3
3.150000, -3.350000, 10
3.300000, -3.350000, 3
3.450000, -3.350000, 1
3.600000, -3.350000, 1
3.750000, -3.350000, 1
3.900000, -3.350000, 1
4.050000, -3.350000, 1
4.200000, -3.350000, 1
4.350000, -3.350000, 1
4.500000, -3.350000, 1
4.650000, -3.350000, 1
4.800000, -3.350000, 1
4.950000, -3.350000, 1
5.100000, -3.350000, 1
5.250000, -3.350000, 1
5.400000, -3.350000, 1
5.550000, -3.350000, 1
5.700000, -3.350000, 1
5.850000, -3.350000, 1
6.000000, -3.350000, 1
6.150000, -3.350000, 1
6.300000, -3.350000, 1
6.450000, -3.350000, 1
6.600000, -3.350000, 1
6.750000, -3.350000, 1
6.900000, -3.350000, 1
7.050000, -3.350000, 1
7.200000, -3.350000, 1
7.350000, -3.350000, 1
7.500000, -3.350000, 1
7.650000, -3.350000, 1
7.800000, -3.350000, 1
7.950000, -3.350000, 1
8.100000, -3.350000, 1
8.250000, -3.350000, 1
8.400000, -3.350000, 1
8.550000, -3.350000, 1
8.700000, -3.350000, 1
8.850000, -3.350000, 5
9.000000, -3.350000, 3
9.150000, -3.350000, 6
9.300000, -3.350000, 1
9.450000, -3.350000, 3
9.600000, -3.350000, 3
9.750000, -3.350000, 3
9.900000, -3.350000, 3
10.050000, -3.350000, 3
10.200000, -3.350000, 8
10.350000, -3.350000, 3
10.500000, -3.350000, 3
10.650000, -3.350000, 3
10.800000, -3.350000, 3
10.950000, -3.350000, 8
11.100000, -3.350000, 8
11.250000, -3.350000, 7
11.400000, -3.350000, 6
11.550000, -3.350000, 6
11.700000, -3.350000, 5
11.850000, -3.350000, 5
12.000000, -3.350000, 1
12.150000, -3.350000, 7
12.300000, -3.350000, 0
12.450000, -3.350000, 0
12.600000, -3.350000, 9
12.750000, -3.350000, 4
12.900000, -3.350000, 4
13.050000, -3.350000, 4
13.200000, -3.350000, 4
13.350000, -3.350000, 1
13.500000, -3.350000, 3
13.650000, -3.350000, 4
13.800000, -3.350000, 4
13.950000, -3.350000, 6
14.100000, -3.350000, 6
14.250000, -3.350000, 6
14.400000, -3.350000, 5
14.550000, -3.350000, 5
14.700000, -3.350000, 5
14.850000, -3.350000, 5
-15.000000, -3.300000, 11
-14.850000, -3.300000, 11
-14.700000, -3.300000, 11
-14.550000, -3.300000, 11
-14.400000, -3.300000, 11
-14.250000, -3.300000, 0
-14.100000, -3.300000, 11
-13.950000, -3.300000, 0
-13.800000, -3.300000, 0
-13.650000, -3.300000, 0
-13.500000, -3.300000, 0
-13.350000, -3.300000, 0
-13.200000, -3.300000, 0
-13.050000, -3.300000, 2
-12.900000, -3.300000, 2
-12.750000, -3.300000, 0
-12.600000, -3.300000, 0
-12.450000, -3.300000, 0
-12.300000, -3.300000, 0
-12.150000, -3.300000, 0
-12.000000, -3.300000, 0
-11.850000, -3.300000, 0
-11.700000, -3.300000, 0
-11.550000, -3.300000, 0
-11.400000, -3.300000, 0
-11.250000, -3.300000, 0
-11.100000, -3.300000, 0
-10.950000, -3.300000, 0
-10.800000, -3.300000, 0
-10.650000, -3.300000, 0
-10.500000, -3.300000, 0
-10.350000, -3.300000, 0
-10.200000, -3.300000, 0
-10.050000, -3.300000, 0
-9.900000, -3.300000, 0
-9.750000, -3.300000, 0
-9.600000, -3.300000, 0
-9.450000, -3.300000, 0
-9.300000, -3.300000, 0
-9.150000, -3.300000, 0
-9.000000, -3.300000, 0
-8.850000, -3.300000, 0
-8.700000, -3.300000, 0
-8.550000, -3.300000, 0
-8.400000, -3.300000, 0
-8.250000, -3.300000, 0
-8.100000, -3.300000, 0
-7.950000, -3.300000, 0
-7.800000, -3.300000, 0
-7.650000, -3.300000, 0
-7.500000, -3.300000, 0
-7.350000, -3.300000, 0
-7.200000, -3.300000, 0
-7.050000, -3.300000, 0
-6.900000, -3.300000, 2
-6.750000, -3.300000, 2
-6.600000, -3.300000, 1
-6.450000, -3.300000, 2
-6.300000, -3.300000, 2
-6.150000, -3.300000, 2
-6.000000, -3.300000, 2
-5.850000, -3.300000, 2
-5.700000, -3.300000, 2
-5.550000, -3.300000, 2
-5.400000, -3.300000, 2
-5.250000, -3.300000, 2
-5.100000, -3.300000, 2
-4.950000, -3.300000, 2
-4.800000, -3.300000, 2
-4.650000, -3.300000, 2
-4.500000, -3.300000, 2
-4.350000, -3.300000, 2
-4.200000, -3.300000, 2
-4.050000, -3.300000, 7
-3.900000, -3.300000, 4
-3.750000, -3.300000, 4
-3.600000, -3.300000, 1
-3.450000, -3.300000, 3
-3.300000, -3.300000, 4
-3.150000, -3.300000, 3
-3.000000, -3.300000, 7
-2.850000, -3.300000, 7
-2.700000, -3.300000, 7
-2.550000, -3.300000, 7
-2.400000, -3.300000, 7
-2.250000, -3.300000, 7
-2.100000, -3.300000, 7
-1.950000, -3.300000, 7
-1.800000, -3.300000, 7
-1.650000, -3.300000, 7
-1.500000, -3.300000, 7
-1.350000, -3.300000, 7
-1.200000, -3.300000, 7
-1.050000, -3.300000, 1
-0.900000, -3.300000, 3
-0.750000, -3.300000, 3
-0.600000, -3.300000, 3
-0.450000, -3.300000, 3
-0.300000, -3.300000, 8
-0.150000, -3.300000, 8
-0.000000, -3.300000, 8
0.150000, -3.300000, 8
0.300000, -3.300000, 8
0.450000, -3.300000, 8
0.600000, -3.300000, 8
0.750000, -3.300000, 8
0.900000, -3.300000, 8
1.050000, -3.300000, 8
1.200000, -3.300000, 3
1.350000, -3.300000, 3
1.500000, -3.300000, 3
1.650000, -3.300000, 3
1.800000, -3.300000, 3
1.950000, -3.300000, 3
2.100000, -3.300000, 3
2.250000, -3.300000, 3
2.400000, -3.300000, 3
2.550000, -3.300000, 3
2.700000, -3.300000, 3
2.850000, -3.300000, 3
3.000000, -3.300000, 3
3.150000, -3.300000, 4
3.300000, -3.300000, 3
3.450000, -3.300000, 1
3.600000, -3.300000, 1
3.750000, -3.300000, 1
3.900000, -3.300000, 1
4.050000, -3.300000, 1
4.200000, -3.300000, 1
4.350000, -3.300000, 1
4.500000, -3.300000, 1
4.650000, -3.300000, 1
4.800000, -3.300000, 1
4.950000, -3.300000, 1
5.100000, -3.300000, 1
5.250000, -3.300000, 1
5.400000, -3.300000, 1
5.550000, -3.300000, 1
5.700000, -3.300000, 1
5.850000, -3.300000, 1
6.000000, -3.300000, 1
6.150000, -3.300000, 1
6.300000, -3.300000, 1
6.450000, -3.300000, 1
6.600000, -3.300000, 1
6.750000, -3.300000, 1
6.900000, -3.300000, 1
7.050000, -3.300000, 1
7.200000, -3.300000, 1
7.350000, -3.300000, 1
7.500000, -3.300000, 1
7.650000, -3.300000, 1
7.800000, -3.300000, 1
7.950000, -3.300000, 1
8.100000, -3.300000, 1
8.250000, -3.300000, 1
8.400000, -3.300000, 1
8.550000, -3.300000, 1
8.700000, -3.300000, 1
8.850000, -3.300000, 6
9.000000, -3.300000, 3
9.150000, -3.300000, 10
9.300000, -3.300000, 8
9.450000, -3.300000, 3
9.600000, -3.300000, 3
9.750000, -3.300000, 3
9.900000, -3.300000, 3
10.050000, -3.300000, 3
10.200000, -3.300000, 8
10.350000, -3.300000, 3
10.500000, -3.300000, 3
10.650000, -3.300000, 3
10.800000, -3.300000, 3
10.950000, -3.300000, 8
11.100000, -3.300000, 8
11.250000, -3.300000, 7
11.400000, -3.300000, 8
11.550000, -3.300000, 4
11.700000, -3.300000, 5
11.850000, -3.300000, 5
12.000000, -3.300000, 5
12.150000, -3.300000, 11
12.300000, -3.300000, 0
12.450000, -3.300000, 0
12.600000, -3.300000, 9
12.750000, -3.300000, 4
12.900000, -3.300000, 4
13.050000, -3.300000, 4
13.200000, -3.300000, 6
13.350000, -3.300000, 1
13.500000, -3.300000, 3
13.650000, -3.300000, 4
13.800000, -3.300000, 4
13.950000, -3.300000, 6
14.100000, -3.300000, 6
14.250000, -3.300000, 6
14.400000, -3.300000, 5
14.550000, -3.300000, 5
14.700000, -3.300000, 5
14.850000, -3.300000, 5
-15.000000, -3.250000, 11
-14.850000, -3.250000, 11
-14.700000, -3.250000, 11
-14.550000, -3.250000, 11
-14.400000, -3.250000, 11
-14.250000, -3.250000, 11
-14.100000, -3.250000, 11
-13.950000, -3.250000, 0
-13.800000, -3.250000, 0
-13.650000, -3.250000, 0
-13.500000, -3.250000, 0
-13.350000, -3.250000, 0
-13.200000, -3.250000, 0
-13.050000, -3.250000, 2
-12.900000, -3.250000, 5
-12.750000, -3.250000, 0
-12.600000, -3.250000, 0
-12.450000, -3.250000, 0
-12.300000, -3.250000, 0
-12.150000, -3.250000, 0
-12.000000, -3.250000, 0
-11.850000, -3.250000, 0
-11.700000, -3.250000, 0
-11.550000, -3.250000, 0
-11.400000, -3.250000, 0
-11.250000, -3.250000, 0
-11.100000, -3.250000, 0
-10.950000, -3.250000, 0
-10.800000, -3.250000, 0
-10.650000, -3.250000, 0
-10.500000, -3.250000, 0
-10.350000, -3.250000, 0
-10.200000, -3.250000, 0
-10.050000, -3.250000, 0
-9.900000, -3.250000, 0
-9.750000, -3.250000, 0
-9.600000, -3.250000, 0
-9.450000, -3.250000, 0
-9.300000, -3.250000, 0
-9.150000, -3.250000, 0
-9.000000, -3.250000, 0
-8.850000, -3.250000, 0
-8.700000, -3.250000, 0
-8.550000, -3.250000, 0
-8.400000, -3.250000, 0
-8.250000, -3.250000, 0
-8.100000, -3.250000, 0
-7.950000, -3.250000, 0
-7.800000, -3.250000, 0
-7.650000, -3.250000, 0
-7.500000, -3.250000, 0
-7.350000, -3.250000, 0
-7.200000, -3.250000, 0
-7.050000, -3.250000, 0
-6.900000, -3.250000, 0
-6.750000, -3.250000, 0
-6.600000, -3.250000, 5
-6.450000, -3.250000, 2
-6.300000, -3.250000, 2
-6.150000, -3.250000, 2
-6.000000, -3.250000, 2
-5.850000, -3.250000, 2
-5.700000, -3.250000, 2
-5.550000, -3.250000, 2
-5.400000, -3.250000, 2
-5.250000, -3.250000, 2
-5.100000, -3.250000, 2
-4.950000, -3.250000, 2
-4.800000, -3.250000, 2
-4.650000, -3.250000, 2
-4.500000, -3.250000, 2
-4.350000, -3.250000, 2
-4.200000, -3.250000, 2
-4.050000, -3.250000, 1
-3.900000, -3.250000, 4
-3.750000, -3.250000, 6
-3.600000, -3.250000, 3
-3.450000, -3.250000, 4
-3.300000, -3.250000, 8
-3.150000, -3.250000, 7
-3.000000, -3.250000, 7
-2.850000, -3.250000, 7
-2.700000, -3.250000, 7
-2.550000, -3.250000, 7
-2.400000, -3.250000, 7
-2.250000, -3.250000, 7
-2.100000, -3.250000, 7
-1.950000, -3.250000, 7
-1.800000, -3.250000, 7
-1.650000, -3.250000, 7
-1.500000, -3.250000, 7
-1.350000, -3.250000, 7
-1.200000, -3.250000, 8
-1.050000, -3.250000, 10
-0.900000, -3.250000, 3
-0.750000, -3.250000, 3
-0.600000, -3.250000, 3
-0.450000, -3.250000, 0
-0.300000, -3.250000, 8
-0.150000, -3.250000, 8
-0.000000, -3.250000, 8
0.150000, -3.250000, 8
0.300000, -3.250000, 8
0.450000, -3.250000, 8
0.600000, -3.250000, 8
0.750000, -3.250000, 8
0.900000, -3.250000, 8
1.050000, -3.250000, 3
1.200000, -3.250000, 3
1.350000, -3.250000, 3
1.500000, -3.250000, 3
1.650000, -3.250000, 3
1.800000, -3.250000, 3
1.950000, -3.250000, 3
2.100000, -3.250000, 3
2.250000, -3.250000, 3
2.400000, -3.250000, 3
2.550000, -3.250000, 3
2.700000, -3.250000, 3
2.850000, -3.250000, 3
3.000000, -3.250000, 3
3.150000, -3.250000, 6
3.300000, -3.250000, 3
3.450000, -3.250000, 1
3.600000, -3.250000, 1
3.750000, -3.250000, 1
3.900000, -3.250000, 1
4.050000, -3.250000, 1
4.200000, -3.250000, 1
4.350000, -3.250000, 1
4.500000, -3.250000, 1
4.650000, -3.250000, 1
4.800000, -3.250000, 1
4.950000, -3.250000, 1
5.100000, -3.250000, 1
5.250000, -3.250000, 1
5.400000, -3.250000, 1
5.550000, -3.250000, 1
5.700000, -3.250000, 1
5.850000, -3.250000, 1
6.000000, -3.250000, 1
6.150000, -3.250000, 1
6.300000, -3.250000, 1
6.450000, -3.250000, 1
6.600000, -3.250000, 1
6.750000, -3.250000, 1
6.900000, -3.250000, 1
7.050000, -3.250000, 1
7.200000, -3.250000, 1
7.350000, -3.250000, 1
7.500000, -3.250000, 1
7.650000, -3.250000, 1
7.800000, -3.250000, 1
7.950000, -3.250000, 1
8.100000, -3.250000, 1
8.250000, -3.250000, 1
8.400000, -3.250000, 1
8.550000, -3.250000, 1
8.700000, -3.250000, 10
8.850000, -3.250000, 1
9.000000, -3.250000, 8
9.150000, -3.250000, 4
9.300000, -3.250000, 8
9.450000, -3.250000, 8
9.600000, -3.250000, 3
9.750000, -3.250000, 3
9.900000, -3.250000, 3
10.050000, -3.250000, 8
10.200000, -3.250000, 8
10.350000, -3.250000, 3
10.500000, -3.250000, 3
10.650000, -3.250000, 3
10.800000, -3.250000, 3
10.950000, -3.250000, 8
11.100000, -3.250000, 8
11.250000, -3.250000, 7
11.400000, -3.250000, 7
11.550000, -3.250000, 10
11.700000, -3.250000, 5
11.850000, -3.250000, 5
12.000000, -3.250000, 5
12.150000, -3.250000, 11
12.300000, -3.250000, 11
12.450000, -3.250000, 0
12.600000, -3.250000, 9
12.750000, -3.250000, 4
12.900000, -3.250000, 4
13.050000, -3.250000, 4
13.200000, -3.250000, 6
13.350000, -3.250000, 1
13.500000, -3.250000, 3
13.650000, -3.250000, 4
13.800000, -3.250000, 4
13.950000, -3.250000, 6
14.100000, -3.250000, 6
14.250000, -3.250000, 6
14.400000, -3.250000, 5
14.550000, -3.250000, 5
14.700000, -3.250000, 5
14.850000, -3.250000, 5
-15.000000, -3.200000, 11
-14.850000, -3.200000, 11
-14.700000, -3.200000, 11
-14.550000, -3.200000, 11
-14.400000, -3.200000, 11
-14.250000, -3.200000, 11
-14.100000, -3.200000, 11
-13.950000, -3.200000, 11
-13.800000, -3.200000, 0
-13.650000, -3.200000, 0
-13.500000, -3.200000, 0
-13.350000, -3.200000, 0
-13.200000, -3.200000, 0
-13.050000, -3.200000, 2
-12.900000, -3.200000, 4
-12.750000, -3.200000, 2
-12.600000, -3.200000, 0
-12.450000, -3.200000, 0
-12.300000, -3.200000, 0
-12.150000, -3.200000, 0
-12.000000, -3.200000, 0
-11.850000, -3.200000, 0
-11.700000, -3.200000, 0
-11.550000, -3.200000, 0
-11.400000, -3.200000, 0
-11.250000, -3.200000, 0
-11.100000, -3.200000, 0
-10.950000, -3.200000, 0
-10.800000, -3.200000, 0
-10.650000, -3.200000, 0
-10.500000, -3.200000, 0
-10.350000, -3.200000, 0
-10.200000, -3.200000, 0
-10.050000, -3.200000, 0
-9.900000, -3.200000, 0
-9.750000, -3.200000, 0
-9.600000, -3.200000, 0
-9.450000, -3.200000, 0
-9.300000, -3.200000, 0
-9.150000, -3.200000, 0
-9.000000, -3.200000, 0
-8.850000, -3.200000, 0
-8.700000, -3.200000, 0
-8.550000, -3.200000, 0
-8.400000, -3.200000, 0
-8.250000, -3.200000, 0
-8.100000, -3.200000, 0
-7.950000, -3.200000, 0
-7.800000, -3.200000, 0
-7.650000, -3.200000, 0
-7.500000, -3.200000, 0
-7.350000, -3.200000, 0
-7.200000, -3.200000, 0
-7.050000, -3.200000, 0
-6.900000, -3.200000, 0
-6.750000, -3.200000, 0
-6.600000, -3.200000, 2
-6.450000, -3.200000, 2
-6.300000, -3.200000, 2
-6.150000, -3.200000, 2
-6.000000, -3.200000, 2
-5.850000, -3.200000, 2
-5.700000, -3.200000, 2
-5.550000, -3.200000, 2
-5.400000, -3.200000, 2
-5.250000, -3.200000, 2
-5.100000, -3.200000, 2
-4.950000, -3.200000, 2
-4.800000, -3.200000, 2
-4.650000, -3.200000, 2
-4.500000, -3.200000, 2
-4.350000, -3.200000, 2
-4.200000, -3.200000, 2
-4.050000, -3.200000, 1
-3.900000, -3.200000, 10
-3.750000, -3.200000, 5
-3.600000, -3.200000, 5
-3.450000, -3.200000, 3
-3.300000, -3.200000, 3
-3.150000, -3.200000, 3
-3.000000, -3.200000, 7
-2.850000, -3.200000, 7
-2.700000, -3.200000, 7
-2.550000, -3.200000, 7
-2.400000, -3.200000, 7
-2.250000, -3.200000, 7
-2.100000, -3.200000, 7
-1.950000, -3.200000, 7
-1.800000, -3.200000, 7
-1.650000, -3.200000, 7
-1.500000, -3.200000, 7
-1.350000, -3.200000, 7
-1.200000, -3.200000, 3
-1.050000, -3.200000, 1
-0.900000, -3.200000, 8
-0.750000, -3.200000, 3
-0.600000, -3.200000, 3
-0.450000, -3.200000, 1
-0.300000, -3.200000, 8
-0.150000, -3.200000, 8
-0.000000, -3.200000, 8
0.150000, -3.200000, 8
0.300000, -3.200000, 8
0.450000, -3.200000, 8
0.600000, -3.200000, 8
0.750000, -3.200000, 8
0.900000, -3.200000, 8
1.050000, -3.200000, 10
1.200000, -3.200000, 3
1.350000, -3.200000, 3
1.500000, -3.200000, 3
1.650000, -3.200000, 3
1.800000, -3.200000, 3
1.950000, -3.200000, 3
2.100000, -3.200000, 3
2.250000, -3.200000, 3
2.400000, -3.200000, 3
2.550000, -3.200000, 3
2.700000, -3.200000, 3
2.850000, -3.200000, 8
3.000000, -3.200000, 8
3.150000, -3.200000, 1
3.300000, -3.200000, 1
3.450000, -3.200000, 1
3.600000, -3.200000, 1
3.750000, -3.200000, 1
3.900000, -3.200000, 1
4.050000, -3.200000, 1
4.200000, -3.200000, 1
4.350000, -3.200000, 1
4.500000, -3.200000, 1
4.650000, -3.200000, 1
4.800000, -3.200000, 1
4.950000, -3.200000, 1
5.100000, -3.200000, 1
5.250000, -3.200000, 1
5.400000, -3.200000, 1
5.550000, -3.200000, 1
5.700000, -3.200000, 1
5.850000, -3.200000, 1
6.000000, -3.200000, 1
6.150000, -3.200000, 1
6.300000, -3.200000, 1
6.450000, -3.200000, 1
6.600000, -3.200000, 1
6.750000, -3.200000, 1
6.900000, -3.200000, 1
7.050000, -3.200000, 1
7.200000, -3.200000, 1
7.350000, -3.200000, 1
7.500000, -3.200000, 1
7.650000, -3.200000, 1
7.800000, -3.200000, 1
7.950000, -3.200000, 1
8.100000, -3.200000, 1
8.250000, -3.200000, 1
8.400000, -3.200000, 1
8.550000, -3.200000, 1
8.700000, -3.200000, 3
8.850000, -3.200000, 3
9.000000, -3.200000, 3
9.150000, -3.200000, 6
9.300000, -3.200000, 8
9.450000, -3.200000, 8
9.600000, -3.200000, 3
9.750000, -3.200000, 3
9.900000, -3.200000, 3
10.050000, -3.200000, 8
10.200000, -3.200000, 8
10.350000, -3.200000, 3
10.500000, -3.200000, 3
10.650000, -3.200000, 2
10.800000, -3.200000, 1
10.950000, -3.200000, 8
11.100000, -3.200000, 8
11.250000, -3.200000, 7
11.400000, -3.200000, 2
11.550000, -3.200000, 0
11.700000, -3.200000, 5
11.850000, -3.200000, 5
12.000000, -3.200000, 6
12.150000, -3.200000, 11
12.300000, -3.200000, 11
12.450000, -3.200000, 9
12.600000, -3.200000, 9
12.750000, -3.200000, 10
12.900000, -3.200000, 4
13.050000, -3.200000, 4
13.200000, -3.200000, 6
13.350000, -3.200000, 1
13.500000, -3.200000, 3
13.650000, -3.200000, 2
13.800000, -3.200000, 10
13.950000, -3.200000, 6
14.100000, -3.200000, 6
14.250000, -3.200000, 6
14.400000, -3.200000, 5
14.550000, -3.200000, 5
14.700000, -3.200000, 5
14.850000, -3.200000, 5
-15.000000, -3.150000, 11
-14.850000, -3.150000, 11
-14.700000, -3.150000, 11
-14.550000, -3.150000, 11
-14.400000, -3.150000, 11
-14.250000, -3.150000, 11
-14.100000, -3.150000, 11
-13.950000, -3.150000, 11
-13.800000, -3.150000, 2
-13.650000, -3.150000, 0
-13.500000, -3.150000, 2
-13.350000, -3.150000, 0
-13.200000, -3.150000, 0
-13.050000, -3.150000, 0
-12.900000, -3.150000, 10
-12.750000, -3.150000, 2
-12.600000, -3.150000, 0
-12.450000, -3.150000, 0
-12.300000, -3.150000, 0
-12.150000, -3.150000, 0
-12.000000, -3.150000, 0
-11.850000, -3.150000, 0
-11.700000, -3.150000, 0
-11.550000, -3.150000, 0
-11.400000, -3.150000, 0
-11.250000, -3.150000, 0
-11.100000, -3.150000, 0
-10.950000, -3.150000, 0
-10.800000, -3.150000, 0
-10.650000, -3.150000, 0
-10.500000, -3.150000, 0
-10.350000, -3.150000, 0
-10.200000, -3.150000, 0
-10.050000, -3.150000, 0
-9.900000, -3.150000, 0
-9.750000, -3.150000, 0
-9.600000, -3.150000, 0
-9.450000, -3.150000, 0
-9.300000, -3.150000, 0
-9.150000, -3.150000, 0
-9.000000, -3.150000, 0
-8.850000, -3.150000, 0
-8.700000, -3.150000, 0
-8.550000, -3.150000, 0
-8.400000, -3.150000, 0
-8.250000, -3.150000, 0
-8.100000, -3.150000, 0
-7.950000, -3.150000, 0
-7.800000, -3.150000, 0
-7.650000, -3.150000, 0
-7.500000, -3.150000, 0
-7.350000, -3.150000, 0
-7.200000, -3.150000, 0
-7.050000, -3.150000, 0
-6.900000, -3.150000, 0
-6.750000, -3.150000, 0
-6.600000, -3.150000, 2
-6.450000, -3.150000, 2
-6.300000, -3.150000, 2
-6.150000, -3.150000, 2
-6.000000, -3.150000, 2
-5.850000, -3.150000, 2
-5.700000, -3.150000, 2
-5.550000, -3.150000, 2
-5.400000, -3.150000, 2
-5.250000, -3.150000, 2
-5.100000, -3.150000, 2
-4.950000, -3.150000, 2
-4.800000, -3.150000, 2
-4.650000, -3.150000, 2
-4.500000, -3.150000, 2
-4.350000, -3.150000, 2
-4.200000, -3.150000, 2
-4.050000, -3.150000, 2
-3.900000, -3.150000, 10
-3.750000, -3.150000, 5
-3.600000, -3.150000, 5
-3.450000, -3.150000, 8
-3.300000, -3.150000, 3
-3.150000, -3.150000, 8
-3.000000, -3.150000, 7
-2.850000, -3.150000, 7
-2.700000, -3.150000, 7
-2.550000, -3.150000, 7
-2.400000, -3.150000, 7
-2.250000, -3.150000, 7
-2.100000, -3.150000, 7
-1.950000, -3.150000, 7
-1.800000, -3.150000, 7
-1.650000, -3.150000, 7
-1.500000, -3.150000, 7
-1.350000, -3.150000, 7
-1.200000, -3.150000, 3
-1.050000, -3.150000, 6
-0.900000, -3.150000, 3
-0.750000, -3.150000, 3
-0.600000, -3.150000, 3
-0.450000, -3.150000, 3
-0.300000, -3.150000, 8
-0.150000, -3.150000, 8
-0.000000, -3.150000, 8
0.150000, -3.150000, 8
0.300000, -3.150000, 8
0.450000, -3.150000, 8
0.600000, -3.150000, 8
0.750000, -3.150000, 8
0.900000, -3.150000, 8
1.050000, -3.150000, 3
1.200000, -3.150000, 3
1.350000, -3.150000, 3
1.500000, -3.150000, 3
1.650000, -3.150000, 3
1.800000, -3.150000, 3
1.950000, -3.150000, 3
2.100000, -3.150000, 3
2.250000, -3.150000, 3
2.400000, -3.150000, 3
2.550000, -3.150000, 3
2.700000, -3.150000, 3
2.850000, -3.150000, 3
3.000000, -3.150000, 3
3.150000, -3.150000, 1
3.300000, -3.150000, 1
3.450000, -3.150000, 1
3.600000, -3.150000, 1
3.750000, -3.150000, 1
3.900000, -3.150000, 1
4.050000, -3.150000, 1
4.200000, -3.150000, 1
4.350000, -3.150000, 1
4.500000, -3.150000, 1
4.650000, -3.150000, 1
4.800000, -3.150000, 1
4.950000, -3.150000, 1
5.100000, -3.150000, 1
5.250000, -3.150000, 1
5.400000, -3.150000, 1
5.550000, -3.150000, 1
5.700000, -3.150000, 1
5.850000, -3.150000, 1
6.000000, -3.150000, 1
6.150000, -3.150000, 1
6.300000, -3.150000, 1
6.450000, -3.150000, 1
6.600000, -3.150000, 1
6.750000, -3.150000, 1
6.900000, -3.150000, 1
7.050000, -3.150000, 1
7.200000, -3.150000, 1
7.350000, -3.150000, 1
7.500000, -3.150000, 1
7.650000, -3.150000, 1
7.800000, -3.150000, 1
7.950000, -3.150000, 1
8.100000, -3.150000, 1
8.250000, -3.150000, 3
8.400000, -3.150000, 5
8.550000, -3.150000, 1
8.700000, -3.150000, 3
8.850000, -3.150000, 3
9.000000, -3.150000, 3
9.150000, -3.150000, 3
9.300000, -3.150000, 3
9.450000, -3.150000, 8
9.600000, -3.150000, 3
9.750000, -3.150000, 3
9.900000, -3.150000, 3
10.050000, -3.150000, 8
10.200000, -3.150000, 8
10.350000, -3.150000, 3
10.500000, -3.150000, 3
10.650000, -3.150000, 8
10.800000, -3.150000, 1
10.950000, -3.150000, 8
11.100000, -3.150000, 8
11.250000, -3.150000, 7
11.400000, -3.150000, 2
11.550000, -3.150000, 2
11.700000, -3.150000, 5
11.850000, -3.150000, 6
12.000000, -3.150000, 10
12.150000, -3.150000, 11
12.300000, -3.150000, 11
12.450000, -3.150000, 9
12.600000, -3.150000, 10
12.750000, -3.150000, 10
12.900000, -3.150000, 4
13.050000, -3.150000, 6
13.200000, -3.150000, 6
13.350000, -3.150000, 1
13.500000, -3.150000, 3
13.650000, -3.150000, 3
13.800000, -3.150000, 10
13.950000, -3.150000, 6
14.100000, -3.150000, 6
14.250000, -3.150000, 6
14.400000, -3.150000, 5
14.550000, -3.150000, 5
14.700000, -3.150000, 5
14.850000, -3.150000, 5
-15.000000, -3.100000, 11
-14.850000, -3.100000, 11
-14.700000, -3.100000, 11
-14.550000, -3.100000, 11
-14.400000, -3.100000, 11
-14.250000, -3.100000, 11
-14.100000, -3.100000, 11
-13.950000, -3.100000, 11
-13.800000, -3.100000, 11
-13.650000, -3.100000, 0
-13.500000, -3.100000, 0
-13.350000, -3.100000, 0
-13.200000, -3.100000, 0
-13.050000, -3.100000, 0
-12.900000, -3.100000, 11
-12.750000, -3.100000, 2
-12.600000, -3.100000, 0
-12.450000, -3.100000, 0
-12.300000, -3.100000, 0
-12.150000, -3.100000, 0
-12.000000, -3.100000, 0
-11.850000, -3.100000, 0
-11.700000, -3.100000, 0
-11.550000, -3.100000, 0
-11.400000, -3.100000, 0
-11.250000, -3.100000, 0
-11.100000, -3.100000, 0
-10.950000, -3.100000, 0
-10.800000, -3.100000, 0
-10.650000, -3.100000, 0
-10.500000, -3.100000, 0
-10.350000, -3.100000, 0
-10.200000, -3.100000, 0
-10.050000, -3.100000, 0
-9.900000, -3.100000, 0
-9.750000, -3.100000, 0
-9.600000, -3.100000, 0
-9.450000, -3.100000, 0
-9.300000, -3.100000, 0
-9.150000, -3.100000, 0
-9.000000, -3.100000, 0
-8.850000, -3.100000, 0
-8.700000, -3.100000, 0
-8.550000, -3.100000, 0
-8.400000, -3.100000, 0
-8.250000, -3.100000, 0
-8.100000, -3.100000, 0
-7.950000, -3.100000, 0
-7.800000, -3.100000, 0
-7.650000, -3.100000, 0
-7.500000, -3.100000, 0
-7.350000, -3.100000, 0
-7.200000, -3.100000, 0
-7.050000, -3.100000, 0
-6.900000, -3.100000, 0
-6.750000, -3.100000, 0
-6.600000, -3.100000, 0
-6.450000, -3.100000, 2
-6.300000, -3.100000, 2
-6.150000, -3.100000, 1
-6.000000, -3.100000, 2
-5.850000, -3.100000, 2
-5.700000, -3.100000, 2
-5.550000, -3.100000, 2
-5.400000, -3.100000, 2
-5.250000, -3.100000, 2
-5.100000, -3.100000, 2
-4.950000, -3.100000, 2
-4.800000, -3.100000, 2
-4.650000, -3.100000, 2
-4.500000, -3.100000, 2
-4.350000, -3.100000, 2
-4.200000, -3.100000, 2
-4.050000, -3.100000, 2
-3.900000, -3.100000, 0
-3.750000, -3.100000, 1
-3.600000, -3.100000, 6
-3.450000, -3.100000, 7
-3.300000, -3.100000, 3
-3.150000, -3.100000, 8
-3.000000, -3.100000, 2
-2.850000, -3.100000, 7
-2.700000, -3.100000, 7
-2.550000, -3.100000, 7
-2.400000, -3.100000, 7
-2.250000, -3.100000, 7
-2.100000, -3.100000, 7
-1.950000, -3.100000, 7
-1.800000, -3.100000, 7
-1.650000, -3.100000, 7
-1.500000, -3.100000, 7
-1.350000, -3.100000, 7
-1.200000, -3.100000, 1
-1.050000, -3.100000, 4
-0.900000, -3.100000, 6
-0.750000, -3.100000, 3
-0.600000, -3.100000, 3
-0.450000, -3.100000, 3
-0.300000, -3.100000, 8
-0.150000, -3.100000, 8
-0.000000, -3.100000, 8
0.150000, -3.100000, 8
0.300000, -3.100000, 8
0.450000, -3.100000, 8
0.600000, -3.100000, 8
0.750000, -3.100000, 8
0.900000, -3.100000, 8
1.050000, -3.100000, 7
1.200000, -3.100000, 3
1.350000, -3.100000, 3
1.500000, -3.100000, 3
1.650000, -3.100000, 3
1.800000, -3.100000, 3
1.950000, -3.100000, 3
2.100000, -3.100000, 3
2.250000, -3.100000, 3
2.400000, -3.100000, 3
2.550000, -3.100000, 3
2.700000, -3.100000, 3
2.850000, -3.100000, 1
3.000000, -3.100000, 3
3.150000, -3.100000, 1
3.300000, -3.100000, 1
3.450000, -3.100000, 1
3.600000, -3.100000, 1
3.750000, -3.100000, 1
3.900000, -3.100000, 1
4.050000, -3.100000, 1
4.200000, -3.100000, 1
4.350000, -3.100000, 1
4.500000, -3.100000, 1
4.650000, -3.100000, 1
4.800000, -3.100000, 1
4.950000, -3.100000, 1
5.100000, -3.100000, 1
5.250000, -3.100000, 1
5.400000, -3.100000, 1
5.550000, -3.100000, 1
5.700000, -3.100000, 1
5.850000, -3.100000, 1
6.000000, -3.100000, 1
6.150000, -3.100000, 1
6.300000, -3.100000, 1
6.450000, -3.100000, 1
6.600000, -3.100000, 1
6.750000, -3.100000, 1
6.900000, -3.100000, 1
7.050000, -3.100000, 1
7.200000, -3.100000, 1
7.350000, -3.100000, 1
7.500000, -3.100000, 1
7.650000, -3.100000, 1
7.800000, -3.100000, 1
7.950000, -3.100000, 1
8.100000, -3.100000, 1
8.250000, -3.100000, 3
8.400000, -3.100000, 5
8.550000, -3.100000, 3
8.700000, -3.100000, 3
8.850000, -3.100000, 3
9.000000, -3.100000, 3
9.150000, -3.100000, 3
9.300000, -3.100000, 3
9.450000, -3.100000, 8
9.600000, -3.100000, 3
9.750000, -3.100000, 3
9.900000, -3.100000, 3
10.050000, -3.100000, 8
10.200000, -3.100000, 8
10.350000, -3.100000, 9
10.500000, -3.100000, 1
10.650000, -3.100000, 3
10.800000, -3.100000, 1
10.950000, -3.100000, 1
11.100000, -3.100000, 8
11.250000, -3.100000, 0
11.400000, -3.100000, 2
11.550000, -3.100000, 2
11.700000, -3.100000, 6
11.850000, -3.100000, 6
12.000000, -3.100000, 10
12.150000, -3.100000, 11
12.300000, -3.100000, 11
12.450000, -3.100000, 10
12.600000, -3.100000, 10
12.750000, -3.100000, 10
12.900000, -3.100000, 6
13.050000, -3.100000, 6
13.200000, -3.100000, 6
13.350000, -3.100000, 1
13.500000, -3.100000, 3
13.650000, -3.100000, 8
13.800000, -3.100000, 10
13.950000, -3.100000, 6
14.100000, -3.100000, 6
14.250000, -3.100000, 5
14.400000, -3.100000, 5
14.550000, -3.100000, 5
14.700000, -3.100000, 5
14.850000, -3.100000, 5
-15.000000, -3.050000, 11
-14.850000, -3.050000, 11
-14.700000, -3.050000, 11
-14.550000, -3.050000, 11
-14.400000, -3.050000, 11
-14.250000, -3.050000, 11
-14.100000, -3.050000, 11
-13.950000, -3.050000, 11
-13.800000, -3.050000, 11
-13.650000, -3.050000, 11
-13.500000, -3.050000, 11
-13.350000, -3.050000, 0
-13.200000, -3.050000, 0
-13.050000, -3.050000, 0
-12.900000, -3.050000, 11
-12.750000, -3.050000, 0
-12.600000, -3.050000, 0
-12.450000, -3.050000, 0
-12.300000, -3.050000, 0
-12.150000, -3.050000, 0
-12.000000, -3.050000, 0
-11.850000, -3.050000, 0
-11.700000, -3.050000, 0
-11.550000, -3.050000, 0
-11.400000, -3.050000, 0
-11.250000, -3.050000, 0
-11.100000, -3.050000, 0
-10.950000, -3.050000, 0
-10.800000, -3.050000, 0
-10.650000, -3.050000, 0
-10.500000, -3.050000, 0
-10.350000, -3.050000, 0
-10.200000, -3.050000, 0
-10.050000, -3.050000, 0
-9.900000, -3.050000, 0
-9.750000, -3.050000, 0
-9.600000, -3.050000, 0
-9.450000, -3.050000, 0
-9.300000, -3.050000, 0
-9.150000, -3.050000, 0
-9.000000, -3.050000, 0
-8.850000, -3.050000, 0
-8.700000, -3.050000, 0
-8.550000, -3.050000, 0
-8.400000, -3.050000, 0
-8.250000, -3.050000, 0
-8.100000, -3.050000, 0
-7.950000, -3.050000, 0
-7.800000, -3.050000, 0
-7.650000, -3.050000, 0
-7.500000, -3.050000, 0
-7.350000, -3.050000, 0
-7.200000, -3.050000, 0
-7.050000, -3.050000, 0
-6.900000, -3.050000, 0
-6.750000, -3.050000, 0
-6.600000, -3.050000, 0
-6.450000, -3.050000, 2
-6.300000, -3.050000, 2
-6.150000, -3.050000, 9
-6.000000, -3.050000, 2
-5.850000, -3.050000, 2
-5.700000, -3.050000, 2
-5.550000, -3.050000, 2
-5.400000, -3.050000, 2
-5.250000, -3.050000, 2
-5.100000, -3.050000, 2
-4.950000, -3.050000, 2
-4.800000, -3.050000, 2
-4.650000, -3.050000, 2
-4.500000, -3.050000, 2
-4.350000, -3.050000, 2
-4.200000, -3.050000, 2
-4.050000, -3.050000, 2
-3.900000, -3.050000, 2
-3.750000, -3.050000, 3
-3.600000, -3.050000, 10
-3.450000, -3.050000, 2
-3.300000, -3.050000, 3
-3.150000, -3.050000, 4
-3.000000, -3.050000, 1
-2.850000, -3.050000, 7
-2.700000, -3.050000, 7
-2.550000, -3.050000, 7
-2.400000, -3.050000, 7
-2.250000, -3.050000, 7
-2.100000, -3.050000, 7
-1.950000, -3.050000, 7
-1.800000, -3.050000, 7
-1.650000, -3.050000, 7
-1.500000, -3.050000, 7
-1.350000, -3.050000, 7
-1.200000, -3.050000, 7
-1.050000, -3.050000, 2
-0.900000, -3.050000, 1
-0.750000, -3.050000, 3
-0.600000, -3.050000, 3
-0.450000, -3.050000, 3
-0.300000, -3.050000, 8
-0.150000, -3.050000, 8
-0.000000, -3.050000, 8
0.150000, -3.050000, 8
0.300000, -3.050000, 8
0.450000, -3.050000, 8
0.600000, -3.050000, 8
0.750000, -3.050000, 8
0.900000, -3.050000, 8
1.050000, -3.050000, 5
1.200000, -3.050000, 3
1.350000, -3.050000, 3
1.500000, -3.050000, 3
1.650000, -3.050000, 3
1.800000, -3.050000, 3
1.950000, -3.050000, 3
2.100000, -3.050000, 3
2.250000, -3.050000, 3
2.400000, -3.050000, 3
2.550000, -3.050000, 3
2.700000, -3.050000, 3
2.850000, -3.050000, 4
3.000000, -3.050000, 3
3.150000, -3.050000, 1
3.300000, -3.050000, 1
3.450000, -3.050000, 1
3.600000, -3.050000, 1
3.750000, -3.050000, 1
3.900000, -3.050000, 1
4.050000, -3.050000, 1
4.200000, -3.050000, 1
4.350000, -3.050000, 1
4.500000, -3.050000, 1
4.650000, -3.050000, 1
4.800000, -3.050000, 1
4.950000, -3.050000, 1
5.100000, -3.050000, 1
5.250000, -3.050000, 1
5.400000, -3.050000, 1
5.550000, -3.050000, 1
5.700000, -3.050000, 1
5.850000, -3.050000, 1
6.000000, -3.050000, 1
6.150000, -3.050000, 1
6.300000, -3.050000, 1
6.450000, -3.050000, 1
6.600000, -3.050000, 1
6.750000, -3.050000, 1
6.900000, -3.050000, 1
7.050000, -3.050000, 1
7.200000, -3.050000, 1
7.350000, -3.050000, 1
7.500000, -3.050000, 1
7.650000, -3.050000, 1
7.800000, -3.050000, 1
7.950000, -3.050000, 1
8.100000, -3.050000, 6
8.250000, -3.050000, 1
8.400000, -3.050000, 6
8.550000, -3.050000, 8
8.700000, -3.050000, 3
8.850000, -3.050000, 3
9.000000, -3.050000, 3
9.150000, -3.050000, 3
9.300000, -3.050000, 3
9.450000, -3.050000, 3
9.600000, -3.050000, 3
9.750000, -3.050000, 3
9.900000, -3.050000, 3
10.050000, -3.050000, 8
10.200000, -3.050000, 8
10.350000, -3.050000, 7
10.500000, -3.050000, 1
10.650000, -3.050000, 4
10.800000, -3.050000, 5
10.950000, -3.050000, 1
11.100000, -3.050000, 7
11.250000, -3.050000, 0
11.400000, -3.050000, 0
11.550000, -3.050000, 9
11.700000, -3.050000, 4
11.850000, -3.050000, 4
12.000000, -3.050000, 10
12.150000, -3.050000, 0
12.300000, -3.050000, 11
12.450000, -3.050000, 6
12.600000, -3.050000, 10
12.750000, -3.050000, 2
12.900000, -3.050000, 6
13.050000, -3.050000, 6
13.200000, -3.050000, 6
13.350000, -3.050000, 1
13.500000, -3.050000, 1
13.650000, -3.050000, 8
13.800000, -3.050000, 6
13.950000, -3.050000, 6
14.100000, -3.050000, 6
14.250000, -3.050000, 5
14.400000, -3.050000, 5
14.550000, -3.050000, 5
14.700000, -3.050000, 5
14.850000, -3.050000, 5
-15.000000, -3.000000, 11
-14.850000, -3.000000, 11
-14.700000, -3.000000, 11
-14.550000, -3.000000, 11
-14.400000, -3.000000, 11
-14.250000, -3.000000, 11
-14.100000, -3.000000, 11
-13.950000, -3.000000, 11
-13.800000, -3.000000, 11
-13.650000, -3.000000, 11
-13.500000, -3.000000, 11
-13.350000, -3.000000, 11
-13.200000, -3.000000, 11
-13.050000, -3.000000, 11
-12.900000, -3.000000, 11
-12.750000, -3.000000, 0
-12.600000, -3.000000, 0
-12.450000, -3.000000, 0
-12.300000, -3.000000, 0
-12.150000, -3.000000, 0
-12.000000, -3.000000, 2
-11.850000, -3.000000, 5
-11.700000, -3.000000, 0
-11.550000, -3.000000, 0
-11.400000, -3.000000, 0
-11.250000, -3.000000, 0
-11.100000, -3.000000, 0
-10.950000, -3.000000, 0
-10.800000, -3.000000, 0
-10.650000, -3.000000, 0
-10.500000, -3.000000, 0
-10.350000, -3.000000, 0
-10.200000, -3.000000, 0
-10.050000, -3.000000, 0
-9.900000, -3.000000, 0
-9.750000, -3.000000, 0
-9.600000, -3.000000, 0
-9.450000, -3.000000, 0
-9.300000, -3.000000, 0
-9.150000, -3.000000, 0
-9.000000, -3.000000, 0
-8.850000, -3.000000, 0
-8.700000, -3.000000, 0
-8.550000, -3.000000, 0
-8.400000, -3.000000, 0
-8.250000, -3.000000, 0
-8.100000, -3.000000, 0
-7.950000, -3.000000, 0
-7.800000, -3.000000, 0
-7.650000, -3.000000, 0
-7.500000, -3.000000, 0
-7.350000, -3.000000, 0
-7.200000, -3.000000, 0
-7.050000, -3.000000, 0
-6.900000, -3.000000, 0
-6.750000, -3.000000, 0
-6.600000, -3.000000, 0
-6.450000, -3.000000, 0
-6.300000, -3.000000, 2
-6.150000, -3.000000, 9
-6.000000, -3.000000, 2
-5.850000, -3.000000, 2
-5.700000, -3.000000, 2
-5.550000, -3.000000, 2
-5.400000, -3.000000, 2
-5.250000, -3.000000, 2
-5.100000, -3.000000, 2
-4.950000, -3.000000, 2
-4.800000, -3.000000, 2
-4.650000, -3.000000, 2
-4.500000, -3.000000, 2
-4.350000, -3.000000, 2
-4.200000, -3.000000, 2
-4.050000, -3.000000, 2
-3.900000, -3.000000, 2
-3.750000, -3.000000, 1
-3.600000, -3.000000, 4
-3.450000, -3.000000, 4
-3.300000, -3.000000, 1
-3.150000, -3.000000, 5
-3.000000, -3.000000, 1
-2.850000, -3.000000, 7
-2.700000, -3.000000, 7
-2.550000, -3.000000, 7
-2.400000, -3.000000, 7
-2.250000, -3.000000, 7
-2.100000, -3.000000, 7
-1.950000, -3.000000, 7
-1.800000, -3.000000, 7
-1.650000, -3.000000, 7
-1.500000, -3.000000, 7
-1.350000, -3.000000, 7
-1.200000, -3.000000, 7
-1.050000, -3.000000, 4
-0.900000, -3.000000, 3
-0.750000, -3.000000, 3
-0.600000, -3.000000, 3
-0.450000, -3.000000, 3
-0.300000, -3.000000, 8
-0.150000, -3.000000, 8
-0.000000, -3.000000, 8
0.150000, -3.000000, 8
0.300000, -3.000000, 8
0.450000, -3.000000, 8
0.600000, -3.000000, 8
0.750000, -3.000000, 8
0.900000, -3.000000, 8
1.050000, -3.000000, 3
1.200000, -3.000000, 3
1.350000, -3.000000, 3
1.500000, -3.000000, 3
1.650000, -3.000000, 3
1.800000, -3.000000, 3
1.950000, -3.000000, 3
2.100000, -3.000000, 3
2.250000, -3.000000, 3
2.400000, -3.000000, 3
2.550000, -3.000000, 3
2.700000, -3.000000, 3
2.850000, -3.000000, 4
3.000000, -3.000000, 3
3.150000, -3.000000, 1
3.300000, -3.000000, 1
3.450000, -3.000000, 1
3.600000, -3.000000, 1
3.750000, -3.000000, 1
3.900000, -3.000000, 1
4.050000, -3.000000, 1
4.200000, -3.000000, 1
4.350000, -3.000000, 1
4.500000, -3.000000, 1
4.650000, -3.000000, 1
4.800000, -3.000000, 1
4.950000, -3.000000, 1
5.100000, -3.000000, 1
5.250000, -3.000000, 1
5.400000, -3.000000, 1
5.550000, -3.000000, 1
5.700000, -3.000000, 1
5.850000, -3.000000, 1
6.000000, -3.000000, 1
6.150000, -3.000000, 1
6.300000, -3.000000, 1
6.450000, -3.000000, 1
6.600000, -3.000000, 1
6.750000, -3.000000, 1
6.900000, -3.000000, 1
7.050000, -3.000000, 1
7.200000, -3.000000, 1
7.350000, -3.000000, 1
7.500000, -3.000000, 1
7.650000, -3.000000, 1
7.800000, -3.000000, 1
7.950000, -3.000000, 9
8.100000, -3.000000, 3
8.250000, -3.000000, 8
8.400000, -3.000000, 9
8.550000, -3.000000, 8
8.700000, -3.000000, 3
8.850000, -3.000000, 3
9.000000, -3.000000, 3
9.150000, -3.000000, 3
9.300000, -3.000000, 3
9.450000, -3.000000, 3
9.600000, -3.000000, 3
9.750000, -3.000000, 3
9.900000, -3.000000, 3
10.050000, -3.000000, 8
10.200000, -3.000000, 8
10.350000, -3.000000, 7
10.500000, -3.000000, 5
10.650000, -3.000000, 6
10.800000, -3.000000, 5
10.950000, -3.000000, 5
11.100000, -3.000000, 11
11.250000, -3.000000, 11
11.400000, -3.000000, 0
11.550000, -3.000000, 9
11.700000, -3.000000, 4
11.850000, -3.000000, 4
12.000000, -3.000000, 10
12.150000, -3.000000, 0
12.300000, -3.000000, 7
12.450000, -3.000000, 5
12.600000, -3.000000, 4
12.750000, -3.000000, 4
12.900000, -3.000000, 6
13.050000, -3.000000, 6
13.200000, -3.000000, 6
13.350000, -3.000000, 1
13.500000, -3.000000, 1
13.650000, -3.000000, 1
13.800000, -3.000000, 5
13.950000, -3.000000, 5
14.100000, -3.000000, 5
14.250000, -3.000000, 5
14.400000, -3.000000, 5
14.550000, -3.000000, 5
14.700000, -3.000000, 5
14.850000, -3.000000, 5
-15.000000, -2.950000, 11
-14.850000, -2.950000, 11
-14.700000, -2.950000, 11
-14.550000, -2.950000, 11
-14.400000, -2.950000, 11
-14.250000, -2.950000, 11
-14.100000, -2.950000, 11
-13.950000, -2.950000, 11
-13.800000, -2.950000, 11
-13.650000, -2.950000, 11
-13.500000, -2.950000, 11
-13.350000, -2.950000, 11
-13.200000, -2.950000, 11
-13.050000, -2.950000, 11
-12.900000, -2.950000, 11
-12.750000, -2.950000, 0
-12.600000, -2.950000, 0
-12.450000, -2.950000, 0
-12.300000, -2.950000, 0
-12.150000, -2.950000, 0
-12.000000, -2.950000, 2
-11.850000, -2.950000, 2
-11.700000, -2.950000, 0
-11.550000, -2.950000, 0
-11.400000, -2.950000, 0
-11.250000, -2.950000, 0
-11.100000, -2.950000, 0
-10.950000, -2.950000, 0
-10.800000, -2.950000, 0
-10.650000, -2.950000, 0
-10.500000, -2.950000, 0
-10.350000, -2.950000, 0
-10.200000, -2.950000, 0
-10.050000, -2.950000, 0
-9.900000, -2.950000, 0
-9.750000, -2.950000, 0
-9.600000, -2.950000, 0
-9.450000, -2.950000, 0
-9.300000, -2.950000, 0
-9.150000, -2.950000, 0
-9.000000, -2.950000, 0
-8.850000, -2.950000, 0
-8.700000, -2.950000, 0
-8.550000, -2.950000, 0
-8.400000, -2.950000, 0
-8.250000, -2.950000, 0
-8.100000, -2.950000, 0
-7.950000, -2.950000, 0
-7.800000, -2.950000, 0
-7.650000, -2.950000, 0
-7.500000, -2.950000, 0
-7.350000, -2.950000, 0
-7.200000, -2.950000, 0
-7.050000, -2.950000, 0
-6.900000, -2.950000, 0
-6.750000, -2.950000, 0
-6.600000, -2.950000, 0
-6.450000, -2.950000, 0
-6.300000, -2.950000, 0
-6.150000, -2.950000, 0
-6.000000, -2.950000, 2
-5.850000, -2.950000, 2
-5.700000, -2.950000, 2
-5.550000, -2.950000, 2
-5.400000, -2.950000, 2
-5.250000, -2.950000, 2
-5.100000, -2.950000, 2
-4.950000, -2.950000, 2
-4.800000, -2.950000, 2
-4.650000, -2.950000, 2
-4.500000, -2.950000, 2
-4.350000, -2.950000, 2
-4.200000, -2.950000, 2
-4.050000, -2.950000, 2
-3.900000, -2.950000, 2
-3.750000, -2.950000, 8
-3.600000, -2.950000, 10
-3.450000, -2.950000, 5
-3.300000, -2.950000, 1
-3.150000, -2.950000, 1
-3.000000, -2.950000, 3
-2.850000, -2.950000, 7
-2.700000, -2.950000, 7
-2.550000, -2.950000, 7
-2.400000, -2.950000, 7
-2.250000, -2.950000, 7
-2.100000, -2.950000, 7
-1.950000, -2.950000, 7
-1.800000, -2.950000, 7
-1.650000, -2.950000, 7
-1.500000, -2.950000, 7
-1.350000, -2.950000, 7
-1.200000, -2.950000, 7
-1.050000, -2.950000, 3
-0.900000, -2.950000, 3
-0.750000, -2.950000, 3
-0.600000, -2.950000, 3
-0.450000, -2.950000, 3
-0.300000, -2.950000, 8
-0.150000, -2.950000, 8
-0.000000, -2.950000, 8
0.150000, -2.950000, 8
0.300000, -2.950000, 8
0.450000, -2.950000, 8
0.600000, -2.950000, 8
0.750000, -2.950000, 8
0.900000, -2.950000, 8
1.050000, -2.950000, 3
1.200000, -2.950000, 3
1.350000, -2.950000, 3
1.500000, -2.950000, 3
1.650000, -2.950000, 3
1.800000, -2.950000, 3
1.950000, -2.950000, 3
2.100000, -2.950000, 3
2.250000, -2.950000, 3
2.400000, -2.950000, 3
2.550000, -2.950000, 3
2.700000, -2.950000, 3
2.850000, -2.950000, 1
3.000000, -2.950000, 4
3.150000, -2.950000, 1
3.300000, -2.950000, 1
3.450000, -2.950000, 1
3.600000, -2.950000, 1
3.750000, -2.950000, 1
3.900000, -2.950000, 1
4.050000, -2.950000, 1
4.200000, -2.950000, 1
4.350000, -2.950000, 1
4.500000, -2.950000, 1
4.650000, -2.950000, 1
4.800000, -2.950000, 1
4.950000, -2.950000, 1
5.100000, -2.950000, 1
5.250000, -2.950000, 1
5.400000, -2.950000, 1
5.550000, -2.950000, 1
5.700000, -2.950000, 1
5.850000, -2.950000, 1
6.000000, -2.950000, 1
6.150000, -2.950000, 1
6.300000, -2.950000, 1
6.450000, -2.950000, 1
6.600000, -2.950000, 1
6.750000, -2.950000, 1
6.900000, -2.950000, 1
7.050000, -2.950000, 1
7.200000, -2.950000, 1
7.350000, -2.950000, 1
7.500000, -2.950000, 1
7.650000, -2.950000, 1
7.800000, -2.950000, 1
7.950000, -2.950000, 8
8.100000, -2.950000, 3
8.250000, -2.950000, 3
8.400000, -2.950000, 0
8.550000, -2.950000, 8
8.700000, -2.950000, 2
8.850000, -2.950000, 3
9.000000, -2.950000, 3
9.150000, -2.950000, 8
9.300000, -2.950000, 8
9.450000, -2.950000, 3
9.600000, -2.950000, 3
9.750000, -2.950000, 1
9.900000, -2.950000, 1
10.050000, -2.950000, 8
10.200000, -2.950000, 7
10.350000, -2.950000, 7
10.500000, -2.950000, 2
10.650000, -2.950000, 5
10.800000, -2.950000, 5
10.950000, -2.950000, 5
11.100000, -2.950000, 11
11.250000, -2.950000, 11
11.400000, -2.950000, 9
11.550000, -2.950000, 9
11.700000, -2.950000, 4
11.850000, -2.950000, 4
12.000000, -2.950000, 10
12.150000, -2.950000, 2
12.300000, -2.950000, 7
12.450000, -2.950000, 1
12.600000, -2.950000, 4
12.750000, -2.950000, 6
12.900000, -2.950000, 6
13.050000, -2.950000, 6
13.200000, -2.950000, 6
13.350000, -2.950000, 1
13.500000, -2.950000, 1
13.650000, -2.950000, 1
13.800000, -2.950000, 5
13.950000, -2.950000, 5
14.100000, -2.950000, 5
14.250000, -2.950000, 5
14.400000, -2.950000, 5
14.550000, -2.950000, 5
14.700000, -2.950000, 5
14.850000, -2.950000, 5
-15.000000, -2.900000, 11
-14.850000, -2.900000, 11
-14.700000, -2.900000, 11
-14.550000, -2.900000, 11
-14.400000, -2.900000, 11
-14.250000, -2.900000, 11
-14.100000, -2.900000, 11
-13.950000, -2.900000, 11
-13.800000, -2.900000, 11
-13.650000, -2.900000, 11
-13.500000, -2.900000, 11
-13.350000, -2.900000, 11
-13.200000, -2.900000, 11
-13.050000, -2.900000, 11
-12.900000, -2.900000, 11
-12.750000, -2.900000, 0
-12.600000, -2.900000, 0
-12.450000, -2.900000, 0
-12.300000, -2.900000, 0
-12.150000, -2.900000, 0
-12.000000, -2.900000, 2
-11.850000, -2.900000, 3
-11.700000, -2.900000, 2
-11.550000, -2.900000, 0
-11.400000, -2.900000, 0
-11.250000, -2.900000, 0
-11.100000, -2.900000, 0
-10.950000, -2.900000, 0
-10.800000, -2.900000, 0
-10.650000, -2.900000, 0
-10.500000, -2.900000, 0
-10.350000, -2.900000, 0
-10.200000, -2.900000, 0
-10.050000, -2.900000, 0
-9.900000, -2.900000, 0
-9.750000, -2.900000, 0
-9.600000, -2.900000, 0
-9.450000, -2.900000, 0
-9.300000, -2.900000, 0
-9.150000, -2.900000, 0
-9.000000, -2.900000, 0
-8.850000, -2.900000, 0
-8.700000, -2.900000, 0
-8.550000, -2.900000, 0
-8.400000, -2.900000, 0
-8.250000, -2.900000, 0
-8.100000, -2.900000, 0
-7.950000, -2.900000, 0
-7.800000, -2.900000, 0
-7.650000, -2.900000, 0
-7.500000, -2.900000, 0
-7.350000, -2.900000, 0
-7.200000, -2.900000, 0
-7.050000, -2.900000, 0
-6.900000, -2.900000, 0
-6.750000, -2.900000, 0
-6.600000, -2.900000, 0
-6.450000, -2.900000, 0
-6.300000, -2.900000, 0
-6.150000, -2.900000, 0
-6.000000, -2.900000, 2
-5.850000, -2.900000, 2
-5.700000, -2.900000, 2
-5.550000, -2.900000, 2
-5.400000, -2.900000, 2
-5.250000, -2.900000, 2
-5.100000, -2.900000, 2
-4.950000, -2.900000, 2
-4.800000, -2.900000, 2
-4.650000, -2.900000, 2
-4.500000, -2.900000, 2
-4.350000, -2.900000, 2
-4.200000, -2.900000, 2
-4.050000, -2.900000, 2
-3.900000, -2.900000, 2
-3.750000, -2.900000, 8
-3.600000, -2.900000, 4
-3.450000, -2.900000, 5
-3.300000, -2.900000, 7
-3.150000, -2.900000, 3
-3.000000, -2.900000, 3
-2.850000, -2.900000, 7
-2.700000, -2.900000, 7
-2.550000, -2.900000, 7
-2.400000, -2.900000, 7
-2.250000, -2.900000, 7
-2.100000, -2.900000, 7
-1.950000, -2.900000, 7
-1.800000, -2.900000, 7
-1.650000, -2.900000, 7
-1.500000, -2.900000, 7
-1.350000, -2.900000, 7
-1.200000, -2.900000, 7
-1.050000, -2.900000, 3
-0.900000, -2.900000, 8
-0.750000, -2.900000, 3
-0.600000, -2.900000, 3
-0.450000, -2.900000, 3
-0.300000, -2.900000, 8
-0.150000, -2.900000, 8
-0.000000, -2.900000, 8
0.150000, -2.900000, 8
0.300000, -2.900000, 8
0.450000, -2.900000, 8
0.600000, -2.900000, 8
0.750000, -2.900000, 8
0.900000, -2.900000, 8
1.050000, -2.900000, 3
1.200000, -2.900000, 3
1.350000, -2.900000, 3
1.500000, -2.900000, 3
1.650000, -2.900000, 3
1.800000, -2.900000, 3
1.950000, -2.900000, 3
2.100000, -2.900000, 3
2.250000, -2.900000, 3
2.400000, -2.900000, 3
2.550000, -2.900000, 3
2.700000, -2.900000, 3
2.850000, -2.900000, 3
3.000000, -2.900000, 1
3.150000, -2.900000, 1
3.300000, -2.900000, 1
3.450000, -2.900000, 1
3.600000, -2.900000, 1
3.750000, -2.900000, 1
3.900000, -2.900000, 1
4.050000, -2.900000, 1
4.200000, -2.900000, 1
4.350000, -2.900000, 1
4.500000, -2.900000, 1
4.650000, -2.900000, 1
4.800000, -2.900000, 1
4.950000, -2.900000, 1
5.100000, -2.900000, 1
5.250000, -2.900000, 1
5.400000, -2.900000, 1
5.550000, -2.900000, 1
5.700000, -2.900000, 1
5.850000, -2.900000, 1
6.000000, -2.900000, 1
6.150000, -2.900000, 1
6.300000, -2.900000, 1
6.450000, -2.900000, 1
6.600000, -2.900000, 1
6.750000, -2.900000, 1
6.900000, -2.900000, 1
7.050000, -2.900000, 1
7.200000, -2.900000, 1
7.350000, -2.900000, 1
7.500000, -2.900000, 8
7.650000, -2.900000, 9
7.800000, -2.900000, 1
7.950000, -2.900000, 3
8.100000, -2.900000, 3
8.250000, -2.900000, 3
8.400000, -2.900000, 1
8.550000, -2.900000, 8
8.700000, -2.900000, 8
8.850000, -2.900000, 3
9.000000, -2.900000, 3
9.150000, -2.900000, 8
9.300000, -2.900000, 8
9.450000, -2.900000, 3
9.600000, -2.900000, 3
9.750000, -2.900000, 8
9.900000, -2.900000, 1
10.050000, -2.900000, 8
10.200000, -2.900000, 7
10.350000, -2.900000, 7
10.500000, -2.900000, 2
10.650000, -2.900000, 1
10.800000, -2.900000, 6
10.950000, -2.900000, 6
11.100000, -2.900000, 11
11.250000, -2.900000, 11
11.400000, -2.900000, 9
11.550000, -2.900000, 10
11.700000, -2.900000, 10
11.850000, -2.900000, 4
12.000000, -2.900000, 10
12.150000, -2.900000, 2
12.300000, -2.900000, 7
12.450000, -2.900000, 1
12.600000, -2.900000, 9
12.750000, -2.900000, 6
12.900000, -2.900000, 6
13.050000, -2.900000, 6
13.200000, -2.900000, 5
13.350000, -2.900000, 1
13.500000, -2.900000, 1
13.650000, -2.900000, 1
13.800000, -2.900000, 5
13.950000, -2.900000, 5
14.100000, -2.900000, 5
14.250000, -2.900000, 5
14.400000, -2.900000, 5
14.550000, -2.900000, 5
14.700000, -2.900000, 5
14.850000, -2.900000, 5
-15.000000, -2.850000, 11
-14.850000, -2.850000, 11
-14.700000, -2.850000, 11
-14.550000, -2.850000, 11
-14.400000, -2.850000, 11
-14.250000, -2.850000, 11
-14.100000, -2.850000, 11
-13.950000, -2.850000, 11
-13.800000, -2.850000, 11
-13.650000, -2.850000, 11
-13.500000, -2.850000, 11
-13.350000, -2.850000, 11
-13.200000, -2.850000, 11
-13.050000, -2.850000, 11
-12.900000, -2.850000, 11
-12.750000, -2.850000, 11
-12.600000, -2.850000, 2
-12.450000, -2.850000, 0
-12.300000, -2.850000, 0
-12.150000, -2.850000, 0
-12.000000, -2.850000, 0
-11.850000, -2.850000, 7
-11.700000, -2.850000, 0
-11.550000, -2.850000, 0
-11.400000, -2.850000, 0
-11.250000, -2.850000, 0
-11.100000, -2.850000, 0
-10.950000, -2.850000, 0
-10.800000, -2.850000, 0
-10.650000, -2.850000, 0
-10.500000, -2.850000, 0
-10.350000, -2.850000, 0
-10.200000, -2.850000, 0
-10.050000, -2.850000, 0
-9.900000, -2.850000, 0
-9.750000, -2.850000, 0
-9.600000, -2.850000, 0
-9.450000, -2.850000, 0
-9.300000, -2.850000, 0
-9.150000, -2.850000, 0
-9.000000, -2.850000, 0
-8.850000, -2.850000, 0
-8.700000, -2.850000, 0
-8.550000, -2.850000, 0
-8.400000, -2.850000, 0
-8.250000, -2.850000, 0
-8.100000, -2.850000, 0
-7.950000, -2.850000, 0
-7.800000, -2.850000, 0
-7.650000, -2.850000, 0
-7.500000, -2.850000, 0
-7.350000, -2.850000, 0
-7.200000, -2.850000, 0
-7.050000, -2.850000, 0
-6.900000, -2.850000, 0
-6.750000, -2.850000, 0
-6.600000, -2.850000, 0
-6.450000, -2.850000, 0
-6.300000, -2.850000, 0
-6.150000, -2.850000, 0
-6.000000, -2.850000, 2
-5.850000, -2.850000, 2
-5.700000, -2.850000, 2
-5.550000, -2.850000, 2
-5.400000, -2.850000, 2
-5.250000, -2.850000, 2
-5.100000, -2.850000, 2
-4.950000, -2.850000, 2
-4.800000, -2.850000, 2
-4.650000, -2.850000, 2
-4.500000, -2.850000, 2
-4.350000, -2.850000, 2
-4.200000, -2.850000, 2
-4.050000, -2.850000, 2
-3.900000, -2.850000, 2
-3.750000, -2.850000, 2
-3.600000, -2.850000, 9
-3.450000, -2.850000, 5
-3.300000, -2.850000, 5
-3.150000, -2.850000, 8
-3.000000, -2.850000, 3
-2.850000, -2.850000, 7
-2.700000, -2.850000, 7
-2.550000, -2.850000, 7
-2.400000, -2.850000, 7
-2.250000, -2.850000, 7
-2.100000, -2.850000, 7
-1.950000, -2.850000, 7
-1.800000, -2.850000, 7
-1.650000, -2.850000, 7
-1.500000, -2.850000, 7
-1.350000, -2.850000, 7
-1.200000, -2.850000, 7
-1.050000, -2.850000, 6
-0.900000, -2.850000, 3
-0.750000, -2.850000, 3
-0.600000, -2.850000, 3
-0.450000, -2.850000, 3
-0.300000, -2.850000, 8
-0.150000, -2.850000, 8
-0.000000, -2.850000, 8
0.150000, -2.850000, 8
0.300000, -2.850000, 8
0.450000, -2.850000, 8
0.600000, -2.850000, 8
0.750000, -2.850000, 8
0.900000, -2.850000, 8
1.050000, -2.850000, 3
1.200000, -2.850000, 3
1.350000, -2.850000, 3
1.500000, -2.850000, 3
1.650000, -2.850000, 3
1.800000, -2.850000, 3
1.950000, -2.850000, 3
2.100000, -2.850000, 3
2.250000, -2.850000, 3
2.400000, -2.850000, 3
2.550000, -2.850000, 1
2.700000, -2.850000, 3
2.850000, -2.850000, 1
3.000000, -2.850000, 1
3.150000, -2.850000, 1
3.300000, -2.850000, 1
3.450000, -2.850000, 1
3.600000, -2.850000, 1
3.750000, -2.850000, 1
3.900000, -2.850000, 1
4.050000, -2.850000, 1
4.200000, -2.850000, 1
4.350000, -2.850000, 1
4.500000, -2.850000, 1
4.650000, -2.850000, 1
4.800000, -2.850000, 1
4.950000, -2.850000, 1
5.100000, -2.850000, 1
5.250000, -2.850000, 1
5.400000, -2.850000, 1
5.550000, -2.850000, 1
5.700000, -2.850000, 1
5.850000, -2.850000, 1
6.000000, -2.850000, 1
6.150000, -2.850000, 1
6.300000, -2.850000, 1
6.450000, -2.850000, 1
6.600000, -2.850000, 1
6.750000, -2.850000, 1
6.900000, -2.850000, 1
7.050000, -2.850000, 1
7.200000, -2.850000, 1
7.350000, -2.850000, 1
7.500000, -2.850000, 3
7.650000, -2.850000, 4
7.800000, -2.850000, 1
7.950000, -2.850000, 3
8.100000, -2.850000, 3
8.250000, -2.850000, 3
8.400000, -2.850000, 3
8.550000, -2.850000, 8
8.700000, -2.850000, 3
8.850000, -2.850000, 3
9.000000, -2.850000, 3
9.150000, -2.850000, 8
9.300000, -2.850000, 8
9.450000, -2.850000, 3
9.600000, -2.850000, 1
9.750000, -2.850000, 3
9.900000, -2.850000, 1
10.050000, -2.850000, 1
10.200000, -2.850000, 7
10.350000, -2.850000, 0
10.500000, -2.850000, 2
10.650000, -2.850000, 8
10.800000, -2.850000, 6
10.950000, -2.850000, 10
11.100000, -2.850000, 0
11.250000, -2.850000, 11
11.400000, -2.850000, 10
11.550000, -2.850000, 10
11.700000, -2.850000, 10
11.850000, -2.850000, 3
12.000000, -2.850000, 10
12.150000, -2.850000, 2
12.300000, -2.850000, 8
12.450000, -2.850000, 3
12.600000, -2.850000, 0
12.750000, -2.850000, 6
12.900000, -2.850000, 6
13.050000, -2.850000, 6
13.200000, -2.850000, 5
13.350000, -2.850000, 5
13.500000, -2.850000, 1
13.650000, -2.850000, 1
13.800000, -2.850000, 5
13.950000, -2.850000, 5
14.100000, -2.850000, 5
14.250000, -2.850000, 5
14.400000, -2.850000, 5
14.550000, -2.850000, 5
14.700000, -2.850000, 5
14.850000, -2.850000, 5
-15.000000, -2.800000, 11
-14.850000, -2.800000, 11
-14.700000, -2.800000, 11
-14.550000, -2.800000, 11
-14.400000, -2.800000, 11
-14.250000, -2.800000, 11
-14.100000, -2.800000, 11
-13.950000, -2.800000, 11
-13.800000, -2.800000, 11
-13.650000, -2.800000, 11
-13.500000, -2.800000, 11
-13.350000, -2.800000, 11
-13.200000, -2.800000, 11
-13.050000, -2.800000, 11
-12.900000, -2.800000, 11
-12.750000, -2.800000, 11
-12.600000, -2.800000, 11
-12.450000, -2.800000, 11
-12.300000, -2.800000, 0
-12.150000, -2.800000, 0
-12.000000, -2.800000, 0
-11.850000, -2.800000, 0
-11.700000, -2.800000, 0
-11.550000, -2.800000, 0
-11.400000, -2.800000, 0
-11.250000, -2.800000, 0
-11.100000, -2.800000, 0
-10.950000, -2.800000, 0
-10.800000, -2.800000, 0
-10.650000, -2.800000, 0
-10.500000, -2.800000, 0
-10.350000, -2.800000, 0
-10.200000, -2.800000, 0
-10.050000, -2.800000, 0
-9.900000, -2.800000, 0
-9.750000, -2.800000, 0
-9.600000, -2.800000, 0
-9.450000, -2.800000, 0
-9.300000, -2.800000, 0
-9.150000, -2.800000, 0
-9.000000, -2.800000, 0
-8.850000, -2.800000, 0
-8.700000, -2.800000, 0
-8.550000, -2.800000, 0
-8.400000, -2.800000, 0
-8.250000, -2.800000, 0
-8.100000, -2.800000, 0
-7.950000, -2.800000, 0
-7.800000, -2.800000, 0
-7.650000, -2.800000, 0
-7.500000, -2.800000, 0
-7.350000, -2.800000, 0
-7.200000, -2.800000, 0
-7.050000, -2.800000, 0
-6.900000, -2.800000, 0
-6.750000, -2.800000, 0
-6.600000, -2.800000, 0
-6.450000, -2.800000, 0
-6.300000, -2.800000, 0
-6.150000, -2.800000, 0
-6.000000, -2.800000, 2
-5.850000, -2.800000, 2
-5.700000, -2.800000, 4
-5.550000, -2.800000, 2
-5.400000, -2.800000, 2
-5.250000, -2.800000, 2
-5.100000, -2.800000, 2
-4.950000, -2.800000, 2
-4.800000, -2.800000, 2
-4.650000, -2.800000, 2
-4.500000, -2.800000, 2
-4.350000, -2.800000, 2
-4.200000, -2.800000, 2
-4.050000, -2.800000, 2
-3.900000, -2.800000, 2
-3.750000, -2.800000, 2
-3.600000, -2.800000, 2
-3.450000, -2.800000, 3
-3.300000, -2.800000, 6
-3.150000, -2.800000, 3
-3.000000, -2.800000, 3
-2.850000, -2.800000, 2
-2.700000, -2.800000, 7
-2.550000, -2.800000, 7
-2.400000, -2.800000, 7
-2.250000, -2.800000, 7
-2.100000, -2.800000, 7
-1.950000, -2.800000, 7
-1.800000, -2.800000, 7
-1.650000, -2.800000, 7
-1.500000, -2.800000, 7
-1.350000, -2.800000, 7
-1.200000, -2.800000, 7
-1.050000, -2.800000, 2
-0.900000, -2.800000, 3
-0.750000, -2.800000, 3
-0.600000, -2.800000, 3
-0.450000, -2.800000, 3
-0.300000, -2.800000, 8
-0.150000, -2.800000, 8
-0.000000, -2.800000, 8
0.150000, -2.800000, 8
0.300000, -2.800000, 8
0.450000, -2.800000, 8
0.600000, -2.800000, 8
0.750000, -2.800000, 8
0.900000, -2.800000, 8
1.050000, -2.800000, 3
1.200000, -2.800000, 3
1.350000, -2.800000, 3
1.500000, -2.800000, 3
1.650000, -2.800000, 3
1.800000, -2.800000, 3
1.950000, -2.800000, 3
2.100000, -2.800000, 3
2.250000, -2.800000, 3
2.400000, -2.800000, 3
2.550000, -2.800000, 4
2.700000, -2.800000, 1
2.850000, -2.800000, 3
3.000000, -2.800000, 1
3.150000, -2.800000, 1
3.300000, -2.800000, 1
3.450000, -2.800000, 1
3.600000, -2.800000, 1
3.750000, -2.800000, 1
3.900000, -2.800000, 1
4.050000, -2.800000, 1
4.200000, -2.800000, 1
4.350000, -2.800000, 1
4.500000, -2.800000, 1
4.650000, -2.800000, 1
4.800000, -2.800000, 1
4.950000, -2.800000, 1
5.100000, -2.800000, 1
5.250000, -2.800000, 1
5.400000, -2.800000, 1
5.550000, -2.800000, 1
5.700000, -2.800000, 1
5.850000, -2.800000, 1
6.000000, -2.800000, 1
6.150000, -2.800000, 1
6.300000, -2.800000, 1
6.450000, -2.800000, 1
6.600000, -2.800000, 1
6.750000, -2.800000, 1
6.900000, -2.800000, 1
7.050000, -2.800000, 1
7.200000, -2.800000, 1
7.350000, -2.800000, 3
7.500000, -2.800000, 8
7.650000, -2.800000, 4
7.800000, -2.800000, 8
7.950000, -2.800000, 3
8.100000, -2.800000, 3
8.250000, -2.800000, 3
8.400000, -2.800000, 3
8.550000, -2.800000, 3
8.700000, -2.800000, 3
8.850000, -2.800000, 3
9.000000, -2.800000, 3
9.150000, -2.800000, 8
9.300000, -2.800000, 8
9.450000, -2.800000, 7
9.600000, -2.800000, 1
9.750000, -2.800000, 10
9.900000, -2.800000, 5
10.050000, -2.800000, 1
10.200000, -2.800000, 7
10.350000, -2.800000, 0
10.500000, -2.800000, 2
10.650000, -2.800000, 6
10.800000, -2.800000, 4
10.950000, -2.800000, 10
11.100000, -2.800000, 9
11.250000, -2.800000, 11
11.400000, -2.800000, 6
11.550000, -2.800000, 10
11.700000, -2.800000, 1
11.850000, -2.800000, 6
12.000000, -2.800000, 4
12.150000, -2.800000, 2
12.300000, -2.800000, 8
12.450000, -2.800000, 3
12.600000, -2.800000, 8
12.750000, -2.800000, 6
12.900000, -2.800000, 6
13.050000, -2.800000, 5
13.200000, -2.800000, 5
13.350000, -2.800000, 5
13.500000, -2.800000, 5
13.650000, -2.800000, 5
13.800000, -2.800000, 5
13.950000, -2.800000, 5
14.100000, -2.800000, 5
14.250000, -2.800000, 5
14.400000, -2.800000, 5
14.550000, -2.800000, 5
14.700000, -2.800000, 5
14.850000, -2.800000, 5
-15.000000, -2.750000, 11
-14.850000, -2.750000, 11
-14.700000, -2.750000, 11
-14.550000, -2.750000, 11
-14.400000, -2.750000, 11
-14.250000, -2.750000, 11
-14.100000, -2.750000, 11
-13.950000, -2.750000, 11
-13.800000, -2.750000, 11
-13.650000, -2.750000, 11
-13.500000, -2.750000, 11
-13.350000, -2.750000, 11
-13.200000, -2.750000, 11
-13.050000, -2.750000, 11
-12.900000, -2.750000, 11
-12.750000, -2.750000, 11
-12.600000, -2.750000, 11
-12.450000, -2.750000, 11
-12.300000, -2.750000, 11
-12.150000, -2.750000, 11
-12.000000, -2.750000, 11
-11.850000, -2.750000, 0
-11.700000, -2.750000, 0
-11.550000, -2.750000, 0
-11.400000, -2.750000, 0
-11.250000, -2.750000, 0
-11.100000, -2.750000, 2
-10.950000, -2.750000, 2
-10.800000, -2.750000, 0
-10.650000, -2.750000, 0
-10.500000, -2.750000, 0
-10.350000, -2.750000, 0
-10.200000, -2.750000, 0
-10.050000, -2.750000, 0
-9.900000, -2.750000, 0
-9.750000, -2.750000, 0
-9.600000, -2.750000, 0
-9.450000, -2.750000, 0
-9.300000, -2.750000, 0
-9.150000, -2.750000, 0
-9.000000, -2.750000, 0
-8.850000, -2.750000, 0
-8.700000, -2.750000, 0
-8.550000, -2.750000, 0
-8.400000, -2.750000, 0
-8.250000, -2.750000, 0
-8.100000, -2.750000, 0
-7.950000, -2.750000, 0
-7.800000, -2.750000, 0
-7.650000, -2.750000, 0
-7.500000, -2.750000, 0
-7.350000, -2.750000, 0
-7.200000, -2.750000, 0
-7.050000, -2.750000, 0
-6.900000, -2.750000, 0
-6.750000, -2.750000, 0
-6.600000, -2.750000, 0
-6.450000, -2.750000, 0
-6.300000, -2.750000, 0
-6.150000, -2.750000, 0
-6.000000, -2.750000, 0
-5.850000, -2.750000, 2
-5.700000, -2.750000, 4
-5.550000, -2.750000, 2
-5.400000, -2.750000, 2
-5.250000, -2.750000, 2
-5.100000, -2.750000, 2
-4.950000, -2.750000, 2
-4.800000, -2.750000, 2
-4.650000, -2.750000, 2
-4.500000, -2.750000, 2
-4.350000, -2.750000, 2
-4.200000, -2.750000, 2
-4.050000, -2.750000, 2
-3.900000, -2.750000, 2
-3.750000, -2.750000, 2
-3.600000, -2.750000, 5
-3.450000, -2.750000, 3
-3.300000, -2.750000, 4
-3.150000, -2.750000, 3
-3.000000, -2.750000, 3
-2.850000, -2.750000, 2
-2.700000, -2.750000, 7
-2.550000, -2.750000, 7
-2.400000, -2.750000, 7
-2.250000, -2.750000, 7
-2.100000, -2.750000, 7
-1.950000, -2.750000, 7
-1.800000, -2.750000, 7
-1.650000, -2.750000, 7
-1.500000, -2.750000, 7
-1.350000, -2.750000, 7
-1.200000, -2.750000, 7
-1.050000, -2.750000, 5
-0.900000, -2.750000, 1
-0.750000, -2.750000, 3
-0.600000, -2.750000, 3
-0.450000, -2.750000, 3
-0.300000, -2.750000, 8
-0.150000, -2.750000, 8
-0.000000, -2.750000, 8
0.150000, -2.750000, 8
0.300000, -2.750000, 8
0.450000, -2.750000, 8
0.600000, -2.750000, 8
0.750000, -2.750000, 8
0.900000, -2.750000, 3
1.050000, -2.750000, 3
1.200000, -2.750000, 3
1.350000, -2.750000, 3
1.500000, -2.750000, 3
1.650000, -2.750000, 3
1.800000, -2.750000, 3
1.950000, -2.750000, 3
2.100000, -2.750000, 3
2.250000, -2.750000, 3
2.400000, -2.750000, 3
2.550000, -2.750000, 6
2.700000, -2.750000, 9
2.850000, -2.750000, 1
3.000000, -2.750000, 1
3.150000, -2.750000, 1
3.300000, -2.750000, 1
3.450000, -2.750000, 1
3.600000, -2.750000, 1
3.750000, -2.750000, 1
3.900000, -2.750000, 1
4.050000, -2.750000, 1
4.200000, -2.750000, 1
4.350000, -2.750000, 1
4.500000, -2.750000, 1
4.650000, -2.750000, 1
4.800000, -2.750000, 1
4.950000, -2.750000, 1
5.100000, -2.750000, 1
5.250000, -2.750000, 1
5.400000, -2.750000, 1
5.550000, -2.750000, 1
5.700000, -2.750000, 1
5.850000, -2.750000, 1
6.000000, -2.750000, 1
6.150000, -2.750000, 1
6.300000, -2.750000, 1
6.450000, -2.750000, 1
6.600000, -2.750000, 1
6.750000, -2.750000, 1
6.900000, -2.750000, 1
7.050000, -2.750000, 1
7.200000, -2.750000, 1
7.350000, -2.750000, 3
7.500000, -2.750000, 3
7.650000, -2.750000, 4
7.800000, -2.750000, 8
7.950000, -2.750000, 3
8.100000, -2.750000, 3
8.250000, -2.750000, 3
8.400000, -2.750000, 3
8.550000, -2.750000, 3
8.700000, -2.750000, 3
8.850000, -2.750000, 3
9.000000, -2.750000, 3
9.150000, -2.750000, 3
9.300000, -2.750000, 8
9.450000, -2.750000, 7
9.600000, -2.750000, 10
9.750000, -2.750000, 6
9.900000, -2.750000, 5
10.050000, -2.750000, 5
10.200000, -2.750000, 11
10.350000, -2.750000, 0
10.500000, -2.750000, 9
10.650000, -2.750000, 6
10.800000, -2.750000, 4
10.950000, -2.750000, 10
11.100000, -2.750000, 9
11.250000, -2.750000, 7
11.400000, -2.750000, 5
11.550000, -2.750000, 4
11.700000, -2.750000, 10
11.850000, -2.750000, 6
12.000000, -2.750000, 4
12.150000, -2.750000, 3
12.300000, -2.750000, 3
12.450000, -2.750000, 1
12.600000, -2.750000, 5
12.750000, -2.750000, 5
12.900000, -2.750000, 5
13.050000, -2.750000, 5
13.200000, -2.750000, 5
13.350000, -2.750000, 5
13.500000, -2.750000, 5
13.650000, -2.750000, 5
13.800000, -2.750000, 5
13.950000, -2.750000, 5
14.100000, -2.750000, 5
14.250000, -2.750000, 5
14.400000, -2.750000, 5
14.550000, -2.750000, 5
14.700000, -2.750000, 5
14.850000, -2.750000, 5
-15.000000, -2.700000, 11
-14.850000, -2.700000, 11
-14.700000, -2.700000, 11
-14.550000, -2.700000, 11
-14.400000, -2.700000, 11
-14.250000, -2.700000, 11
-14.100000, -2.700000, 11
-13.950000, -2.700000, 11
-13.800000, -2.700000, 11
-13.650000, -2.700000, 11
-13.500000, -2.700000, 11
-13.350000, -2.700000, 11
-13.200000, -2.700000, 11
-13.050000, -2.700000, 11
-12.900000, -2.700000, 11
-12.750000, -2.700000, 11
-12.600000, -2.700000, 11
-12.450000, -2.700000, 11
-12.300000, -2.700000, 11
-12.150000, -2.700000, 11
-12.000000, -2.700000, 11
-11.850000, -2.700000, 11
-11.700000, -2.700000, 0
-11.550000, -2.700000, 0
-11.400000, -2.700000, 0
-11.250000, -2.700000, 0
-11.100000, -2.700000, 2
-10.950000, -2.700000, 9
-10.800000, -2.700000, 0
-10.650000, -2.700000, 0
-10.500000, -2.700000, 0
-10.350000, -2.700000, 0
-10.200000, -2.700000, 0
-10.050000, -2.700000, 0
-9.900000, -2.700000, 0
-9.750000, -2.700000, 0
-9.600000, -2.700000, 0
-9.450000, -2.700000, 0
-9.300000, -2.700000, 0
-9.150000, -2.700000, 0
-9.000000, -2.700000, 0
-8.850000, -2.700000, 0
-8.700000, -2.700000, 0
-8.550000, -2.700000, 0
-8.400000, -2.700000, 0
-8.250000, -2.700000, 0
-8.100000, -2.700000, 0
-7.950000, -2.700000, 0
-7.800000, -2.700000, 0
-7.650000, -2.700000, 0
-7.500000, -2.700000, 0
-7.350000, -2.700000, 0
-7.200000, -2.700000, 0
-7.050000, -2.700000, 0
-6.900000, -2.700000, 0
-6.750000, -2.700000, 0
-6.600000, -2.700000, 0
-6.450000, -2.700000, 0
-6.300000, -2.700000, 0
-6.150000, -2.700000, 0
-6.000000, -2.700000, 0
-5.850000, -2.700000, 0
-5.700000, -2.700000, 0
-5.550000, -2.700000, 2
-5.400000, -2.700000, 2
-5.250000, -2.700000, 2
-5.100000, -2.700000, 2
-4.950000, -2.700000, 2
-4.800000, -2.700000, 2
-4.650000, -2.700000, 2
-4.500000, -2.700000, 2
-4.350000, -2.700000, 2
-4.200000, -2.700000, 2
-4.050000, -2.700000, 2
-3.900000, -2.700000, 2
-3.750000, -2.700000, 2
-3.600000, -2.700000, 5
-3.450000, -2.700000, 5
-3.300000, -2.700000, 4
-3.150000, -2.700000, 3
-3.000000, -2.700000, 3
-2.850000, -2.700000, 11
-2.700000, -2.700000, 8
-2.550000, -2.700000, 7
-2.400000, -2.700000, 7
-2.250000, -2.700000, 7
-2.100000, -2.700000, 7
-1.950000, -2.700000, 7
-1.800000, -2.700000, 7
-1.650000, -2.700000, 7
-1.500000, -2.700000, 7
-1.350000, -2.700000, 7
-1.200000, -2.700000, 7
-1.050000, -2.700000, 3
-0.900000, -2.700000, 1
-0.750000, -2.700000, 3
-0.600000, -2.700000, 3
-0.450000, -2.700000, 3
-0.300000, -2.700000, 8
-0.150000, -2.700000, 8
-0.000000, -2.700000, 8
0.150000, -2.700000, 8
0.300000, -2.700000, 8
0.450000, -2.700000, 8
0.600000, -2.700000, 8
0.750000, -2.700000, 8
0.900000, -2.700000, 3
1.050000, -2.700000, 3
1.200000, -2.700000, 3
1.350000, -2.700000, 3
1.500000, -2.700000, 3
1.650000, -2.700000, 3
1.800000, -2.700000, 3
1.950000, -2.700000, 3
2.100000, -2.700000, 3
2.250000, -2.700000, 3
2.400000, -2.700000, 8
2.550000, -2.700000, 3
2.700000, -2.700000, 3
2.850000, -2.700000, 1
3.000000, -2.700000, 1
3.150000, -2.700000, 1
3.300000, -2.700000, 1
3.450000, -2.700000, 1
3.600000, -2.700000, 1
3.750000, -2.700000, 1
3.900000, -2.700000, 1
4.050000, -2.700000, 1
4.200000, -2.700000, 1
4.350000, -2.700000, 1
4.500000, -2.700000, 1
4.650000, -2.700000, 1
4.800000, -2.700000, 1
4.950000, -2.700000, 1
5.100000, -2.700000, 1
5.250000, -2.700000, 1
5.400000, -2.700000, 1
5.550000, -2.700000, 1
5.700000, -2.700000, 1
5.850000, -2.700000, 1
6.000000, -2.700000, 1
6.150000, -2.700000, 1
6.300000, -2.700000, 1
6.450000, -2.700000, 1
6.600000, -2.700000, 1
6.750000, -2.700000, 1
6.900000, -2.700000, 1
7.050000, -2.700000, 1
7.200000, -2.700000, 1
7.350000, -2.700000, 3
7.500000, -2.700000, 3
7.650000, -2.700000, 4
7.800000, -2.700000, 8
7.950000, -2.700000, 8
8.100000, -2.700000, 3
8.250000, -2.700000, 3
8.400000, -2.700000, 8
8.550000, -2.700000, 1
8.700000, -2.700000, 3
8.850000, -2.700000, 3
9.000000, -2.700000, 1
9.150000, -2.700000, 3
9.300000, -2.700000, 8
9.450000, -2.700000, 7
9.600000, -2.700000, 2
9.750000, -2.700000, 5
9.900000, -2.700000, 5
10.050000, -2.700000, 6
10.200000, -2.700000, 11
10.350000, -2.700000, 0
10.500000, -2.700000, 9
10.650000, -2.700000, 4
10.800000, -2.700000, 4
10.950000, -2.700000, 10
11.100000, -2.700000, 9
11.250000, -2.700000, 7
11.400000, -2.700000, 1
11.550000, -2.700000, 4
11.700000, -2.700000, 6
11.850000, -2.700000, 6
12.000000, -2.700000, 4
12.150000, -2.700000, 3
12.300000, -2.700000, 3
12.450000, -2.700000, 1
12.600000, -2.700000, 5
12.750000, -2.700000, 5
12.900000, -2.700000, 5
13.050000, -2.700000, 5
13.200000, -2.700000, 5
13.350000, -2.700000, 5
13.500000, -2.700000, 5
13.650000, -2.700000, 5
13.800000, -2.700000, 5
13.950000, -2.700000, 5
14.100000, -2.700000, 5
14.250000, -2.700000, 5
14.400000, -2.700000, 5
14.550000, -2.700000, 5
14.700000, -2.700000, 5
14.850000, -2.700000, 5
-15.000000, -2.650000, 11
-14.850000, -2.650000, 11
-14.700000, -2.650000, 11
-14.550000, -2.650000, 11
-14.400000, -2.650000, 11
-14.250000, -2.650000, 11
-14.100000, -2.650000, 11
-13.950000, -2.650000, 11
-13.800000, -2.650000, 11
-13.650000, -2.650000, 11
-13.500000, -2.650000, 11
-13.350000, -2.650000, 11
-13.200000, -2.650000, 11
-13.050000, -2.650000, 11
-12.900000, -2.650000, 11
-12.750000, -2.650000, 11
-12.600000, -2.650000, 11
-12.450000, -2.650000, 11
-12.300000, -2.650000, 11
-12.150000, -2.650000, 11
-12.000000, -2.650000, 11
-11.850000, -2.650000, 11
-11.700000, -2.650000, 0
-11.550000, -2.650000, 0
-11.400000, -2.650000, 0
-11.250000, -2.650000, 0
-11.100000, -2.650000, 0
-10.950000, -2.650000, 1
-10.800000, -2.650000, 2
-10.650000, -2.650000, 0
-10.500000, -2.650000, 0
-10.350000, -2.650000, 0
-10.200000, -2.650000, 0
-10.050000, -2.650000, 0
-9.900000, -2.650000, 0
-9.750000, -2.650000, 0
-9.600000, -2.650000, 0
-9.450000, -2.650000, 0
-9.300000, -2.650000, 0
-9.150000, -2.650000, 0
-9.000000, -2.650000, 0
-8.850000, -2.650000, 0
-8.700000, -2.650000, 0
-8.550000, -2.650000, 0
-8.400000, -2.650000, 0
-8.250000, -2.650000, 0
-8.100000, -2.650000, 0
-7.950000, -2.650000, 0
-7.800000, -2.650000, 0
-7.650000, -2.650000, 0
-7.500000, -2.650000, 0
-7.350000, -2.650000, 0
-7.200000, -2.650000, 0
-7.050000, -2.650000, 0
-6.900000, -2.650000, 0
-6.750000, -2.650000, 0
-6.600000, -2.650000, 0
-6.450000, -2.650000, 0
-6.300000, -2.650000, 0
-6.150000, -2.650000, 0
-6.000000, -2.650000, 0
-5.850000, -2.650000, 0
-5.700000, -2.650000, 2
-5.550000, -2.650000, 2
-5.400000, -2.650000, 2
-5.250000, -2.650000, 2
-5.100000, -2.650000, 2
-4.950000, -2.650000, 2
-4.800000, -2.650000, 2
-4.650000, -2.650000, 2
-4.500000, -2.650000, 2
-4.350000, -2.650000, 2
-4.200000, -2.650000, 2
-4.050000, -2.650000, 2
-3.900000, -2.650000, 2
-3.750000, -2.650000, 2
-3.600000, -2.650000, 2
-3.450000, -2.650000, 4
-3.300000, -2.650000, 4
-3.150000, -2.650000, 9
-3.000000, -2.650000, 1
-2.850000, -2.650000, 1
-2.700000, -2.650000, 1
-2.550000, -2.650000, 7
-2.400000, -2.650000, 7
-2.250000, -2.650000, 7
-2.100000, -2.650000, 7
-1.950000, -2.650000, 7
-1.800000, -2.650000, 7
-1.650000, -2.650000, 7
-1.500000, -2.650000, 7
-1.350000, -2.650000, 7
-1.200000, -2.650000, 7
-1.050000, -2.650000, 3
-0.900000, -2.650000, 1
-0.750000, -2.650000, 3
-0.600000, -2.650000, 3
-0.450000, -2.650000, 3
-0.300000, -2.650000, 8
-0.150000, -2.650000, 8
-0.000000, -2.650000, 8
0.150000, -2.650000, 8
0.300000, -2.650000, 8
0.450000, -2.650000, 8
0.600000, -2.650000, 8
0.750000, -2.650000, 8
0.900000, -2.650000, 3
1.050000, -2.650000, 3
1.200000, -2.650000, 3
1.350000, -2.650000, 3
1.500000, -2.650000, 3
1.650000, -2.650000, 3
1.800000, -2.650000, 3
1.950000, -2.650000, 3
2.100000, -2.650000, 3
2.250000, -2.650000, 3
2.400000, -2.650000, 8
2.550000, -2.650000, 8
2.700000, -2.650000, 1
2.850000, -2.650000, 1
3.000000, -2.650000, 1
3.150000, -2.650000, 1
3.300000, -2.650000, 1
3.450000, -2.650000, 1
3.600000, -2.650000, 1
3.750000, -2.650000, 1
3.900000, -2.650000, 1
4.050000, -2.650000, 1
4.200000, -2.650000, 1
4.350000, -2.650000, 1
4.500000, -2.650000, 1
4.650000, -2.650000, 1
4.800000, -2.650000, 1
4.950000, -2.650000, 1
5.100000, -2.650000, 1
5.250000, -2.650000, 1
5.400000, -2.650000, 1
5.550000, -2.650000, 1
5.700000, -2.650000, 1
5.850000, -2.650000, 1
6.000000, -2.650000, 1
6.150000, -2.650000, 1
6.300000, -2.650000, 1
6.450000, -2.650000, 1
6.600000, -2.650000, 1
6.750000, -2.650000, 1
6.900000, -2.650000, 8
7.050000, -2.650000, 4
7.200000, -2.650000, 3
7.350000, -2.650000, 3
7.500000, -2.650000, 3
7.650000, -2.650000, 8
7.800000, -2.650000, 3
7.950000, -2.650000, 8
8.100000, -2.650000, 3
8.250000, -2.650000, 3
8.400000, -2.650000, 8
8.550000, -2.650000, 3
8.700000, -2.650000, 3
8.850000, -2.650000, 8
9.000000, -2.650000, 1
9.150000, -2.650000, 1
9.300000, -2.650000, 8
9.450000, -2.650000, 7
9.600000, -2.650000, 2
9.750000, -2.650000, 3
9.900000, -2.650000, 6
10.050000, -2.650000, 10
10.200000, -2.650000, 11
10.350000, -2.650000, 11
10.500000, -2.650000, 10
10.650000, -2.650000, 4
10.800000, -2.650000, 4
10.950000, -2.650000, 10
11.100000, -2.650000, 2
11.250000, -2.650000, 7
11.400000, -2.650000, 3
11.550000, -2.650000, 9
11.700000, -2.650000, 6
11.850000, -2.650000, 6
12.000000, -2.650000, 6
12.150000, -2.650000, 3
12.300000, -2.650000, 1
12.450000, -2.650000, 1
12.600000, -2.650000, 5
12.750000, -2.650000, 5
12.900000, -2.650000, 5
13.050000, -2.650000, 5
13.200000, -2.650000, 5
13.350000, -2.650000, 5
13.500000, -2.650000, 5
13.650000, -2.650000, 5
13.800000, -2.650000, 5
13.950000, -2.650000, 5
14.100000, -2.650000, 5
14.250000, -2.650000, 5
14.400000, -2.650000, 5
14.550000, -2.650000, 5
14.700000, -2.650000, 5
14.850000, -2.650000, 5
-15.000000, -2.600000, 11
-14.850000, -2.600000, 11
-14.700000, -2.600000, 11
-14.550000, -2.600000, 11
-14.400000, -2.600000, 11
-14.250000, -2.600000, 11
-14.100000, -2.600000, 11
-13.950000, -2.600000, 11
-13.800000, -2.600000, 11
-13.650000, -2.600000, 11
-13.500000, -2.600000, 11
-13.350000, -2.600000, 11
-13.200000, -2.600000, 11
-13.050000, -2.600000, 11
-12.900000, -2.600000, 11
-12.750000, -2.600000, 11
-12.600000, -2.600000, 11
-12.450000, -2.600000, 11
-12.300000, -2.600000, 11
-12.150000, -2.600000, 11
-12.000000, -2.600000, 11
-11.850000, -2.600000, 11
-11.700000, -2.600000, 11
-11.550000, -2.600000, 0
-11.400000, -2.600000, 0
-11.250000, -2.600000, 0
-11.100000, -2.600000, 0
-10.950000, -2.600000, 0
-10.800000, -2.600000, 2
-10.650000, -2.600000, 0
-10.500000, -2.600000, 0
-10.350000, -2.600000, 0
-10.200000, -2.600000, 0
-10.050000, -2.600000, 0
-9.900000, -2.600000, 0
-9.750000, -2.600000, 0
-9.600000, -2.600000, 0
-9.450000, -2.600000, 0
-9.300000, -2.600000, 0
-9.150000, -2.600000, 0
-9.000000, -2.600000, 0
-8.850000, -2.600000, 0
-8.700000, -2.600000, 0
-8.550000, -2.600000, 0
-8.400000, -2.600000, 0
-8.250000, -2.600000, 0
-8.100000, -2.600000, 0
-7.950000, -2.600000, 0
-7.800000, -2.600000, 0
-7.650000, -2.600000, 0
-7.500000, -2.600000, 0
-7.350000, -2.600000, 0
-7.200000, -2.600000, 0
-7.050000, -2.600000, 0
-6.900000, -2.600000, 0
-6.750000, -2.600000, 0
-6.600000, -2.600000, 0
-6.450000, -2.600000, 0
-6.300000, -2.600000, 0
-6.150000, -2.600000, 0
-6.000000, -2.600000, 0
-5.850000, -2.600000, 0
-5.700000, -2.600000, 0
-5.550000, -2.600000, 2
-5.400000, -2.600000, 2
-5.250000, -2.600000, 2
-5.100000, -2.600000, 2
-4.950000, -2.600000, 2
-4.800000, -2.600000, 2
-4.650000, -2.600000, 2
-4.500000, -2.600000, 2
-4.350000, -2.600000, 2
-4.200000, -2.600000, 2
-4.050000, -2.600000, 2
-3.900000, -2.600000, 2
-3.750000, -2.600000, 2
-3.600000, -2.600000, 2
-3.450000, -2.600000, 1
-3.300000, -2.600000, 4
-3.150000, -2.600000, 5
-3.000000, -2.600000, 1
-2.850000, -2.600000, 3
-2.700000, -2.600000, 3
-2.550000, -2.600000, 7
-2.400000, -2.600000, 7
-2.250000, -2.600000, 7
-2.100000, -2.600000, 7
-1.950000, -2.600000, 7
-1.800000, -2.600000, 7
-1.650000, -2.600000, 7
-1.500000, -2.600000, 7
-1.350000, -2.600000, 7
-1.200000, -2.600000, 7
-1.050000, -2.600000, 2
-0.900000, -2.600000, 4
-0.750000, -2.600000, 3
-0.600000, -2.600000, 3
-0.450000, -2.600000, 3
-0.300000, -2.600000, 8
-0.150000, -2.600000, 8
-0.000000, -2.600000, 8
0.150000, -2.600000, 8
0.300000, -2.600000, 8
0.450000, -2.600000, 8
0.600000, -2.600000, 8
0.750000, -2.600000, 8
0.900000, -2.600000, 3
1.050000, -2.600000, 3
1.200000, -2.600000, 3
1.350000, -2.600000, 3
1.500000, -2.600000, 3
1.650000, -2.600000, 3
1.800000, -2.600000, 3
1.950000, -2.600000, 3
2.100000, -2.600000, 3
2.250000, -2.600000, 3
2.400000, -2.600000, 7
2.550000, -2.600000, 3
2.700000, -2.600000, 1
2.850000, -2.600000, 1
3.000000, -2.600000, 1
3.150000, -2.600000, 1
3.300000, -2.600000, 1
3.450000, -2.600000, 1
3.600000, -2.600000, 1
3.750000, -2.600000, 1
3.900000, -2.600000, 1
4.050000, -2.600000, 1
4.200000, -2.600000, 1
4.350000, -2.600000, 1
4.500000, -2.600000, 1
4.650000, -2.600000, 1
4.800000, -2.600000, 1
4.950000, -2.600000, 1
5.100000, -2.600000, 1
5.250000, -2.600000, 1
5.400000, -2.600000, 1
5.550000, -2.600000, 1
5.700000, -2.600000, 1
5.850000, -2.600000, 1
6.000000, -2.600000, 1
6.150000, -2.600000, 1
6.300000, -2.600000, 1
6.450000, -2.600000, 1
6.600000, -2.600000, 1
6.750000, -2.600000, 3
6.900000, -2.600000, 3
7.050000, -2.600000, 5
7.200000, -2.600000, 3
7.350000, -2.600000, 3
7.500000, -2.600000, 3
7.650000, -2.600000, 3
7.800000, -2.600000, 3
7.950000, -2.600000, 3
8.100000, -2.600000, 3
8.250000, -2.600000, 3
8.400000, -2.600000, 8
8.550000, -2.600000, 8
8.700000, -2.600000, 3
8.850000, -2.600000, 8
9.000000, -2.600000, 1
9.150000, -2.600000, 1
9.300000, -2.600000, 8
9.450000, -2.600000, 0
9.600000, -2.600000, 2
9.750000, -2.600000, 5
9.900000, -2.600000, 6
10.050000, -2.600000, 10
10.200000, -2.600000, 0
10.350000, -2.600000, 11
10.500000, -2.600000, 10
10.650000, -2.600000, 4
10.800000, -2.600000, 6
10.950000, -2.600000, 10
11.100000, -2.600000, 1
11.250000, -2.600000, 3
11.400000, -2.600000, 3
11.550000, -2.600000, 11
11.700000, -2.600000, 6
11.850000, -2.600000, 6
12.000000, -2.600000, 6
12.150000, -2.600000, 4
12.300000, -2.600000, 1
12.450000, -2.600000, 1
12.600000, -2.600000, 5
12.750000, -2.600000, 5
12.900000, -2.600000, 5
13.050000, -2.600000, 5
13.200000, -2.600000, 5
13.350000, -2.600000, 5
13.500000, -2.600000, 5
13.650000, -2.600000, 5
13.800000, -2.600000, 5
13.950000, -2.600000, 5
14.100000, -2.600000, 5
14.250000, -2.600000, 5
14.400000, -2.600000, 5
14.550000, -2.600000, 5
14.700000, -2.600000, 5
14.850000, -2.600000, 5
-15.000000, -2.550000, 11
-14.850000, -2.550000, 11
-14.700000, -2.550000, 11
-14.550000, -2.550000, 11
-14.400000, -2.550000, 11
-14.250000, -2.550000, 11
-14.100000, -2.550000, 11
-13.950000, -2.550000, 11
-13.800000, -2.550000, 11
-13.650000, -2.550000, 11
-13.500000, -2.550000, 11
-13.350000, -2.550000, 11
-13.200000, -2.550000, 11
-13.050000, -2.550000, 11
-12.900000, -2.550000, 11
-12.750000, -2.550000, 11
-12.600000, -2.550000, 11
-12.450000, -2.550000, 11
-12.300000, -2.550000, 11
-12.150000, -2.550000, 11
-12.000000, -2.550000, 11
-11.850000, -2.550000, 11
-11.700000, -2.550000, 11
-11.550000, -2.550000, 11
-11.400000, -2.550000, 0
-11.250000, -2.550000, 0
-11.100000, -2.550000, 11
-10.950000, -2.550000, 0
-10.800000, -2.550000, 0
-10.650000, -2.550000, 0
-10.500000, -2.550000, 0
-10.350000, -2.550000, 0
-10.200000, -2.550000, 2
-10.050000, -2.550000, 0
-9.900000, -2.550000, 0
-9.750000, -2.550000, 0
-9.600000, -2.550000, 0
-9.450000, -2.550000, 0
-9.300000, -2.550000, 0
-9.150000, -2.550000, 0
-9.000000, -2.550000, 0
-8.850000, -2.550000, 0
-8.700000, -2.550000, 0
-8.550000, -2.550000, 0
-8.400000, -2.550000, 0
-8.250000, -2.550000, 0
-8.100000, -2.550000, 0
-7.950000, -2.550000, 0
-7.800000, -2.550000, 0
-7.650000, -2.550000, 0
-7.500000, -2.550000, 0
-7.350000, -2.550000, 0
-7.200000, -2.550000, 0
-7.050000, -2.550000, 0
-6.900000, -2.550000, 0
-6.750000, -2.550000, 0
-6.600000, -2.550000, 0
-6.450000, -2.550000, 0
-6.300000, -2.550000, 0
-6.150000, -2.550000, 0
-6.000000, -2.550000, 0
-5.850000, -2.550000, 0
-5.700000, -2.550000, 0
-5.550000, -2.550000, 2
-5.400000, -2.550000, 2
-5.250000, -2.550000, 2
-5.100000, -2.550000, 2
-4.950000, -2.550000, 2
-4.800000, -2.550000, 2
-4.650000, -2.550000, 2
-4.500000, -2.550000, 2
-4.350000, -2.550000, 2
-4.200000, -2.550000, 2
-4.050000, -2.550000, 2
-3.900000, -2.550000, 2
-3.750000, -2.550000, 2
-3.600000, -2.550000, 2
-3.450000, -2.550000, 2
-3.300000, -2.550000, 8
-3.150000, -2.550000, 4
-3.000000, -2.550000, 1
-2.850000, -2.550000, 3
-2.700000, -2.550000, 8
-2.550000, -2.550000, 7
-2.400000, -2.550000, 7
-2.250000, -2.550000, 7
-2.100000, -2.550000, 7
-1.950000, -2.550000, 7
-1.800000, -2.550000, 7
-1.650000, -2.550000, 7
-1.500000, -2.550000, 7
-1.350000, -2.550000, 7
-1.200000, -2.550000, 7
-1.050000, -2.550000, 7
-0.900000, -2.550000, 7
-0.750000, -2.550000, 3
-0.600000, -2.550000, 3
-0.450000, -2.550000, 3
-0.300000, -2.550000, 8
-0.150000, -2.550000, 8
-0.000000, -2.550000, 8
0.150000, -2.550000, 8
0.300000, -2.550000, 8
0.450000, -2.550000, 8
0.600000, -2.550000, 8
0.750000, -2.550000, 8
0.900000, -2.550000, 1
1.050000, -2.550000, 3
1.200000, -2.550000, 3
1.350000, -2.550000, 3
1.500000, -2.550000, 3
1.650000, -2.550000, 3
1.800000, -2.550000, 3
1.950000, -2.550000, 3
2.100000, -2.550000, 3
2.250000, -2.550000, 3
2.400000, -2.550000, 4
2.550000, -2.550000, 7
2.700000, -2.550000, 1
2.850000, -2.550000, 1
3.000000, -2.550000, 1
3.150000, -2.550000, 1
3.300000, -2.550000, 1
3.450000, -2.550000, 1
3.600000, -2.550000, 1
3.750000, -2.550000, 1
3.900000, -2.550000, 1
4.050000, -2.550000, 1
4.200000, -2.550000, 1
4.350000, -2.550000, 1
4.500000, -2.550000, 1
4.650000, -2.550000, 1
4.800000, -2.550000, 1
4.950000, -2.550000, 1
5.100000, -2.550000, 1
5.250000, -2.550000, 1
5.400000, -2.550000, 1
5.550000, -2.550000, 1
5.700000, -2.550000, 1
5.850000, -2.550000, 1
6.000000, -2.550000, 1
6.150000, -2.550000, 1
6.300000, -2.550000, 1
6.450000, -2.550000, 1
6.600000, -2.550000, 1
6.750000, -2.550000, 1
6.900000, -2.550000, 3
7.050000, -2.550000, 10
7.200000, -2.550000, 3
7.350000, -2.550000, 3
7.500000, -2.550000, 3
7.650000, -2.550000, 3
7.800000, -2.550000, 3
7.950000, -2.550000, 3
8.100000, -2.550000, 3
8.250000, -2.550000, 3
8.400000, -2.550000, 8
8.550000, -2.550000, 8
8.700000, -2.550000, 7
8.850000, -2.550000, 6
9.000000, -2.550000, 5
9.150000, -2.550000, 5
9.300000, -2.550000, 7
9.450000, -2.550000, 0
9.600000, -2.550000, 2
9.750000, -2.550000, 6
9.900000, -2.550000, 4
10.050000, -2.550000, 10
10.200000, -2.550000, 0
10.350000, -2.550000, 7
10.500000, -2.550000, 6
10.650000, -2.550000, 4
10.800000, -2.550000, 6
10.950000, -2.550000, 4
11.100000, -2.550000, 5
11.250000, -2.550000, 3
11.400000, -2.550000, 3
11.550000, -2.550000, 5
11.700000, -2.550000, 6
11.850000, -2.550000, 6
12.000000, -2.550000, 6
12.150000, -2.550000, 4
12.300000, -2.550000, 5
12.450000, -2.550000, 5
12.600000, -2.550000, 5
12.750000, -2.550000, 5
12.900000, -2.550000, 5
13.050000, -2.550000, 5
13.200000, -2.550000, 5
13.350000, -2.550000, 5
13.500000, -2.550000, 5
13.650000, -2.550000, 5
13.800000, -2.550000, 5
13.950000, -2.550000, 5
14.100000, -2.550000, 5
14.250000, -2.550000, 5
14.400000, -2.550000, 5
14.550000, -2.550000, 5
14.700000, -2.550000, 5
14.850000, -2.550000, 5
-15.000000, -2.500000, 11
-14.850000, -2.500000, 11
-14.700000, -2.500000, 11
-14.550000, -2.500000, 11
-14.400000, -2.500000, 11
-14.250000, -2.500000, 11
-14.100000, -2.500000, 11
-13.950000, -2.500000, 11
-13.800000, -2.500000, 11
-13.650000, -2.500000, 11
-13.500000, -2.500000, 11
-13.350000, -2.500000, 11
-13.200000, -2.500000, 11
-13.050000, -2.500000, 11
-12.900000, -2.500000, 11
-12.750000, -2.500000, 11
-12.600000, -2.500000, 11
-12.450000, -2.500000, 11
-12.300000, -2.500000, 11
-12.150000, -2.500000, 11
-12.000000, -2.500000, 11
-11.850000, -2.500000, 11
-11.700000, -2.500000, 11
-11.550000, -2.500000, 11
-11.400000, -2.500000, 11
-11.250000, -2.500000, 11
-11.100000, -2.500000, 11
-10.950000, -2.500000, 11
-10.800000, -2.500000, 0
-10.650000, -2.500000, 0
-10.500000, -2.500000, 0
-10.350000, -2.500000, 0
-10.200000, -2.500000, 2
-10.050000, -2.500000, 0
-9.900000, -2.500000, 0
-9.750000, -2.500000, 0
-9.600000, -2.500000, 0
-9.450000, -2.500000, 0
-9.300000, -2.500000, 0
-9.150000, -2.500000, 0
-9.000000, -2.500000, 0
-8.850000, -2.500000, 0
-8.700000, -2.500000, 0
-8.550000, -2.500000, 0
-8.400000, -2.500000, 0
-8.250000, -2.500000, 0
-8.100000, -2.500000, 0
-7.950000, -2.500000, 0
-7.800000, -2.500000, 0
-7.650000, -2.500000, 0
-7.500000, -2.500000, 0
-7.350000, -2.500000, 0
-7.200000, -2.500000, 0
-7.050000, -2.500000, 0
-6.900000, -2.500000, 0
-6.750000, -2.500000, 0
-6.600000, -2.500000, 0
-6.450000, -2.500000, 0
-6.300000, -2.500000, 0
-6.150000, -2.500000, 0
-6.000000, -2.500000, 0
-5.850000, -2.500000, 0
-5.700000, -2.500000, 0
-5.550000, -2.500000, 0
-5.400000, -2.500000, 2
-5.250000, -2.500000, 1
-5.100000, -2.500000, 2
-4.950000, -2.500000, 2
-4.800000, -2.500000, 2
-4.650000, -2.500000, 2
-4.500000, -2.500000, 2
-4.350000, -2.500000, 2
-4.200000, -2.500000, 2
-4.050000, -2.500000, 2
-3.900000, -2.500000, 2
-3.750000, -2.500000, 2
-3.600000, -2.500000, 2
-3.450000, -2.500000, 2
-3.300000, -2.500000, 7
-3.150000, -2.500000, 4
-3.000000, -2.500000, 9
-2.850000, -2.500000, 3
-2.700000, -2.500000, 1
-2.550000, -2.500000, 4
-2.400000, -2.500000, 7
-2.250000, -2.500000, 7
-2.100000, -2.500000, 7
-1.950000, -2.500000, 7
-1.800000, -2.500000, 7
-1.650000, -2.500000, 7
-1.500000, -2.500000, 7
-1.350000, -2.500000, 7
-1.200000, -2.500000, 7
-1.050000, -2.500000, 7
-0.900000, -2.500000, 4
-0.750000, -2.500000, 3
-0.600000, -2.500000, 3
-0.450000, -2.500000, 3
-0.300000, -2.500000, 8
-0.150000, -2.500000, 8
-0.000000, -2.500000, 8
0.150000, -2.500000, 8
0.300000, -2.500000, 8
0.450000, -2.500000, 8
0.600000, -2.500000, 8
0.750000, -2.500000, 8
0.900000, -2.500000, 3
1.050000, -2.500000, 3
1.200000, -2.500000, 3
1.350000, -2.500000, 3
1.500000, -2.500000, 3
1.650000, -2.500000, 3
1.800000, -2.500000, 3
1.950000, -2.500000, 3
2.100000, -2.500000, 3
2.250000, -2.500000, 3
2.400000, -2.500000, 6
2.550000, -2.500000, 1
2.700000, -2.500000, 1
2.850000, -2.500000, 1
3.000000, -2.500000, 1
3.150000, -2.500000, 1
3.300000, -2.500000, 1
3.450000, -2.500000, 1
3.600000, -2.500000, 1
3.750000, -2.500000, 1
3.900000, -2.500000, 1
4.050000, -2.500000, 1
4.200000, -2.500000, 1
4.350000, -2.500000, 1
4.500000, -2.500000, 1
4.650000, -2.500000, 1
4.800000, -2.500000, 1
4.950000, -2.500000, 1
5.100000, -2.500000, 1
5.250000, -2.500000, 1
5.400000, -2.500000, 1
5.550000, -2.500000, 1
5.700000, -2.500000, 1
5.850000, -2.500000, 1
6.000000, -2.500000, 1
6.150000, -2.500000, 1
6.300000, -2.500000, 1
6.450000, -2.500000, 1
6.600000, -2.500000, 1
6.750000, -2.500000, 3
6.900000, -2.500000, 8
7.050000, -2.500000, 2
7.200000, -2.500000, 8
7.350000, -2.500000, 3
7.500000, -2.500000, 3
7.650000, -2.500000, 3
7.800000, -2.500000, 3
7.950000, -2.500000, 3
8.100000, -2.500000, 3
8.250000, -2.500000, 3
8.400000, -2.500000, 8
8.550000, -2.500000, 8
8.700000, -2.500000, 7
8.850000, -2.500000, 6
9.000000, -2.500000, 5
9.150000, -2.500000, 5
9.300000, -2.500000, 11
9.450000, -2.500000, 0
9.600000, -2.500000, 9
9.750000, -2.500000, 4
9.900000, -2.500000, 4
10.050000, -2.500000, 10
10.200000, -2.500000, 2
10.350000, -2.500000, 7
10.500000, -2.500000, 5
10.650000, -2.500000, 4
10.800000, -2.500000, 6
10.950000, -2.500000, 4
11.100000, -2.500000, 5
11.250000, -2.500000, 3
11.400000, -2.500000, 1
11.550000, -2.500000, 5
11.700000, -2.500000, 5
11.850000, -2.500000, 5
12.000000, -2.500000, 5
12.150000, -2.500000, 2
12.300000, -2.500000, 5
12.450000, -2.500000, 5
12.600000, -2.500000, 5
12.750000, -2.500000, 5
12.900000, -2.500000, 5
13.050000, -2.500000, 5
13.200000, -2.500000, 5
13.350000, -2.500000, 5
13.500000, -2.500000, 5
13.650000, -2.500000, 5
13.800000, -2.500000, 5
13.950000, -2.500000, 5
14.100000, -2.500000, 5
14.250000, -2.500000, 5
14.400000, -2.500000, 5
14.550000, -2.500000, 5
14.700000, -2.500000, 5
14.850000, -2.500000, 5
-15.000000, -2.450000, 11
-14.850000, -2.450000, 11
-14.700000, -2.450000, 11
-14.550000, -2.450000, 11
-14.400000, -2.450000, 11
-14.250000, -2.450000, 11
-14.100000, -2.450000, 11
-13.950000, -2.450000, 11
-13.800000, -2.450000, 11
-13.650000, -2.450000, 11
-13.500000, -2.450000, 11
-13.350000, -2.450000, 11
-13.200000, -2.450000, 11
-13.050000, -2.450000, 11
-12.900000, -2.450000, 11
-12.750000, -2.450000, 11
-12.600000, -2.450000, 11
-12.450000, -2.450000, 11
-12.300000, -2.450000, 11
-12.150000, -2.450000, 11
-12.000000, -2.450000, 11
-11.850000, -2.450000, 11
-11.700000, -2.450000, 11
-11.550000, -2.450000, 11
-11.400000, -2.450000, 11
-11.250000, -2.450000, 11
-11.100000, -2.450000, 11
-10.950000, -2.450000, 11
-10.800000, -2.450000, 0
-10.650000, -2.450000, 0
-10.500000, -2.450000, 0
-10.350000, -2.450000, 0
-10.200000, -2.450000, 2
-10.050000, -2.450000, 5
-9.900000, -2.450000, 0
-9.750000, -2.450000, 0
-9.600000, -2.450000, 0
-9.450000, -2.450000, 0
-9.300000, -2.450000, 0
-9.150000, -2.450000, 0
-9.000000, -2.450000, 0
-8.850000, -2.450000, 0
-8.700000, -2.450000, 0
-8.550000, -2.450000, 0
-8.400000, -2.450000, 0
-8.250000, -2.450000, 0
-8.100000, -2.450000, 0
-7.950000, -2.450000, 0
-7.800000, -2.450000, 0
-7.650000, -2.450000, 0
-7.500000, -2.450000, 0
-7.350000, -2.450000, 0
-7.200000, -2.450000, 0
-7.050000, -2.450000, 0
-6.900000, -2.450000, 0
-6.750000, -2.450000, 0
-6.600000, -2.450000, 0
-6.450000, -2.450000, 0
-6.300000, -2.450000, 0
-6.150000, -2.450000, 0
-6.000000, -2.450000, 0
-5.850000, -2.450000, 0
-5.700000, -2.450000, 0
-5.550000, -2.450000, 0
-5.400000, -2.450000, 2
-5.250000, -2.450000, 7
-5.100000, -2.450000, 2
-4.950000, -2.450000, 2
-4.800000, -2.450000, 2
-4.650000, -2.450000, 2
-4.500000, -2.450000, 2
-4.350000, -2.450000, 2
-4.200000, -2.450000, 2
-4.050000, -2.450000, 2
-3.900000, -2.450000, 2
-3.750000, -2.450000, 2
-3.600000, -2.450000, 2
-3.450000, -2.450000, 2
-3.300000, -2.450000, 3
-3.150000, -2.450000, 10
-3.000000, -2.450000, 4
-2.850000, -2.450000, 1
-2.700000, -2.450000, 6
-2.550000, -2.450000, 3
-2.400000, -2.450000, 7
-2.250000, -2.450000, 7
-2.100000, -2.450000, 7
-1.950000, -2.450000, 7
-1.800000, -2.450000, 7
-1.650000, -2.450000, 7
-1.500000, -2.450000, 7
-1.350000, -2.450000, 7
-1.200000, -2.450000, 7
-1.050000, -2.450000, 7
-0.900000, -2.450000, 8
-0.750000, -2.450000, 3
-0.600000, -2.450000, 3
-0.450000, -2.450000, 3
-0.300000, -2.450000, 8
-0.150000, -2.450000, 8
-0.000000, -2.450000, 8
0.150000, -2.450000, 8
0.300000, -2.450000, 8
0.450000, -2.450000, 8
0.600000, -2.450000, 8
0.750000, -2.450000, 8
0.900000, -2.450000, 3
1.050000, -2.450000, 3
1.200000, -2.450000, 3
1.350000, -2.450000, 3
1.500000, -2.450000, 3
1.650000, -2.450000, 3
1.800000, -2.450000, 3
1.950000, -2.450000, 3
2.100000, -2.450000, 3
2.250000, -2.450000, 3
2.400000, -2.450000, 1
2.550000, -2.450000, 1
2.700000, -2.450000, 1
2.850000, -2.450000, 1
3.000000, -2.450000, 1
3.150000, -2.450000, 1
3.300000, -2.450000, 1
3.450000, -2.450000, 1
3.600000, -2.450000, 1
3.750000, -2.450000, 1
3.900000, -2.450000, 1
4.050000, -2.450000, 1
4.200000, -2.450000, 1
4.350000, -2.450000, 1
4.500000, -2.450000, 1
4.650000, -2.450000, 1
4.800000, -2.450000, 1
4.950000, -2.450000, 1
5.100000, -2.450000, 1
5.250000, -2.450000, 1
5.400000, -2.450000, 1
5.550000, -2.450000, 1
5.700000, -2.450000, 1
5.850000, -2.450000, 1
6.000000, -2.450000, 1
6.150000, -2.450000, 1
6.300000, -2.450000, 10
6.450000, -2.450000, 8
6.600000, -2.450000, 1
6.750000, -2.450000, 3
6.900000, -2.450000, 3
7.050000, -2.450000, 5
7.200000, -2.450000, 8
7.350000, -2.450000, 3
7.500000, -2.450000, 3
7.650000, -2.450000, 3
7.800000, -2.450000, 8
7.950000, -2.450000, 3
8.100000, -2.450000, 8
8.250000, -2.450000, 1
8.400000, -2.450000, 3
8.550000, -2.450000, 7
8.700000, -2.450000, 2
8.850000, -2.450000, 2
9.000000, -2.450000, 3
9.150000, -2.450000, 6
9.300000, -2.450000, 11
9.450000, -2.450000, 11
9.600000, -2.450000, 9
9.750000, -2.450000, 4
9.900000, -2.450000, 4
10.050000, -2.450000, 4
10.200000, -2.450000, 2
10.350000, -2.450000, 8
10.500000, -2.450000, 4
10.650000, -2.450000, 4
10.800000, -2.450000, 6
10.950000, -2.450000, 10
11.100000, -2.450000, 10
11.250000, -2.450000, 8
11.400000, -2.450000, 1
11.550000, -2.450000, 5
11.700000, -2.450000, 5
11.850000, -2.450000, 5
12.000000, -2.450000, 5
12.150000, -2.450000, 5
12.300000, -2.450000, 5
12.450000, -2.450000, 5
12.600000, -2.450000, 5
12.750000, -2.450000, 5
12.900000, -2.450000, 5
13.050000, -2.450000, 5
13.200000, -2.450000, 5
13.350000, -2.450000, 5
13.500000, -2.450000, 5
13.650000, -2.450000, 5
13.800000, -2.450000, 5
13.950000, -2.450000, 5
14.100000, -2.450000, 5
14.250000, -2.450000, 5
14.400000, -2.450000, 5
14.550000, -2.450000, 5
14.700000, -2.450000, 5
14.850000, -2.450000, 5
-15.000000, -2.400000, 11
-14.850000, -2.400000, 11
-14.700000, -2.400000, 11
-14.550000, -2.400000, 11
-14.400000, -2.400000, 11
-14.250000, -2.400000, 11
-14.100000, -2.400000, 11
-13.950000, -2.400000, 11
-13.800000, -2.400000, 11
-13.650000, -2.400000, 11
-13.500000, -2.400000, 11
-13.350000, -2.400000, 11
-13.200000, -2.400000, 11
-13.050000, -2.400000, 11
-12.900000, -2.400000, 11
-12.750000, -2.400000, 11
-12.600000, -2.400000, 11
-12.450000, -2.400000, 11
-12.300000, -2.400000, 11
-12.150000, -2.400000, 11
-12.000000, -2.400000, 11
-11.850000, -2.400000, 11
-11.700000, -2.400000, 11
-11.550000, -2.400000, 11
-11.400000, -2.400000, 11
-11.250000, -2.400000, 11
-11.100000, -2.400000, 11
-10.950000, -2.400000, 11
-10.800000, -2.400000, 0
-10.650000, -2.400000, 0
-10.500000, -2.400000, 0
-10.350000, -2.400000, 0
-10.200000, -2.400000, 0
-10.050000, -2.400000, 8
-9.900000, -2.400000, 0
-9.750000, -2.400000, 0
-9.600000, -2.400000, 0
-9.450000, -2.400000, 0
-9.300000, -2.400000, 0
-9.150000, -2.400000, 0
-9.000000, -2.400000, 0
-8.850000, -2.400000, 0
-8.700000, -2.400000, 0
-8.550000, -2.400000, 0
-8.400000, -2.400000, 0
-8.250000, -2.400000, 0
-8.100000, -2.400000, 0
-7.950000, -2.400000, 0
-7.800000, -2.400000, 0
-7.650000, -2.400000, 0
-7.500000, -2.400000, 0
-7.350000, -2.400000, 0
-7.200000, -2.400000, 0
-7.050000, -2.400000, 0
-6.900000, -2.400000, 0
-6.750000, -2.400000, 0
-6.600000, -2.400000, 0
-6.450000, -2.400000, 0
-6.300000, -2.400000, 0
-6.150000, -2.400000, 0
-6.000000, -2.400000, 0
-5.850000, -2.400000, 0
-5.700000, -2.400000, 0
-5.550000, -2.400000, 0
-5.400000, -2.400000, 0
-5.250000, -2.400000, 2
-5.100000, -2.400000, 2
-4.950000, -2.400000, 2
-4.800000, -2.400000, 2
-4.650000, -2.400000, 2
-4.500000, -2.400000, 2
-4.350000, -2.400000, 2
-4.200000, -2.400000, 2
-4.050000, -2.400000, 2
-3.900000, -2.400000, 2
-3.750000, -2.400000, 2
-3.600000, -2.400000, 2
-3.450000, -2.400000, 2
-3.300000, -2.400000, 3
-3.150000, -2.400000, 5
-3.000000, -2.400000, 6
-2.850000, -2.400000, 1
-2.700000, -2.400000, 1
-2.550000, -2.400000, 1
-2.400000, -2.400000, 7
-2.250000, -2.400000, 7
-2.100000, -2.400000, 7
-1.950000, -2.400000, 7
-1.800000, -2.400000, 7
-1.650000, -2.400000, 7
-1.500000, -2.400000, 7
-1.350000, -2.400000, 7
-1.200000, -2.400000, 7
-1.050000, -2.400000, 7
-0.900000, -2.400000, 3
-0.750000, -2.400000, 8
-0.600000, -2.400000, 3
-0.450000, -2.400000, 3
-0.300000, -2.400000, 8
-0.150000, -2.400000, 8
-0.000000, -2.400000, 8
0.150000, -2.400000, 8
0.300000, -2.400000, 8
0.450000, -2.400000, 8
0.600000, -2.400000, 8
0.750000, -2.400000, 3
0.900000, -2.400000, 3
1.050000, -2.400000, 3
1.200000, -2.400000, 3
1.350000, -2.400000, 3
1.500000, -2.400000, 3
1.650000, -2.400000, 3
1.800000, -2.400000, 3
1.950000, -2.400000, 3
2.100000, -2.400000, 3
2.250000, -2.400000, 3
2.400000, -2.400000, 1
2.550000, -2.400000, 1
2.700000, -2.400000, 1
2.850000, -2.400000, 1
3.000000, -2.400000, 1
3.150000, -2.400000, 1
3.300000, -2.400000, 1
3.450000, -2.400000, 1
3.600000, -2.400000, 1
3.750000, -2.400000, 1
3.900000, -2.400000, 1
4.050000, -2.400000, 1
4.200000, -2.400000, 1
4.350000, -2.400000, 1
4.500000, -2.400000, 1
4.650000, -2.400000, 1
4.800000, -2.400000, 1
4.950000, -2.400000, 1
5.100000, -2.400000, 1
5.250000, -2.400000, 1
5.400000, -2.400000, 1
5.550000, -2.400000, 1
5.700000, -2.400000, 1
5.850000, -2.400000, 1
6.000000, -2.400000, 1
6.150000, -2.400000, 1
6.300000, -2.400000, 3
6.450000, -2.400000, 5
6.600000, -2.400000, 3
6.750000, -2.400000, 3
6.900000, -2.400000, 3
7.050000, -2.400000, 3
7.200000, -2.400000, 8
7.350000, -2.400000, 3
7.500000, -2.400000, 3
7.650000, -2.400000, 3
7.800000, -2.400000, 8
7.950000, -2.400000, 6
8.100000, -2.400000, 8
8.250000, -2.400000, 1
8.400000, -2.400000, 1
8.550000, -2.400000, 7
8.700000, -2.400000, 2
8.850000, -2.400000, 2
9.000000, -2.400000, 4
9.150000, -2.400000, 4
9.300000, -2.400000, 9
9.450000, -2.400000, 11
9.600000, -2.400000, 10
9.750000, -2.400000, 4
9.900000, -2.400000, 4
10.050000, -2.400000, 4
10.200000, -2.400000, 11
10.350000, -2.400000, 8
10.500000, -2.400000, 8
10.650000, -2.400000, 10
10.800000, -2.400000, 6
10.950000, -2.400000, 4
11.100000, -2.400000, 11
11.250000, -2.400000, 3
11.400000, -2.400000, 1
11.550000, -2.400000, 5
11.700000, -2.400000, 5
11.850000, -2.400000, 5
12.000000, -2.400000, 5
12.150000, -2.400000, 5
12.300000, -2.400000, 5
12.450000, -2.400000, 5
12.600000, -2.400000, 5
12.750000, -2.400000, 5
12.900000, -2.400000, 5
13.050000, -2.400000, 5
13.200000, -2.400000, 5
13.350000, -2.400000, 5
13.500000, -2.400000, 5
13.650000, -2.400000, 5
13.800000, -2.400000, 5
13.950000, -2.400000, 5
14.100000, -2.400000, 5
14.250000, -2.400000, 5
14.400000, -2.400000, 5
14.550000, -2.400000, 5
14.700000, -2.400000, 5
14.850000, -2.400000, 5
-15.000000, -2.350000, 11
-14.850000, -2.350000, 11
-14.700000, -2.350000, 11
-14.550000, -2.350000, 11
-14.400000, -2.350000, 11
-14.250000, -2.350000, 11
-14.100000, -2.350000, 11
-13.950000, -2.350000, 11
-13.800000, -2.350000, 11
-13.650000, -2.350000, 11
-13.500000, -2.350000, 11
-13.350000, -2.350000, 11
-13.200000, -2.350000, 11
-13.050000, -2.350000, 11
-12.900000, -2.350000, 11
-12.750000, -2.350000, 11
-12.600000, -2.350000, 11
-12.450000, -2.350000, 11
-12.300000, -2.350000, 11
-12.150000, -2.350000, 11
-12.000000, -2.350000, 11
-11.850000, -2.350000, 11
-11.700000, -2.350000, 11
-11.550000, -2.350000, 11
-11.400000, -2.350000, 11
-11.250000, -2.350000, 11
-11.100000, -2.350000, 11
-10.950000, -2.350000, 11
-10.800000, -2.350000, 11
-10.650000, -2.350000, 0
-10.500000, -2.350000, 0
-10.350000, -2.350000, 0
-10.200000, -2.350000, 11
-10.050000, -2.350000, 2
-9.900000, -2.350000, 0
-9.750000, -2.350000, 0
-9.600000, -2.350000, 0
-9.450000, -2.350000, 7
-9.300000, -2.350000, 0
-9.150000, -2.350000, 0
-9.000000, -2.350000, 0
-8.850000, -2.350000, 0
-8.700000, -2.350000, 0
-8.550000, -2.350000, 0
-8.400000, -2.350000, 0
-8.250000, -2.350000, 0
-8.100000, -2.350000, 0
-7.950000, -2.350000, 0
-7.800000, -2.350000, 0
-7.650000, -2.350000, 0
-7.500000, -2.350000, 0
-7.350000, -2.350000, 0
-7.200000, -2.350000, 0
-7.050000, -2.350000, 0
-6.900000, -2.350000, 0
-6.750000, -2.350000, 0
-6.600000, -2.350000, 0
-6.450000, -2.350000, 0
-6.300000, -2.350000, 0
-6.150000, -2.350000, 0
-6.000000, -2.350000, 0
-5.850000, -2.350000, 0
-5.700000, -2.350000, 0
-5.550000, -2.350000, 0
-5.400000, -2.350000, 0
-5.250000, -2.350000, 2
-5.100000, -2.350000, 2
-4.950000, -2.350000, 2
-4.800000, -2.350000, 2
-4.650000, -2.350000, 2
-4.500000, -2.350000, 2
-4.350000, -2.350000, 2
-4.200000, -2.350000, 2
-4.050000, -2.350000, 2
-3.900000, -2.350000, 2
-3.750000, -2.350000, 2
-3.600000, -2.350000, 2
-3.450000, -2.350000, 2
-3.300000, -2.350000, 2
-3.150000, -2.350000, 9
-3.000000, -2.350000, 9
-2.850000, -2.350000, 5
-2.700000, -2.350000, 3
-2.550000, -2.350000, 3
-2.400000, -2.350000, 7
-2.250000, -2.350000, 7
-2.100000, -2.350000, 7
-1.950000, -2.350000, 7
-1.800000, -2.350000, 7
-1.650000, -2.350000, 7
-1.500000, -2.350000, 7
-1.350000, -2.350000, 7
-1.200000, -2.350000, 7
-1.050000, -2.350000, 7
-0.900000, -2.350000, 4
-0.750000, -2.350000, 8
-0.600000, -2.350000, 3
-0.450000, -2.350000, 3
-0.300000, -2.350000, 8
-0.150000, -2.350000, 8
-0.000000, -2.350000, 8
0.150000, -2.350000, 8
0.300000, -2.350000, 8
0.450000, -2.350000, 8
0.600000, -2.350000, 8
0.750000, -2.350000, 3
0.900000, -2.350000, 3
1.050000, -2.350000, 3
1.200000, -2.350000, 3
1.350000, -2.350000, 3
1.500000, -2.350000, 3
1.650000, -2.350000, 3
1.800000, -2.350000, 3
1.950000, -2.350000, 3
2.100000, -2.350000, 3
2.250000, -2.350000, 1
2.400000, -2.350000, 1
2.550000, -2.350000, 1
2.700000, -2.350000, 1
2.850000, -2.350000, 1
3.000000, -2.350000, 1
3.150000, -2.350000, 1
3.300000, -2.350000, 1
3.450000, -2.350000, 1
3.600000, -2.350000, 1
3.750000, -2.350000, 1
3.900000, -2.350000, 1
4.050000, -2.350000, 1
4.200000, -2.350000, 1
4.350000, -2.350000, 1
4.500000, -2.350000, 1
4.650000, -2.350000, 1
4.800000, -2.350000, 1
4.950000, -2.350000, 1
5.100000, -2.350000, 1
5.250000, -2.350000, 1
5.400000, -2.350000, 1
5.550000, -2.350000, 1
5.700000, -2.350000, 1
5.850000, -2.350000, 1
6.000000, -2.350000, 1
6.150000, -2.350000, 3
6.300000, -2.350000, 3
6.450000, -2.350000, 6
6.600000, -2.350000, 3
6.750000, -2.350000, 3
6.900000, -2.350000, 3
7.050000, -2.350000, 3
7.200000, -2.350000, 3
7.350000, -2.350000, 3
7.500000, -2.350000, 3
7.650000, -2.350000, 3
7.800000, -2.350000, 8
7.950000, -2.350000, 7
8.100000, -2.350000, 6
8.250000, -2.350000, 3
8.400000, -2.350000, 5
8.550000, -2.350000, 7
8.700000, -2.350000, 0
8.850000, -2.350000, 4
9.000000, -2.350000, 4
9.150000, -2.350000, 10
9.300000, -2.350000, 9
9.450000, -2.350000, 0
9.600000, -2.350000, 6
9.750000, -2.350000, 4
9.900000, -2.350000, 6
10.050000, -2.350000, 4
10.200000, -2.350000, 5
10.350000, -2.350000, 8
10.500000, -2.350000, 8
10.650000, -2.350000, 6
10.800000, -2.350000, 6
10.950000, -2.350000, 4
11.100000, -2.350000, 7
11.250000, -2.350000, 3
11.400000, -2.350000, 1
11.550000, -2.350000, 5
11.700000, -2.350000, 5
11.850000, -2.350000, 5
12.000000, -2.350000, 5
12.150000, -2.350000, 5
12.300000, -2.350000, 5
12.450000, -2.350000, 5
12.600000, -2.350000, 5
12.750000, -2.350000, 5
12.900000, -2.350000, 5
13.050000, -2.350000, 5
13.200000, -2.350000, 5
13.350000, -2.350000, 5
13.500000, -2.350000, 5
13.650000, -2.350000, 5
13.800000, -2.350000, 5
13.950000, -2.350000, 5
14.100000, -2.350000, 5
14.250000, -2.350000, 5
14.400000, -2.350000, 5
14.550000, -2.350000, 5
14.700000, -2.350000, 5
14.850000, -2.350000, 5
-15.000000, -2.300000, 11
-14.850000, -2.300000, 11
-14.700000, -2.300000, 11
-14.550000, -2.300000, 11
-14.400000, -2.300000, 11
-14.250000, -2.300000, 11
-14.100000, -2.300000, 11
-13.950000, -2.300000, 11
-13.800000, -2.300000, 11
-13.650000, -2.300000, 11
-13.500000, -2.300000, 11
-13.350000, -2.300000, 11
-13.200000, -2.300000, 11
-13.050000, -2.300000, 11
-12.900000, -2.300000, 11
-12.750000, -2.300000, 11
-12.600000, -2.300000, 11
-12.450000, -2.300000, 11
-12.300000, -2.300000, 11
-12.150000, -2.300000, 11
-12.000000, -2.300000, 11
-11.850000, -2.300000, 11
-11.700000, -2.300000, 11
-11.550000, -2.300000, 11
-11.400000, -2.300000, 11
-11.250000, -2.300000, 11
-11.100000, -2.300000, 11
-10.950000, -2.300000, 11
-10.800000, -2.300000, 11
-10.650000, -2.300000, 11
-10.500000, -2.300000, 11
-10.350000, -2.300000, 11
-10.200000, -2.300000, 11
-10.050000, -2.300000, 0
-9.900000, -2.300000, 0
-9.750000, -2.300000, 0
-9.600000, -2.300000, 0
-9.450000, -2.300000, 2
-9.300000, -2.300000, 0
-9.150000, -2.300000, 0
-9.000000, -2.300000, 0
-8.850000, -2.300000, 0
-8.700000, -2.300000, 0
-8.550000, -2.300000, 0
-8.400000, -2.300000, 0
-8.250000, -2.300000, 0
-8.100000, -2.300000, 0
-7.950000, -2.300000, 0
-7.800000, -2.300000, 0
-7.650000, -2.300000, 0
-7.500000, -2.300000, 0
-7.350000, -2.300000, 0
-7.200000, -2.300000, 0
-7.050000, -2.300000, 0
-6.900000, -2.300000, 0
-6.750000, -2.300000, 0
-6.600000, -2.300000, 0
-6.450000, -2.300000, 0
-6.300000, -2.300000, 0
-6.150000, -2.300000, 0
-6.000000, -2.300000, 0
-5.850000, -2.300000, 0
-5.700000, -2.300000, 0
-5.550000, -2.300000, 0
-5.400000, -2.300000, 0
-5.250000, -2.300000, 0
-5.100000, -2.300000, 2
-4.950000, -2.300000, 2
-4.800000, -2.300000, 2
-4.650000, -2.300000, 2
-4.500000, -2.300000, 2
-4.350000, -2.300000, 2
-4.200000, -2.300000, 2
-4.050000, -2.300000, 2
-3.900000, -2.300000, 2
-3.750000, -2.300000, 2
-3.600000, -2.300000, 2
-3.450000, -2.300000, 2
-3.300000, -2.300000, 2
-3.150000, -2.300000, 2
-3.000000, -2.300000, 3
-2.850000, -2.300000, 3
-2.700000, -2.300000, 8
-2.550000, -2.300000, 3
-2.400000, -2.300000, 7
-2.250000, -2.300000, 7
-2.100000, -2.300000, 7
-1.950000, -2.300000, 7
-1.800000, -2.300000, 7
-1.650000, -2.300000, 7
-1.500000, -2.300000, 7
-1.350000, -2.300000, 7
-1.200000, -2.300000, 7
-1.050000, -2.300000, 7
-0.900000, -2.300000, 2
-0.750000, -2.300000, 1
-0.600000, -2.300000, 3
-0.450000, -2.300000, 3
-0.300000, -2.300000, 8
-0.150000, -2.300000, 8
-0.000000, -2.300000, 8
0.150000, -2.300000, 8
0.300000, -2.300000, 8
0.450000, -2.300000, 8
0.600000, -2.300000, 8
0.750000, -2.300000, 3
0.900000, -2.300000, 3
1.050000, -2.300000, 3
1.200000, -2.300000, 3
1.350000, -2.300000, 3
1.500000, -2.300000, 3
1.650000, -2.300000, 3
1.800000, -2.300000, 3
1.950000, -2.300000, 3
2.100000, -2.300000, 2
2.250000, -2.300000, 3
2.400000, -2.300000, 1
2.550000, -2.300000, 1
2.700000, -2.300000, 1
2.850000, -2.300000, 1
3.000000, -2.300000, 1
3.150000, -2.300000, 1
3.300000, -2.300000, 1
3.450000, -2.300000, 1
3.600000, -2.300000, 1
3.750000, -2.300000, 1
3.900000, -2.300000, 1
4.050000, -2.300000, 1
4.200000, -2.300000, 1
4.350000, -2.300000, 1
4.500000, -2.300000, 1
4.650000, -2.300000, 1
4.800000, -2.300000, 1
4.950000, -2.300000, 1
5.100000, -2.300000, 1
5.250000, -2.300000, 1
5.400000, -2.300000, 1
5.550000, -2.300000, 1
5.700000, -2.300000, 1
5.850000, -2.300000, 1
6.000000, -2.300000, 1
6.150000, -2.300000, 3
6.300000, -2.300000, 8
6.450000, -2.300000, 2
6.600000, -2.300000, 8
6.750000, -2.300000, 3
6.900000, -2.300000, 3
7.050000, -2.300000, 3
7.200000, -2.300000, 3
7.350000, -2.300000, 3
7.500000, -2.300000, 3
7.650000, -2.300000, 3
7.800000, -2.300000, 8
7.950000, -2.300000, 7
8.100000, -2.300000, 6
8.250000, -2.300000, 5
8.400000, -2.300000, 5
8.550000, -2.300000, 11
8.700000, -2.300000, 0
8.850000, -2.300000, 9
9.000000, -2.300000, 4
9.150000, -2.300000, 10
9.300000, -2.300000, 9
9.450000, -2.300000, 7
9.600000, -2.300000, 5
9.750000, -2.300000, 4
9.900000, -2.300000, 6
10.050000, -2.300000, 4
10.200000, -2.300000, 5
10.350000, -2.300000, 3
10.500000, -2.300000, 1
10.650000, -2.300000, 5
10.800000, -2.300000, 6
10.950000, -2.300000, 4
11.100000, -2.300000, 3
11.250000, -2.300000, 4
11.400000, -2.300000, 5
11.550000, -2.300000, 5
11.700000, -2.300000, 5
11.850000, -2.300000, 5
12.000000, -2.300000, 5
12.150000, -2.300000, 5
12.300000, -2.300000, 5
12.450000, -2.300000, 5
12.600000, -2.300000, 5
12.750000, -2.300000, 5
12.900000, -2.300000, 5
13.050000, -2.300000, 5
13.200000, -2.300000, 5
13.350000, -2.300000, 5
13.500000, -2.300000, 5
13.650000, -2.300000, 5
13.800000, -2.300000, 5
13.950000, -2.300000, 5
14.100000, -2.300000, 5
14.250000, -2.300000, 5
14.400000, -2.300000, 5
14.550000, -2.300000, 5
14.700000, -2.300000, 5
14.850000, -2.300000, 5
-15.000000, -2.250000, 11
-14.850000, -2.250000, 11
-14.700000, -2.250000, 11
-14.550000, -2.250000, 11
-14.400000, -2.250000, 11
-14.250000, -2.250000, 11
-14.100000, -2.250000, 11
-13.950000, -2.250000, 11
-13.800000, -2.250000, 11
-13.650000, -2.250000, 11
-13.500000, -2.250000, 11
-13.350000, -2.250000, 11
-13.200000, -2.250000, 11
-13.050000, -2.250000, 11
-12.900000, -2.250000, 11
-12.750000, -2.250000, 11
-12.600000, -2.250000, 11
-12.450000, -2.250000, 11
-12.300000, -2.250000, 11
-12.150000, -2.250000, 11
-12.000000, -2.250000, 11
-11.850000, -2.250000, 11
-11.700000, -2.250000, 11
-11.550000, -2.250000, 11
-11.400000, -2.250000, 11
-11.250000, -2.250000, 11
-11.100000, -2.250000, 11
-10.950000, -2.250000, 11
-10.800000, -2.250000, 11
-10.650000, -2.250000, 11
-10.500000, -2.250000, 11
-10.350000, -2.250000, 11
-10.200000, -2.250000, 11
-10.050000, -2.250000, 0
-9.900000, -2.250000, 0
-9.750000, -2.250000, 0
-9.600000, -2.250000, 0
-9.450000, -2.250000, 2
-9.300000, -2.250000, 3
-9.150000, -2.250000, 0
-9.000000, -2.250000, 0
-8.850000, -2.250000, 0
-8.700000, -2.250000, 0
-8.550000, -2.250000, 0
-8.400000, -2.250000, 0
-8.250000, -2.250000, 0
-8.100000, -2.250000, 0
-7.950000, -2.250000, 0
-7.800000, -2.250000, 0
-7.650000, -2.250000, 0
-7.500000, -2.250000, 0
-7.350000, -2.250000, 0
-7.200000, -2.250000, 0
-7.050000, -2.250000, 0
-6.900000, -2.250000, 0
-6.750000, -2.250000, 0
-6.600000, -2.250000, 0
-6.450000, -2.250000, 0
-6.300000, -2.250000, 0
-6.150000, -2.250000, 0
-6.000000, -2.250000, 0
-5.850000, -2.250000, 0
-5.700000, -2.250000, 0
-5.550000, -2.250000, 0
-5.400000, -2.250000, 0
-5.250000, -2.250000, 0
-5.100000, -2.250000, 2
-4.950000, -2.250000, 6
-4.800000, -2.250000, 2
-4.650000, -2.250000, 2
-4.500000, -2.250000, 2
-4.350000, -2.250000, 2
-4.200000, -2.250000, 2
-4.050000, -2.250000, 2
-3.900000, -2.250000, 2
-3.750000, -2.250000, 2
-3.600000, -2.250000, 2
-3.450000, -2.250000, 2
-3.300000, -2.250000, 2
-3.150000, -2.250000, 2
-3.000000, -2.250000, 3
-2.850000, -2.250000, 6
-2.700000, -2.250000, 3
-2.550000, -2.250000, 3
-2.400000, -2.250000, 4
-2.250000, -2.250000, 7
-2.100000, -2.250000, 7
-1.950000, -2.250000, 7
-1.800000, -2.250000, 7
-1.650000, -2.250000, 7
-1.500000, -2.250000, 7
-1.350000, -2.250000, 7
-1.200000, -2.250000, 7
-1.050000, -2.250000, 7
-0.900000, -2.250000, 7
-0.750000, -2.250000, 1
-0.600000, -2.250000, 3
-0.450000, -2.250000, 3
-0.300000, -2.250000, 8
-0.150000, -2.250000, 8
-0.000000, -2.250000, 8
0.150000, -2.250000, 8
0.300000, -2.250000, 8
0.450000, -2.250000, 8
0.600000, -2.250000, 8
0.750000, -2.250000, 3
0.900000, -2.250000, 3
1.050000, -2.250000, 3
1.200000, -2.250000, 3
1.350000, -2.250000, 3
1.500000, -2.250000, 3
1.650000, -2.250000, 3
1.800000, -2.250000, 3
1.950000, -2.250000, 3
2.100000, -2.250000, 3
2.250000, -2.250000, 3
2.400000, -2.250000, 1
2.550000, -2.250000, 1
2.700000, -2.250000, 1
2.850000, -2.250000, 1
3.000000, -2.250000, 1
3.150000, -2.250000, 1
3.300000, -2.250000, 1
3.450000, -2.250000, 1
3.600000, -2.250000, 1
3.750000, -2.250000, 1
3.900000, -2.250000, 1
4.050000, -2.250000, 1
4.200000, -2.250000, 1
4.350000, -2.250000, 1
4.500000, -2.250000, 1
4.650000, -2.250000, 1
4.800000, -2.250000, 1
4.950000, -2.250000, 1
5.100000, -2.250000, 1
5.250000, -2.250000, 1
5.400000, -2.250000, 1
5.550000, -2.250000, 1
5.700000, -2.250000, 1
5.850000, -2.250000, 3
6.000000, -2.250000, 1
6.150000, -2.250000, 3
6.300000, -2.250000, 3
6.450000, -2.250000, 3
6.600000, -2.250000, 8
6.750000, -2.250000, 3
6.900000, -2.250000, 3
7.050000, -2.250000, 8
7.200000, -2.250000, 3
7.350000, -2.250000, 3
7.500000, -2.250000, 5
7.650000, -2.250000, 1
7.800000, -2.250000, 8
7.950000, -2.250000, 7
8.100000, -2.250000, 2
8.250000, -2.250000, 11
8.400000, -2.250000, 6
8.550000, -2.250000, 11
8.700000, -2.250000, 0
8.850000, -2.250000, 10
9.000000, -2.250000, 4
9.150000, -2.250000, 4
9.300000, -2.250000, 5
9.450000, -2.250000, 7
9.600000, -2.250000, 3
9.750000, -2.250000, 4
9.900000, -2.250000, 6
10.050000, -2.250000, 10
10.200000, -2.250000, 8
10.350000, -2.250000, 1
10.500000, -2.250000, 1
10.650000, -2.250000, 5
10.800000, -2.250000, 5
10.950000, -2.250000, 4
11.100000, -2.250000, 1
11.250000, -2.250000, 5
11.400000, -2.250000, 5
11.550000, -2.250000, 5
11.700000, -2.250000, 5
11.850000, -2.250000, 5
12.000000, -2.250000, 5
12.150000, -2.250000, 5
12.300000, -2.250000, 5
12.450000, -2.250000, 5
12.600000, -2.250000, 5
12.750000, -2.250000, 5
12.900000, -2.250000, 5
13.050000, -2.250000, 5
13.200000, -2.250000, 5
13.350000, -2.250000, 5
13.500000, -2.250000, 5
13.650000, -2.250000, 5
13.800000, -2.250000, 5
13.950000, -2.250000, 5
14.100000, -2.250000, 5
14.250000, -2.250000, 5
14.400000, -2.250000, 5
14.550000, -2.250000, 5
14.700000, -2.250000, 5
14.850000, -2.250000, 5
-15.000000, -2.200000, 11
-14.850000, -2.200000, 11
-14.700000, -2.200000, 11
-14.550000, -2.200000, 11
-14.400000, -2.200000, 11
-14.250000, -2.200000, 11
-14.100000, -2.200000, 11
-13.950000, -2.200000, 11
-13.800000, -2.200000, 11
-13.650000, -2.200000, 11
-13.500000, -2.200000, 11
-13.350000, -2.200000, 11
-13.200000, -2.200000, 11
-13.050000, -2.200000, 11
-12.900000, -2.200000, 11
-12.750000, -2.200000, 11
-12.600000, -2.200000, 11
-12.450000, -2.200000, 11
-12.300000, -2.200000, 11
-12.150000, -2.200000, 11
-12.000000, -2.200000, 11
-11.850000, -2.200000, 11
-11.700000, -2.200000, 11
-11.550000, -2.200000, 11
-11.400000, -2.200000, 11
-11.250000, -2.200000, 11
-11.100000, -2.200000, 11
-10.950000, -2.200000, 11
-10.800000, -2.200000, 11
-10.650000, -2.200000, 11
-10.500000, -2.200000, 11
-10.350000, -2.200000, 11
-10.200000, -2.200000, 11
-10.050000, -2.200000, 11
-9.900000, -2.200000, 2
-9.750000, -2.200000, 7
-9.600000, -2.200000, 0
-9.450000, -2.200000, 0
-9.300000, -2.200000, 7
-9.150000, -2.200000, 0
-9.000000, -2.200000, 0
-8.850000, -2.200000, 0
-8.700000, -2.200000, 0
-8.550000, -2.200000, 0
-8.400000, -2.200000, 0
-8.250000, -2.200000, 0
-8.100000, -2.200000, 0
-7.950000, -2.200000, 0
-7.800000, -2.200000, 0
-7.650000, -2.200000, 0
-7.500000, -2.200000, 0
-7.350000, -2.200000, 0
-7.200000, -2.200000, 0
-7.050000, -2.200000, 0
-6.900000, -2.200000, 0
-6.750000, -2.200000, 0
-6.600000, -2.200000, 0
-6.450000, -2.200000, 0
-6.300000, -2.200000, 0
-6.150000, -2.200000, 0
-6.000000, -2.200000, 0
-5.850000, -2.200000, 0
-5.700000, -2.200000, 0
-5.550000, -2.200000, 0
-5.400000, -2.200000, 0
-5.250000, -2.200000, 0
-5.100000, -2.200000, 0
-4.950000, -2.200000, 0
-4.800000, -2.200000, 2
-4.650000, -2.200000, 2
-4.500000, -2.200000, 2
-4.350000, -2.200000, 2
-4.200000, -2.200000, 2
-4.050000, -2.200000, 2
-3.900000, -2.200000, 2
-3.750000, -2.200000, 2
-3.600000, -2.200000, 2
-3.450000, -2.200000, 2
-3.300000, -2.200000, 2
-3.150000, -2.200000, 2
-3.000000, -2.200000, 8
-2.850000, -2.200000, 4
-2.700000, -2.200000, 3
-2.550000, -2.200000, 3
-2.400000, -2.200000, 1
-2.250000, -2.200000, 7
-2.100000, -2.200000, 7
-1.950000, -2.200000, 7
-1.800000, -2.200000, 7
-1.650000, -2.200000, 7
-1.500000, -2.200000, 7
-1.350000, -2.200000, 7
-1.200000, -2.200000, 7
-1.050000, -2.200000, 7
-0.900000, -2.200000, 3
-0.750000, -2.200000, 3
-0.600000, -2.200000, 3
-0.450000, -2.200000, 3
-0.300000, -2.200000, 8
-0.150000, -2.200000, 8
-0.000000, -2.200000, 8
0.150000, -2.200000, 8
0.300000, -2.200000, 8
0.450000, -2.200000, 8
0.600000, -2.200000, 8
0.750000, -2.200000, 3
0.900000, -2.200000, 3
1.050000, -2.200000, 3
1.200000, -2.200000, 3
1.350000, -2.200000, 3
1.500000, -2.200000, 3
1.650000, -2.200000, 3
1.800000, -2.200000, 3
1.950000, -2.200000, 3
2.100000, -2.200000, 3
2.250000, -2.200000, 1
2.400000, -2.200000, 1
2.550000, -2.200000, 1
2.700000, -2.200000, 1
2.850000, -2.200000, 1
3.000000, -2.200000, 1
3.150000, -2.200000, 1
3.300000, -2.200000, 1
3.450000, -2.200000, 1
3.600000, -2.200000, 1
3.750000, -2.200000, 1
3.900000, -2.200000, 1
4.050000, -2.200000, 1
4.200000, -2.200000, 1
4.350000, -2.200000, 1
4.500000, -2.200000, 1
4.650000, -2.200000, 1
4.800000, -2.200000, 1
4.950000, -2.200000, 1
5.100000, -2.200000, 1
5.250000, -2.200000, 1
5.400000, -2.200000, 1
5.550000, -2.200000, 1
5.700000, -2.200000, 1
5.850000, -2.200000, 3
6.000000, -2.200000, 3
6.150000, -2.200000, 3
6.300000, -2.200000, 3
6.450000, -2.200000, 3
6.600000, -2.200000, 8
6.750000, -2.200000, 3
6.900000, -2.200000, 3
7.050000, -2.200000, 8
7.200000, -2.200000, 3
7.350000, -2.200000, 1
7.500000, -2.200000, 3
7.650000, -2.200000, 1
7.800000, -2.200000, 8
7.950000, -2.200000, 2
8.100000, -2.200000, 2
8.250000, -2.200000, 10
8.400000, -2.200000, 10
8.550000, -2.200000, 0
8.700000, -2.200000, 11
8.850000, -2.200000, 10
9.000000, -2.200000, 10
9.150000, -2.200000, 10
9.300000, -2.200000, 8
9.450000, -2.200000, 3
9.600000, -2.200000, 3
9.750000, -2.200000, 10
9.900000, -2.200000, 6
10.050000, -2.200000, 4
10.200000, -2.200000, 11
10.350000, -2.200000, 3
10.500000, -2.200000, 1
10.650000, -2.200000, 5
10.800000, -2.200000, 5
10.950000, -2.200000, 5
11.100000, -2.200000, 5
11.250000, -2.200000, 5
11.400000, -2.200000, 5
11.550000, -2.200000, 5
11.700000, -2.200000, 5
11.850000, -2.200000, 5
12.000000, -2.200000, 5
12.150000, -2.200000, 5
12.300000, -2.200000, 5
12.450000, -2.200000, 5
12.600000, -2.200000, 5
12.750000, -2.200000, 5
12.900000, -2.200000, 5
13.050000, -2.200000, 5
13.200000, -2.200000, 5
13.350000, -2.200000, 5
13.500000, -2.200000, 5
13.650000, -2.200000, 5
13.800000, -2.200000, 5
13.950000, -2.200000, 5
14.100000, -2.200000, 5
14.250000, -2.200000, 5
14.400000, -2.200000, 5
14.550000, -2.200000, 5
14.700000, -2.200000, 5
14.850000, -2.200000, 5
-15.000000, -2.150000, 11
-14.850000, -2.150000, 11
-14.700000, -2.150000, 11
-14.550000, -2.150000, 11
-14.400000, -2.150000, 11
-14.250000, -2.150000, 11
-14.100000, -2.150000, 11
-13.950000, -2.150000, 11
-13.800000, -2.150000, 11
-13.650000, -2.150000, 11
-13.500000, -2.150000, 11
-13.350000, -2.150000, 11
-13.200000, -2.150000, 11
-13.050000, -2.150000, 11
-12.900000, -2.150000, 11
-12.750000, -2.150000, 11
-12.600000, -2.150000, 11
-12.450000, -2.150000, 11
-12.300000, -2.150000, 11
-12.150000, -2.150000, 11
-12.000000, -2.150000, 11
-11.850000, -2.150000, 11
-11.700000, -2.150000, 11
-11.550000, -2.150000, 11
-11.400000, -2.150000, 11
-11.250000, -2.150000, 11
-11.100000, -2.150000, 11
-10.950000, -2.150000, 11
-10.800000, -2.150000, 11
-10.650000, -2.150000, 11
-10.500000, -2.150000, 11
-10.350000, -2.150000, 11
-10.200000, -2.150000, 11
-10.050000, -2.150000, 11
-9.900000, -2.150000, 11
-9.750000, -2.150000, 11
-9.600000, -2.150000, 2
-9.450000, -2.150000, 2
-9.300000, -2.150000, 2
-9.150000, -2.150000, 0
-9.000000, -2.150000, 0
-8.850000, -2.150000, 0
-8.700000, -2.150000, 2
-8.550000, -2.150000, 0
-8.400000, -2.150000, 0
-8.250000, -2.150000, 0
-8.100000, -2.150000, 0
-7.950000, -2.150000, 0
-7.800000, -2.150000, 0
-7.650000, -2.150000, 0
-7.500000, -2.150000, 0
-7.350000, -2.150000, 0
-7.200000, -2.150000, 0
-7.050000, -2.150000, 0
-6.900000, -2.150000, 0
-6.750000, -2.150000, 0
-6.600000, -2.150000, 0
-6.450000, -2.150000, 0
-6.300000, -2.150000, 0
-6.150000, -2.150000, 0
-6.000000, -2.150000, 0
-5.850000, -2.150000, 0
-5.700000, -2.150000, 0
-5.550000, -2.150000, 0
-5.400000, -2.150000, 0
-5.250000, -2.150000, 0
-5.100000, -2.150000, 0
-4.950000, -2.150000, 0
-4.800000, -2.150000, 2
-4.650000, -2.150000, 2
-4.500000, -2.150000, 2
-4.350000, -2.150000, 2
-4.200000, -2.150000, 2
-4.050000, -2.150000, 2
-3.900000, -2.150000, 2
-3.750000, -2.150000, 2
-3.600000, -2.150000, 2
-3.450000, -2.150000, 2
-3.300000, -2.150000, 2
-3.150000, -2.150000, 2
-3.000000, -2.150000, 6
-2.850000, -2.150000, 5
-2.700000, -2.150000, 4
-2.550000, -2.150000, 8
-2.400000, -2.150000, 8
-2.250000, -2.150000, 7
-2.100000, -2.150000, 7
-1.950000, -2.150000, 7
-1.800000, -2.150000, 7
-1.650000, -2.150000, 7
-1.500000, -2.150000, 7
-1.350000, -2.150000, 7
-1.200000, -2.150000, 7
-1.050000, -2.150000, 7
-0.900000, -2.150000, 7
-0.750000, -2.150000, 2
-0.600000, -2.150000, 3
-0.450000, -2.150000, 3
-0.300000, -2.150000, 3
-0.150000, -2.150000, 8
-0.000000, -2.150000, 8
0.150000, -2.150000, 8
0.300000, -2.150000, 8
0.450000, -2.150000, 8
0.600000, -2.150000, 8
0.750000, -2.150000, 3
0.900000, -2.150000, 3
1.050000, -2.150000, 3
1.200000, -2.150000, 3
1.350000, -2.150000, 3
1.500000, -2.150000, 3
1.650000, -2.150000, 3
1.800000, -2.150000, 3
1.950000, -2.150000, 5
2.100000, -2.150000, 3
2.250000, -2.150000, 1
2.400000, -2.150000, 1
2.550000, -2.150000, 1
2.700000, -2.150000, 1
2.850000, -2.150000, 1
3.000000, -2.150000, 1
3.150000, -2.150000, 1
3.300000, -2.150000, 1
3.450000, -2.150000, 1
3.600000, -2.150000, 1
3.750000, -2.150000, 1
3.900000, -2.150000, 1
4.050000, -2.150000, 1
4.200000, -2.150000, 1
4.350000, -2.150000, 1
4.500000, -2.150000, 1
4.650000, -2.150000, 1
4.800000, -2.150000, 1
4.950000, -2.150000, 1
5.100000, -2.150000, 1
5.250000, -2.150000, 1
5.400000, -2.150000, 1
5.550000, -2.150000, 1
5.700000, -2.150000, 7
5.850000, -2.150000, 4
6.000000, -2.150000, 3
6.150000, -2.150000, 3
6.300000, -2.150000, 3
6.450000, -2.150000, 3
6.600000, -2.150000, 3
6.750000, -2.150000, 3
6.900000, -2.150000, 3
7.050000, -2.150000, 8
7.200000, -2.150000, 1
7.350000, -2.150000, 3
7.500000, -2.150000, 8
7.650000, -2.150000, 5
7.800000, -2.150000, 7
7.950000, -2.150000, 0
8.100000, -2.150000, 9
8.250000, -2.150000, 4
8.400000, -2.150000, 10
8.550000, -2.150000, 0
8.700000, -2.150000, 7
8.850000, -2.150000, 4
9.000000, -2.150000, 0
9.150000, -2.150000, 4
9.300000, -2.150000, 6
9.450000, -2.150000, 3
9.600000, -2.150000, 3
9.750000, -2.150000, 6
9.900000, -2.150000, 6
10.050000, -2.150000, 6
10.200000, -2.150000, 10
10.350000, -2.150000, 8
10.500000, -2.150000, 5
10.650000, -2.150000, 5
10.800000, -2.150000, 5
10.950000, -2.150000, 5
11.100000, -2.150000, 5
11.250000, -2.150000, 5
11.400000, -2.150000, 5
11.550000, -2.150000, 5
11.700000, -2.150000, 5
11.850000, -2.150000, 5
12.000000, -2.150000, 5
12.150000, -2.150000, 5
12.300000, -2.150000, 5
12.450000, -2.150000, 5
12.600000, -2.150000, 5
12.750000, -2.150000, 5
12.900000, -2.150000, 5
13.050000, -2.150000, 5
13.200000, -2.150000, 5
13.350000, -2.150000, 5
13.500000, -2.150000, 5
13.650000, -2.150000, 5
13.800000, -2.150000, 5
13.950000, -2.150000, 5
14.100000, -2.150000, 5
14.250000, -2.150000, 5
14.400000, -2.150000, 5
14.550000, -2.150000, 5
14.700000, -2.150000, 5
14.850000, -2.150000, 5
-15.000000, -2.100000, 11
-14.850000, -2.100000, 11
-14.700000, -2.100000, 11
-14.550000, -2.100000, 11
-14.400000, -2.100000, 11
-14.250000, -2.100000, 11
-14.100000, -2.100000, 11
-13.950000, -2.100000, 11
-13.800000, -2.100000, 11
-13.650000, -2.100000, 11
-13.500000, -2.100000, 11
-13.350000, -2.100000, 11
-13.200000, -2.100000, 11
-13.050000, -2.100000, 11
-12.900000, -2.100000, 11
-12.750000, -2.100000, 11
-12.600000, -2.100000, 11
-12.450000, -2.100000, 11
-12.300000, -2.100000, 11
-12.150000, -2.100000, 11
-12.000000, -2.100000, 11
-11.850000, -2.100000, 11
-11.700000, -2.100000, 11
-11.550000, -2.100000, 11
-11.400000, -2.100000, 11
-11.250000, -2.100000, 11
-11.100000, -2.100000, 11
-10.950000, -2.100000, 11
-10.800000, -2.100000, 11
-10.650000, -2.100000, 11
-10.500000, -2.100000, 11
-10.350000, -2.100000, 11
-10.200000, -2.100000, 11
-10.050000, -2.100000, 11
-9.900000, -2.100000, 11
-9.750000, -2.100000, 11
-9.600000, -2.100000, 11
-9.450000, -2.100000, 11
-9.300000, -2.100000, 0
-9.150000, -2.100000, 0
-9.000000, -2.100000, 0
-8.850000, -2.100000, 0
-8.700000, -2.100000, 2
-8.550000, -2.100000, 0
-8.400000, -2.100000, 0
-8.250000, -2.100000, 0
-8.100000, -2.100000, 0
-7.950000, -2.100000, 0
-7.800000, -2.100000, 0
-7.650000, -2.100000, 0
-7.500000, -2.100000, 0
-7.350000, -2.100000, 0
-7.200000, -2.100000, 0
-7.050000, -2.100000, 0
-6.900000, -2.100000, 0
-6.750000, -2.100000, 0
-6.600000, -2.100000, 0
-6.450000, -2.100000, 0
-6.300000, -2.100000, 0
-6.150000, -2.100000, 0
-6.000000, -2.100000, 0
-5.850000, -2.100000, 0
-5.700000, -2.100000, 0
-5.550000, -2.100000, 0
-5.400000, -2.100000, 0
-5.250000, -2.100000, 0
-5.100000, -2.100000, 0
-4.950000, -2.100000, 0
-4.800000, -2.100000, 2
-4.650000, -2.100000, 2
-4.500000, -2.100000, 2
-4.350000, -2.100000, 2
-4.200000, -2.100000, 2
-4.050000, -2.100000, 2
-3.900000, -2.100000, 2
-3.750000, -2.100000, 2
-3.600000, -2.100000, 2
-3.450000, -2.100000, 2
-3.300000, -2.100000, 2
-3.150000, -2.100000, 2
-3.000000, -2.100000, 1
-2.850000, -2.100000, 10
-2.700000, -2.100000, 5
-2.550000, -2.100000, 3
-2.400000, -2.100000, 3
-2.250000, -2.100000, 7
-2.100000, -2.100000, 7
-1.950000, -2.100000, 7
-1.800000, -2.100000, 7
-1.650000, -2.100000, 7
-1.500000, -2.100000, 7
-1.350000, -2.100000, 7
-1.200000, -2.100000, 7
-1.050000, -2.100000, 7
-0.900000, -2.100000, 7
-0.750000, -2.100000, 4
-0.600000, -2.100000, 3
-0.450000, -2.100000, 3
-0.300000, -2.100000, 3
-0.150000, -2.100000, 8
-0.000000, -2.100000, 8
0.150000, -2.100000, 8
0.300000, -2.100000, 8
0.450000, -2.100000, 8
0.600000, -2.100000, 8
0.750000, -2.100000, 3
0.900000, -2.100000, 3
1.050000, -2.100000, 3
1.200000, -2.100000, 3
1.350000, -2.100000, 3
1.500000, -2.100000, 3
1.650000, -2.100000, 3
1.800000, -2.100000, 3
1.950000, -2.100000, 2
2.100000, -2.100000, 8
2.250000, -2.100000, 1
2.400000, -2.100000, 1
2.550000, -2.100000, 1
2.700000, -2.100000, 1
2.850000, -2.100000, 1
3.000000, -2.100000, 1
3.150000, -2.100000, 1
3.300000, -2.100000, 1
3.450000, -2.100000, 1
3.600000, -2.100000, 1
3.750000, -2.100000, 1
3.900000, -2.100000, 1
4.050000, -2.100000, 1
4.200000, -2.100000, 1
4.350000, -2.100000, 1
4.500000, -2.100000, 1
4.650000, -2.100000, 1
4.800000, -2.100000, 1
4.950000, -2.100000, 1
5.100000, -2.100000, 1
5.250000, -2.100000, 1
5.400000, -2.100000, 1
5.550000, -2.100000, 3
5.700000, -2.100000, 3
5.850000, -2.100000, 5
6.000000, -2.100000, 8
6.150000, -2.100000, 3
6.300000, -2.100000, 3
6.450000, -2.100000, 8
6.600000, -2.100000, 3
6.750000, -2.100000, 3
6.900000, -2.100000, 3
7.050000, -2.100000, 8
7.200000, -2.100000, 7
7.350000, -2.100000, 1
7.500000, -2.100000, 5
7.650000, -2.100000, 5
7.800000, -2.100000, 11
7.950000, -2.100000, 0
8.100000, -2.100000, 9
8.250000, -2.100000, 4
8.400000, -2.100000, 10
8.550000, -2.100000, 2
8.700000, -2.100000, 8
8.850000, -2.100000, 10
9.000000, -2.100000, 6
9.150000, -2.100000, 4
9.300000, -2.100000, 6
9.450000, -2.100000, 3
9.600000, -2.100000, 1
9.750000, -2.100000, 5
9.900000, -2.100000, 6
10.050000, -2.100000, 11
10.200000, -2.100000, 4
10.350000, -2.100000, 11
10.500000, -2.100000, 5
10.650000, -2.100000, 5
10.800000, -2.100000, 5
10.950000, -2.100000, 5
11.100000, -2.100000, 5
11.250000, -2.100000, 5
11.400000, -2.100000, 5
11.550000, -2.100000, 5
11.700000, -2.100000, 5
11.850000, -2.100000, 5
12.000000, -2.100000, 5
12.150000, -2.100000, 5
12.300000, -2.100000, 5
12.450000, -2.100000, 5
12.600000, -2.100000, 5
12.750000, -2.100000, 5
12.900000, -2.100000, 5
13.050000, -2.100000, 5
13.200000, -2.100000, 5
13.350000, -2.100000, 5
13.500000, -2.100000, 5
13.650000, -2.100000, 5
13.800000, -2.100000, 5
13.950000, -2.100000, 5
14.100000, -2.100000, 5
14.250000, -2.100000, 5
14.400000, -2.100000, 5
14.550000, -2.100000, 5
14.700000, -2.100000, 5
14.850000, -2.100000, 5
-15.000000, -2.050000, 11
-14.850000, -2.050000, 11
-14.700000, -2.050000, 11
-14.550000, -2.050000, 11
-14.400000, -2.050000, 11
-14.250000, -2.050000, 11
-14.100000, -2.050000, 11
-13.950000, -2.050000, 11
-13.800000, -2.050000, 11
-13.650000, -2.050000, 11
-13.500000, -2.050000, 11
-13.350000, -2.050000, 11
-13.200000, -2.050000, 11
-13.050000, -2.050000, 11
-12.900000, -2.050000, 11
-12.750000, -2.050000, 11
-12.600000, -2.050000, 11
-12.450000, -2.050000, 11
-12.300000, -2.050000, 11
-12.150000, -2.050000, 11
-12.000000, -2.050000, 11
-11.850000, -2.050000, 11
-11.700000, -2.050000, 11
-11.550000, -2.050000, 11
-11.400000, -2.050000, 11
-11.250000, -2.050000, 11
-11.100000, -2.050000, 11
-10.950000, -2.050000, 11
-10.800000, -2.050000, 11
-10.650000, -2.050000, 11
-10.500000, -2.050000, 11
-10.350000, -2.050000, 11
-10.200000, -2.050000, 11
-10.050000, -2.050000, 11
-9.900000, -2.050000, 11
-9.750000, -2.050000, 11
-9.600000, -2.050000, 11
-9.450000, -2.050000, 11
-9.300000, -2.050000, 11
-9.150000, -2.050000, 0
-9.000000, -2.050000, 0
-8.850000, -2.050000, 0
-8.700000, -2.050000, 2
-8.550000, -2.050000, 2
-8.400000, -2.050000, 0
-8.250000, -2.050000, 0
-8.100000, -2.050000, 0
-7.950000, -2.050000, 0
-7.800000, -2.050000, 0
-7.650000, -2.050000, 0
-7.500000, -2.050000, 0
-7.350000, -2.050000, 0
-7.200000, -2.050000, 0
-7.050000, -2.050000, 0
-6.900000, -2.050000, 0
-6.750000, -2.050000, 0
-6.600000, -2.050000, 0
-6.450000, -2.050000, 0
-6.300000, -2.050000, 0
-6.150000, -2.050000, 0
-6.000000, -2.050000, 0
-5.850000, -2.050000, 0
-5.700000, -2.050000, 0
-5.550000, -2.050000, 0
-5.400000, -2.050000, 0
-5.250000, -2.050000, 0
-5.100000, -2.050000, 0
-4.950000, -2.050000, 0
-4.800000, -2.050000, 2
-4.650000, -2.050000, 2
-4.500000, -2.050000, 2
-4.350000, -2.050000, 2
-4.200000, -2.050000, 2
-4.050000, -2.050000, 2
-3.900000, -2.050000, 2
-3.750000, -2.050000, 2
-3.600000, -2.050000, 2
-3.450000, -2.050000, 2
-3.300000, -2.050000, 2
-3.150000, -2.050000, 2
-3.000000, -2.050000, 2
-2.850000, -2.050000, 11
-2.700000, -2.050000, 5
-2.550000, -2.050000, 7
-2.400000, -2.050000, 3
-2.250000, -2.050000, 2
-2.100000, -2.050000, 7
-1.950000, -2.050000, 7
-1.800000, -2.050000, 7
-1.650000, -2.050000, 7
-1.500000, -2.050000, 7
-1.350000, -2.050000, 7
-1.200000, -2.050000, 7
-1.050000, -2.050000, 7
-0.900000, -2.050000, 7
-0.750000, -2.050000, 5
-0.600000, -2.050000, 3
-0.450000, -2.050000, 3
-0.300000, -2.050000, 8
-0.150000, -2.050000, 8
-0.000000, -2.050000, 8
0.150000, -2.050000, 8
0.300000, -2.050000, 8
0.450000, -2.050000, 8
0.600000, -2.050000, 8
0.750000, -2.050000, 3
0.900000, -2.050000, 3
1.050000, -2.050000, 3
1.200000, -2.050000, 3
1.350000, -2.050000, 3
1.500000, -2.050000, 3
1.650000, -2.050000, 3
1.800000, -2.050000, 8
1.950000, -2.050000, 8
2.100000, -2.050000, 1
2.250000, -2.050000, 1
2.400000, -2.050000, 1
2.550000, -2.050000, 1
2.700000, -2.050000, 1
2.850000, -2.050000, 1
3.000000, -2.050000, 1
3.150000, -2.050000, 1
3.300000, -2.050000, 1
3.450000, -2.050000, 1
3.600000, -2.050000, 1
3.750000, -2.050000, 1
3.900000, -2.050000, 1
4.050000, -2.050000, 1
4.200000, -2.050000, 1
4.350000, -2.050000, 1
4.500000, -2.050000, 1
4.650000, -2.050000, 1
4.800000, -2.050000, 1
4.950000, -2.050000, 1
5.100000, -2.050000, 1
5.250000, -2.050000, 8
5.400000, -2.050000, 8
5.550000, -2.050000, 3
5.700000, -2.050000, 3
5.850000, -2.050000, 3
6.000000, -2.050000, 8
6.150000, -2.050000, 3
6.300000, -2.050000, 3
6.450000, -2.050000, 8
6.600000, -2.050000, 3
6.750000, -2.050000, 3
6.900000, -2.050000, 1
7.050000, -2.050000, 3
7.200000, -2.050000, 7
7.350000, -2.050000, 2
7.500000, -2.050000, 3
7.650000, -2.050000, 6
7.800000, -2.050000, 11
7.950000, -2.050000, 0
8.100000, -2.050000, 10
8.250000, -2.050000, 4
8.400000, -2.050000, 4
8.550000, -2.050000, 2
8.700000, -2.050000, 8
8.850000, -2.050000, 5
9.000000, -2.050000, 6
9.150000, -2.050000, 6
9.300000, -2.050000, 9
9.450000, -2.050000, 8
9.600000, -2.050000, 1
9.750000, -2.050000, 5
9.900000, -2.050000, 1
10.050000, -2.050000, 10
10.200000, -2.050000, 5
10.350000, -2.050000, 1
10.500000, -2.050000, 5
10.650000, -2.050000, 5
10.800000, -2.050000, 5
10.950000, -2.050000, 5
11.100000, -2.050000, 5
11.250000, -2.050000, 5
11.400000, -2.050000, 5
11.550000, -2.050000, 5
11.700000, -2.050000, 5
11.850000, -2.050000, 5
12.000000, -2.050000, 5
12.150000, -2.050000, 5
12.300000, -2.050000, 5
12.450000, -2.050000, 5
12.600000, -2.050000, 5
12.750000, -2.050000, 5
12.900000, -2.050000, 5
13.050000, -2.050000, 5
13.200000, -2.050000, 5
13.350000, -2.050000, 5
13.500000, -2.050000, 5
13.650000, -2.050000, 5
13.800000, -2.050000, 5
13.950000, -2.050000, 5
14.100000, -2.050000, 5
14.250000, -2.050000, 5
14.400000, -2.050000, 5
14.550000, -2.050000, 5
14.700000, -2.050000, 5
14.850000, -2.050000, 5
-15.000000, -2.000000, 11
-14.850000, -2.000000, 11
-14.700000, -2.000000, 11
-14.550000, -2.000000, 11
-14.400000, -2.000000, 11
-14.250000, -2.000000, 11
-14.100000, -2.000000, 11
-13.950000, -2.000000, 11
-13.800000, -2.000000, 11
-13.650000, -2.000000, 11
-13.500000, -2.000000, 11
-13.350000, -2.000000, 11
-13.200000, -2.000000, 11
-13.050000, -2.000000, 11
-12.900000, -2.000000, 11
-12.750000, -2.000000, 11
-12.600000, -2.000000, 11
-12.450000, -2.000000, 11
-12.300000, -2.000000, 11
-12.150000, -2.000000, 11
-12.000000, -2.000000, 11
-11.850000, -2.000000, 11
-11.700000, -2.000000, 11
-11.550000, -2.000000, 11
-11.400000, -2.000000, 11
-11.250000, -2.000000, 11
-11.100000, -2.000000, 11
-10.950000, -2.000000, 11
-10.800000, -2.000000, 11
-10.650000, -2.000000, 11
-10.500000, -2.000000, 11
-10.350000, -2.000000, 11
-10.200000, -2.000000, 11
-10.050000, -2.000000, 11
-9.900000, -2.000000, 11
-9.750000, -2.000000, 11
-9.600000, -2.000000, 11
-9.450000, -2.000000, 11
-9.300000, -2.000000, 11
-9.150000, -2.000000, 2
-9.000000, -2.000000, 7
-8.850000, -2.000000, 0
-8.700000, -2.000000, 0
-8.550000, -2.000000, 2
-8.400000, -2.000000, 0
-8.250000, -2.000000, 0
-8.100000, -2.000000, 0
-7.950000, -2.000000, 0
-7.800000, -2.000000, 0
-7.650000, -2.000000, 0
-7.500000, -2.000000, 0
-7.350000, -2.000000, 0
-7.200000, -2.000000, 0
-7.050000, -2.000000, 0
-6.900000, -2.000000, 0
-6.750000, -2.000000, 0
-6.600000, -2.000000, 0
-6.450000, -2.000000, 0
-6.300000, -2.000000, 0
-6.150000, -2.000000, 0
-6.000000, -2.000000, 0
-5.850000, -2.000000, 0
-5.700000, -2.000000, 0
-5.550000, -2.000000, 0
-5.400000, -2.000000, 0
-5.250000, -2.000000, 0
-5.100000, -2.000000, 0
-4.950000, -2.000000, 0
-4.800000, -2.000000, 0
-4.650000, -2.000000, 2
-4.500000, -2.000000, 2
-4.350000, -2.000000, 2
-4.200000, -2.000000, 2
-4.050000, -2.000000, 2
-3.900000, -2.000000, 2
-3.750000, -2.000000, 2
-3.600000, -2.000000, 2
-3.450000, -2.000000, 2
-3.300000, -2.000000, 2
-3.150000, -2.000000, 2
-3.000000, -2.000000, 2
-2.850000, -2.000000, 8
-2.700000, -2.000000, 9
-2.550000, -2.000000, 10
-2.400000, -2.000000, 3
-2.250000, -2.000000, 2
-2.100000, -2.000000, 7
-1.950000, -2.000000, 7
-1.800000, -2.000000, 7
-1.650000, -2.000000, 7
-1.500000, -2.000000, 7
-1.350000, -2.000000, 7
-1.200000, -2.000000, 7
-1.050000, -2.000000, 7
-0.900000, -2.000000, 7
-0.750000, -2.000000, 3
-0.600000, -2.000000, 3
-0.450000, -2.000000, 3
-0.300000, -2.000000, 1
-0.150000, -2.000000, 8
-0.000000, -2.000000, 8
0.150000, -2.000000, 8
0.300000, -2.000000, 8
0.450000, -2.000000, 8
0.600000, -2.000000, 8
0.750000, -2.000000, 3
0.900000, -2.000000, 3
1.050000, -2.000000, 3
1.200000, -2.000000, 3
1.350000, -2.000000, 3
1.500000, -2.000000, 3
1.650000, -2.000000, 3
1.800000, -2.000000, 3
1.950000, -2.000000, 3
2.100000, -2.000000, 1
2.250000, -2.000000, 1
2.400000, -2.000000, 1
2.550000, -2.000000, 1
2.700000, -2.000000, 1
2.850000, -2.000000, 1
3.000000, -2.000000, 1
3.150000, -2.000000, 1
3.300000, -2.000000, 1
3.450000, -2.000000, 1
3.600000, -2.000000, 1
3.750000, -2.000000, 1
3.900000, -2.000000, 1
4.050000, -2.000000, 1
4.200000, -2.000000, 1
4.350000, -2.000000, 1
4.500000, -2.000000, 1
4.650000, -2.000000, 1
4.800000, -2.000000, 1
4.950000, -2.000000, 1
5.100000, -2.000000, 1
5.250000, -2.000000, 3
5.400000, -2.000000, 5
5.550000, -2.000000, 3
5.700000, -2.000000, 3
5.850000, -2.000000, 3
6.000000, -2.000000, 3
6.150000, -2.000000, 3
6.300000, -2.000000, 3
6.450000, -2.000000, 8
6.600000, -2.000000, 3
6.750000, -2.000000, 1
6.900000, -2.000000, 8
7.050000, -2.000000, 1
7.200000, -2.000000, 7
7.350000, -2.000000, 2
7.500000, -2.000000, 9
7.650000, -2.000000, 4
7.800000, -2.000000, 9
7.950000, -2.000000, 11
8.100000, -2.000000, 10
8.250000, -2.000000, 6
8.400000, -2.000000, 10
8.550000, -2.000000, 5
8.700000, -2.000000, 3
8.850000, -2.000000, 7
9.000000, -2.000000, 6
9.150000, -2.000000, 4
9.300000, -2.000000, 0
9.450000, -2.000000, 3
9.600000, -2.000000, 1
9.750000, -2.000000, 5
9.900000, -2.000000, 5
10.050000, -2.000000, 5
10.200000, -2.000000, 5
10.350000, -2.000000, 5
10.500000, -2.000000, 5
10.650000, -2.000000, 5
10.800000, -2.000000, 5
10.950000, -2.000000, 5
11.100000, -2.000000, 5
11.250000, -2.000000, 5
11.400000, -2.000000, 5
11.550000, -2.000000, 5
11.700000, -2.000000, 5
11.850000, -2.000000, 5
12.000000, -2.000000, 5
12.150000, -2.000000, 5
12.300000, -2.000000, 5
12.450000, -2.000000, 5
12.600000, -2.000000, 5
12.750000, -2.000000, 5
12.900000, -2.000000, 5
13.050000, -2.000000, 5
13.200000, -2.000000, 5
13.350000, -2.000000, 5
13.500000, -2.000000, 5
13.650000, -2.000000, 5
13.800000, -2.000000, 5
13.950000, -2.000000, 5
14.100000, -2.000000, 5
14.250000, -2.000000, 5
14.400000, -2.000000, 5
14.550000, -2.000000, 5
14.700000, -2.000000, 5
14.850000, -2.000000, 5
-15.000000, -1.950000, 11
-14.850000, -1.950000, 11
-14.700000, -1.950000, 11
-14.550000, -1.950000, 11
-14.400000, -1.950000, 11
-14.250000, -1.950000, 11
-14.100000, -1.950000, 11
-13.950000, -1.950000, 11
-13.800000, -1.950000, 11
-13.650000, -1.950000, 11
-13.500000, -1.950000, 11
-13.350000, -1.950000, 11
-13.200000, -1.950000, 11
-13.050000, -1.950000, 11
-12.900000, -1.950000, 11
-12.750000, -1.950000, 11
-12.600000, -1.950000, 11
-12.450000, -1.950000, 11
-12.300000, -1.950000, 11
-12.150000, -1.950000, 11
-12.000000, -1.950000, 11
-11.850000, -1.950000, 11
-11.700000, -1.950000, 11
-11.550000, -1.950000, 11
-11.400000, -1.950000, 11
-11.250000, -1.950000, 11
-11.100000, -1.950000, 11
-10.950000, -1.950000, 11
-10.800000, -1.950000, 11
-10.650000, -1.950000, 11
-10.500000, -1.950000, 11
-10.350000, -1.950000, 11
-10.200000, -1.950000, 11
-10.050000, -1.950000, 11
-9.900000, -1.950000, 11
-9.750000, -1.950000, 11
-9.600000, -1.950000, 11
-9.450000, -1.950000, 11
-9.300000, -1.950000, 11
-9.150000, -1.950000, 11
-9.000000, -1.950000, 11
-8.850000, -1.950000, 0
-8.700000, -1.950000, 11
-8.550000, -1.950000, 0
-8.400000, -1.950000, 0
-8.250000, -1.950000, 0
-8.100000, -1.950000, 0
-7.950000, -1.950000, 0
-7.800000, -1.950000, 0
-7.650000, -1.950000, 0
-7.500000, -1.950000, 0
-7.350000, -1.950000, 0
-7.200000, -1.950000, 0
-7.050000, -1.950000, 0
-6.900000, -1.950000, 0
-6.750000, -1.950000, 0
-6.600000, -1.950000, 0
-6.450000, -1.950000, 0
-6.300000, -1.950000, 0
-6.150000, -1.950000, 0
-6.000000, -1.950000, 0
-5.850000, -1.950000, 0
-5.700000, -1.950000, 0
-5.550000, -1.950000, 0
-5.400000, -1.950000, 0
-5.250000, -1.950000, 0
-5.100000, -1.950000, 0
-4.950000, -1.950000, 0
-4.800000, -1.950000, 0
-4.650000, -1.950000, 0
-4.500000, -1.950000, 2
-4.350000, -1.950000, 2
-4.200000, -1.950000, 2
-4.050000, -1.950000, 2
-3.900000, -1.950000, 2
-3.750000, -1.950000, 2
-3.600000, -1.950000, 2
-3.450000, -1.950000, 2
-3.300000, -1.950000, 2
-3.150000, -1.950000, 2
-3.000000, -1.950000, 2
-2.850000, -1.950000, 1
-2.700000, -1.950000, 4
-2.550000, -1.950000, 4
-2.400000, -1.950000, 1
-2.250000, -1.950000, 2
-2.100000, -1.950000, 7
-1.950000, -1.950000, 7
-1.800000, -1.950000, 7
-1.650000, -1.950000, 7
-1.500000, -1.950000, 7
-1.350000, -1.950000, 7
-1.200000, -1.950000, 7
-1.050000, -1.950000, 7
-0.900000, -1.950000, 7
-0.750000, -1.950000, 5
-0.600000, -1.950000, 3
-0.450000, -1.950000, 3
-0.300000, -1.950000, 3
-0.150000, -1.950000, 8
-0.000000, -1.950000, 8
0.150000, -1.950000, 8
0.300000, -1.950000, 8
0.450000, -1.950000, 8
0.600000, -1.950000, 8
0.750000, -1.950000, 3
0.900000, -1.950000, 3
1.050000, -1.950000, 3
1.200000, -1.950000, 3
1.350000, -1.950000, 3
1.500000, -1.950000, 3
1.650000, -1.950000, 3
1.800000, -1.950000, 6
1.950000, -1.950000, 3
2.100000, -1.950000, 1
2.250000, -1.950000, 1
2.400000, -1.950000, 1
2.550000, -1.950000, 1
2.700000, -1.950000, 1
2.850000, -1.950000, 1
3.000000, -1.950000, 1
3.150000, -1.950000, 1
3.300000, -1.950000, 1
3.450000, -1.950000, 1
3.600000, -1.950000, 1
3.750000, -1.950000, 1
3.900000, -1.950000, 1
4.050000, -1.950000, 1
4.200000, -1.950000, 1
4.350000, -1.950000, 1
4.500000, -1.950000, 1
4.650000, -1.950000, 1
4.800000, -1.950000, 1
4.950000, -1.950000, 1
5.100000, -1.950000, 6
5.250000, -1.950000, 3
5.400000, -1.950000, 2
5.550000, -1.950000, 3
5.700000, -1.950000, 3
5.850000, -1.950000, 3
6.000000, -1.950000, 3
6.150000, -1.950000, 3
6.300000, -1.950000, 3
6.450000, -1.950000, 7
6.600000, -1.950000, 7
6.750000, -1.950000, 10
6.900000, -1.950000, 5
7.050000, -1.950000, 5
7.200000, -1.950000, 0
7.350000, -1.950000, 2
7.500000, -1.950000, 4
7.650000, -1.950000, 4
7.800000, -1.950000, 9
7.950000, -1.950000, 7
8.100000, -1.950000, 3
8.250000, -1.950000, 6
8.400000, -1.950000, 4
8.550000, -1.950000, 5
8.700000, -1.950000, 1
8.850000, -1.950000, 1
9.000000, -1.950000, 6
9.150000, -1.950000, 2
9.300000, -1.950000, 8
9.450000, -1.950000, 10
9.600000, -1.950000, 4
9.750000, -1.950000, 5
9.900000, -1.950000, 5
10.050000, -1.950000, 5
10.200000, -1.950000, 5
10.350000, -1.950000, 5
10.500000, -1.950000, 5
10.650000, -1.950000, 5
10.800000, -1.950000, 5
10.950000, -1.950000, 5
11.100000, -1.950000, 5
11.250000, -1.950000, 5
11.400000, -1.950000, 5
11.550000, -1.950000, 5
11.700000, -1.950000, 5
11.850000, -1.950000, 5
12.000000, -1.950000, 5
12.150000, -1.950000, 5
12.300000, -1.950000, 5
12.450000, -1.950000, 5
12.600000, -1.950000, 5
12.750000, -1.950000, 5
12.900000, -1.950000, 5
13.050000, -1.950000, 5
13.200000, -1.950000, 5
13.350000, -1.950000, 5
13.500000, -1.950000, 5
13.650000, -1.950000, 5
13.800000, -1.950000, 5
13.950000, -1.950000, 5
14.100000, -1.950000, 5
14.250000, -1.950000, 5
14.400000, -1.950000, 5
14.550000, -1.950000, 5
14.700000, -1.950000, 5
14.850000, -1.950000, 5
-15.000000, -1.900000, 11
-14.850000, -1.900000, 11
-14.700000, -1.900000, 11
-14.550000, -1.900000, 11
-14.400000, -1.900000, 11
-14.250000, -1.900000, 11
-14.100000, -1.900000, 11
-13.950000, -1.900000, 11
-13.800000, -1.900000, 11
-13.650000, -1.900000, 11
-13.500000, -1.900000, 11
-13.350000, -1.900000, 11
-13.200000, -1.900000, 11
-13.050000, -1.900000, 11
-12.900000, -1.900000, 11
-12.750000, -1.900000, 11
-12.600000, -1.900000, 11
-12.450000, -1.900000, 11
-12.300000, -1.900000, 11
-12.150000, -1.900000, 11
-12.000000, -1.900000, 11
-11.850000, -1.900000, 11
-11.700000, -1.900000, 11
-11.550000, -1.900000, 11
-11.400000, -1.900000, 11
-11.250000, -1.900000, 11
-11.100000, -1.900000, 11
-10.950000, -1.900000, 11
-10.800000, -1.900000, 11
-10.650000, -1.900000, 11
-10.500000, -1.900000, 11
-10.350000, -1.900000, 11
-10.200000, -1.900000, 11
-10.050000, -1.900000, 11
-9.900000, -1.900000, 11
-9.750000, -1.900000, 11
-9.600000, -1.900000, 11
-9.450000, -1.900000, 11
-9.300000, -1.900000, 11
-9.150000, -1.900000, 11
-9.000000, -1.900000, 11
-8.850000, -1.900000, 11
-8.700000, -1.900000, 11
-8.550000, -1.900000, 0
-8.400000, -1.900000, 0
-8.250000, -1.900000, 0
-8.100000, -1.900000, 2
-7.950000, -1.900000, 0
-7.800000, -1.900000, 0
-7.650000, -1.900000, 0
-7.500000, -1.900000, 0
-7.350000, -1.900000, 0
-7.200000, -1.900000, 0
-7.050000, -1.900000, 0
-6.900000, -1.900000, 0
-6.750000, -1.900000, 0
-6.600000, -1.900000, 0
-6.450000, -1.900000, 0
-6.300000, -1.900000, 0
-6.150000, -1.900000, 0
-6.000000, -1.900000, 0
-5.850000, -1.900000, 0
-5.700000, -1.900000, 0
-5.550000, -1.900000, 0
-5.400000, -1.900000, 0
-5.250000, -1.900000, 0
-5.100000, -1.900000, 0
-4.950000, -1.900000, 0
-4.800000, -1.900000, 0
-4.650000, -1.900000, 0
-4.500000, -1.900000, 2
-4.350000, -1.900000, 2
-4.200000, -1.900000, 2
-4.050000, -1.900000, 2
-3.900000, -1.900000, 2
-3.750000, -1.900000, 2
-3.600000, -1.900000, 2
-3.450000, -1.900000, 2
-3.300000, -1.900000, 2
-3.150000, -1.900000, 2
-3.000000, -1.900000, 2
-2.850000, -1.900000, 2
-2.700000, -1.900000, 9
-2.550000, -1.900000, 4
-2.400000, -1.900000, 1
-2.250000, -1.900000, 3
-2.100000, -1.900000, 7
-1.950000, -1.900000, 7
-1.800000, -1.900000, 7
-1.650000, -1.900000, 7
-1.500000, -1.900000, 7
-1.350000, -1.900000, 7
-1.200000, -1.900000, 7
-1.050000, -1.900000, 7
-0.900000, -1.900000, 7
-0.750000, -1.900000, 2
-0.600000, -1.900000, 3
-0.450000, -1.900000, 3
-0.300000, -1.900000, 3
-0.150000, -1.900000, 8
-0.000000, -1.900000, 8
0.150000, -1.900000, 8
0.300000, -1.900000, 8
0.450000, -1.900000, 8
0.600000, -1.900000, 3
0.750000, -1.900000, 3
0.900000, -1.900000, 3
1.050000, -1.900000, 3
1.200000, -1.900000, 3
1.350000, -1.900000, 3
1.500000, -1.900000, 3
1.650000, -1.900000, 8
1.800000, -1.900000, 6
1.950000, -1.900000, 1
2.100000, -1.900000, 1
2.250000, -1.900000, 1
2.400000, -1.900000, 1
2.550000, -1.900000, 1
2.700000, -1.900000, 1
2.850000, -1.900000, 1
3.000000, -1.900000, 1
3.150000, -1.900000, 1
3.300000, -1.900000, 1
3.450000, -1.900000, 1
3.600000, -1.900000, 1
3.750000, -1.900000, 1
3.900000, -1.900000, 1
4.050000, -1.900000, 1
4.200000, -1.900000, 1
4.350000, -1.900000, 1
4.500000, -1.900000, 1
4.650000, -1.900000, 1
4.800000, -1.900000, 1
4.950000, -1.900000, 1
5.100000, -1.900000, 3
5.250000, -1.900000, 3
5.400000, -1.900000, 3
5.550000, -1.900000, 8
5.700000, -1.900000, 3
5.850000, -1.900000, 3
6.000000, -1.900000, 3
6.150000, -1.900000, 3
6.300000, -1.900000, 5
6.450000, -1.900000, 3
6.600000, -1.900000, 7
6.750000, -1.900000, 2
6.900000, -1.900000, 9
7.050000, -1.900000, 6
7.200000, -1.900000, 11
7.350000, -1.900000, 9
7.500000, -1.900000, 4
7.650000, -1.900000, 4
7.800000, -1.900000, 8
7.950000, -1.900000, 8
8.100000, -1.900000, 1
8.250000, -1.900000, 6
8.400000, -1.900000, 9
8.550000, -1.900000, 1
8.700000, -1.900000, 1
8.850000, -1.900000, 1
9.000000, -1.900000, 5
9.150000, -1.900000, 8
9.300000, -1.900000, 1
9.450000, -1.900000, 1
9.600000, -1.900000, 5
9.750000, -1.900000, 5
9.900000, -1.900000, 5
10.050000, -1.900000, 5
10.200000, -1.900000, 5
10.350000, -1.900000, 5
10.500000, -1.900000, 5
10.650000, -1.900000, 5
10.800000, -1.900000, 5
10.950000, -1.900000, 5
11.100000, -1.900000, 5
11.250000, -1.900000, 5
11.400000, -1.900000, 5
11.550000, -1.900000, 5
11.700000, -1.900000, 5
11.850000, -1.900000, 5
12.000000, -1.900000, 5
12.150000, -1.900000, 5
12.300000, -1.900000, 5
12.450000, -1.900000, 5
12.600000, -1.900000, 5
12.750000, -1.900000, 5
12.900000, -1.900000, 5
13.050000, -1.900000, 5
13.200000, -1.900000, 5
13.350000, -1.900000, 5
13.500000, -1.900000, 5
13.650000, -1.900000, 5
13.800000, -1.900000, 5
13.950000, -1.900000, 5
14.100000, -1.900000, 5
14.250000, -1.900000, 5
14.400000, -1.900000, 5
14.550000, -1.900000, 5
14.700000, -1.900000, 5
14.850000, -1.900000, 5
-15.000000, -1.850000, 11
-14.850000, -1.850000, 11
-14.700000, -1.850000, 11
-14.550000, -1.850000, 11
-14.400000, -1.850000, 11
-14.250000, -1.850000, 11
-14.100000, -1.850000, 11
-13.950000, -1.850000, 11
-13.800000, -1.850000, 11
-13.650000, -1.850000, 11
-13.500000, -1.850000, 11
-13.350000, -1.850000, 11
-13.200000, -1.850000, 11
-13.050000, -1.850000, 11
-12.900000, -1.850000, 11
-12.750000, -1.850000, 11
-12.600000, -1.850000, 11
-12.450000, -1.850000, 11
-12.300000, -1.850000, 11
-12.150000, -1.850000, 11
-12.000000, -1.850000, 11
-11.850000, -1.850000, 11
-11.700000, -1.850000, 11
-11.550000, -1.850000, 11
-11.400000, -1.850000, 11
-11.250000, -1.850000, 11
-11.100000, -1.850000, 11
-10.950000, -1.850000, 11
-10.800000, -1.850000, 11
-10.650000, -1.850000, 11
-10.500000, -1.850000, 11
-10.350000, -1.850000, 11
-10.200000, -1.850000, 11
-10.050000, -1.850000, 11
-9.900000, -1.850000, 11
-9.750000, -1.850000, 11
-9.600000, -1.850000, 11
-9.450000, -1.850000, 11
-9.300000, -1.850000, 11
-9.150000, -1.850000, 11
-9.000000, -1.850000, 11
-8.850000, -1.850000, 11
-8.700000, -1.850000, 11
-8.550000, -1.850000, 11
-8.400000, -1.850000, 0
-8.250000, -1.850000, 0
-8.100000, -1.850000, 0
-7.950000, -1.850000, 7
-7.800000, -1.850000, 0
-7.650000, -1.850000, 0
-7.500000, -1.850000, 0
-7.350000, -1.850000, 0
-7.200000, -1.850000, 0
-7.050000, -1.850000, 0
-6.900000, -1.850000, 0
-6.750000, -1.850000, 0
-6.600000, -1.850000, 0
-6.450000, -1.850000, 0
-6.300000, -1.850000, 0
-6.150000, -1.850000, 0
-6.000000, -1.850000, 0
-5.850000, -1.850000, 0
-5.700000, -1.850000, 0
-5.550000, -1.850000, 0
-5.400000, -1.850000, 0
-5.250000, -1.850000, 0
-5.100000, -1.850000, 0
-4.950000, -1.850000, 0
-4.800000, -1.850000, 0
-4.650000, -1.850000, 0
-4.500000, -1.850000, 2
-4.350000, -1.850000, 2
-4.200000, -1.850000, 2
-4.050000, -1.850000, 2
-3.900000, -1.850000, 2
-3.750000, -1.850000, 2
-3.600000, -1.850000, 2
-3.450000, -1.850000, 2
-3.300000, -1.850000, 2
-3.150000, -1.850000, 2
-3.000000, -1.850000, 2
-2.850000, -1.850000, 2
-2.700000, -1.850000, 10
-2.550000, -1.850000, 5
-2.400000, -1.850000, 5
-2.250000, -1.850000, 3
-2.100000, -1.850000, 7
-1.950000, -1.850000, 7
-1.800000, -1.850000, 7
-1.650000, -1.850000, 7
-1.500000, -1.850000, 7
-1.350000, -1.850000, 7
-1.200000, -1.850000, 7
-1.050000, -1.850000, 7
-0.900000, -1.850000, 7
-0.750000, -1.850000, 7
-0.600000, -1.850000, 3
-0.450000, -1.850000, 3
-0.300000, -1.850000, 3
-0.150000, -1.850000, 8
-0.000000, -1.850000, 8
0.150000, -1.850000, 8
0.300000, -1.850000, 8
0.450000, -1.850000, 8
0.600000, -1.850000, 3
0.750000, -1.850000, 3
0.900000, -1.850000, 3
1.050000, -1.850000, 3
1.200000, -1.850000, 3
1.350000, -1.850000, 3
1.500000, -1.850000, 3
1.650000, -1.850000, 8
1.800000, -1.850000, 3
1.950000, -1.850000, 1
2.100000, -1.850000, 1
2.250000, -1.850000, 1
2.400000, -1.850000, 1
2.550000, -1.850000, 1
2.700000, -1.850000, 1
2.850000, -1.850000, 1
3.000000, -1.850000, 1
3.150000, -1.850000, 1
3.300000, -1.850000, 1
3.450000, -1.850000, 1
3.600000, -1.850000, 1
3.750000, -1.850000, 1
3.900000, -1.850000, 1
4.050000, -1.850000, 1
4.200000, -1.850000, 1
4.350000, -1.850000, 1
4.500000, -1.850000, 1
4.650000, -1.850000, 1
4.800000, -1.850000, 3
4.950000, -1.850000, 10
5.100000, -1.850000, 3
5.250000, -1.850000, 3
5.400000, -1.850000, 3
5.550000, -1.850000, 8
5.700000, -1.850000, 3
5.850000, -1.850000, 3
6.000000, -1.850000, 3
6.150000, -1.850000, 5
6.300000, -1.850000, 1
6.450000, -1.850000, 1
6.600000, -1.850000, 7
6.750000, -1.850000, 2
6.900000, -1.850000, 4
7.050000, -1.850000, 10
7.200000, -1.850000, 0
7.350000, -1.850000, 10
7.500000, -1.850000, 4
7.650000, -1.850000, 9
7.800000, -1.850000, 8
7.950000, -1.850000, 7
8.100000, -1.850000, 2
8.250000, -1.850000, 6
8.400000, -1.850000, 4
8.550000, -1.850000, 11
8.700000, -1.850000, 9
8.850000, -1.850000, 5
9.000000, -1.850000, 5
9.150000, -1.850000, 5
9.300000, -1.850000, 5
9.450000, -1.850000, 5
9.600000, -1.850000, 5
9.750000, -1.850000, 5
9.900000, -1.850000, 5
10.050000, -1.850000, 5
10.200000, -1.850000, 5
10.350000, -1.850000, 5
10.500000, -1.850000, 5
10.650000, -1.850000, 5
10.800000, -1.850000, 5
10.950000, -1.850000, 5
11.100000, -1.850000, 5
11.250000, -1.850000, 5
11.400000, -1.850000, 5
11.550000, -1.850000, 5
11.700000, -1.850000, 5
11.850000, -1.850000, 5
12.000000, -1.850000, 5
12.150000, -1.850000, 5
12.300000, -1.850000, 5
12.450000, -1.850000, 5
12.600000, -1.850000, 5
12.750000, -1.850000, 5
12.900000, -1.850000, 5
13.050000, -1.850000, 5
13.200000, -1.850000, 5
13.350000, -1.850000, 5
13.500000, -1.850000, 5
13.650000, -1.850000, 5
13.800000, -1.850000, 5
13.950000, -1.850000, 5
14.100000, -1.850000, 5
14.250000, -1.850000, 5
14.400000, -1.850000, 5
14.550000, -1.850000, 5
14.700000, -1.850000, 5
14.850000, -1.850000, 5
-15.000000, -1.800000, 11
-14.850000, -1.800000, 11
-14.700000, -1.800000, 11
-14.550000, -1.800000, 11
-14.400000, -1.800000, 11
-14.250000, -1.800000, 11
-14.100000, -1.800000, 11
-13.950000, -1.800000, 11
-13.800000, -1.800000, 11
-13.650000, -1.800000, 11
-13.500000, -1.800000, 11
-13.350000, -1.800000, 11
-13.200000, -1.800000, 11
-13.050000, -1.800000, 11
-12.900000, -1.800000, 11
-12.750000, -1.800000, 11
-12.600000, -1.800000, 11
-12.450000, -1.800000, 11
-12.300000, -1.800000, 11
-12.150000, -1.800000, 11
-12.000000, -1.800000, 11
-11.850000, -1.800000, 11
-11.700000, -1.800000, 11
-11.550000, -1.800000, 11
-11.400000, -1.800000, 11
-11.250000, -1.800000, 11
-11.100000, -1.800000, 11
-10.950000, -1.800000, 11
-10.800000, -1.800000, 11
-10.650000, -1.800000, 11
-10.500000, -1.800000, 11
-10.350000, -1.800000, 11
-10.200000, -1.800000, 11
-10.050000, -1.800000, 11
-9.900000, -1.800000, 11
-9.750000, -1.800000, 11
-9.600000, -1.800000, 11
-9.450000, -1.800000, 11
-9.300000, -1.800000, 11
-9.150000, -1.800000, 11
-9.000000, -1.800000, 11
-8.850000, -1.800000, 11
-8.700000, -1.800000, 11
-8.550000, -1.800000, 11
-8.400000, -1.800000, 0
-8.250000, -1.800000, 0
-8.100000, -1.800000, 0
-7.950000, -1.800000, 2
-7.800000, -1.800000, 0
-7.650000, -1.800000, 0
-7.500000, -1.800000, 0
-7.350000, -1.800000, 0
-7.200000, -1.800000, 0
-7.050000, -1.800000, 0
-6.900000, -1.800000, 0
-6.750000, -1.800000, 0
-6.600000, -1.800000, 0
-6.450000, -1.800000, 0
-6.300000, -1.800000, 0
-6.150000, -1.800000, 0
-6.000000, -1.800000, 0
-5.850000, -1.800000, 0
-5.700000, -1.800000, 0
-5.550000, -1.800000, 0
-5.400000, -1.800000, 0
-5.250000, -1.800000, 0
-5.100000, -1.800000, 0
-4.950000, -1.800000, 0
-4.800000, -1.800000, 0
-4.650000, -1.800000, 0
-4.500000, -1.800000, 0
-4.350000, -1.800000, 2
-4.200000, -1.800000, 2
-4.050000, -1.800000, 2
-3.900000, -1.800000, 2
-3.750000, -1.800000, 2
-3.600000, -1.800000, 2
-3.450000, -1.800000, 2
-3.300000, -1.800000, 2
-3.150000, -1.800000, 2
-3.000000, -1.800000, 2
-2.850000, -1.800000, 2
-2.700000, -1.800000, 2
-2.550000, -1.800000, 1
-2.400000, -1.800000, 4
-2.250000, -1.800000, 7
-2.100000, -1.800000, 10
-1.950000, -1.800000, 7
-1.800000, -1.800000, 7
-1.650000, -1.800000, 7
-1.500000, -1.800000, 7
-1.350000, -1.800000, 7
-1.200000, -1.800000, 7
-1.050000, -1.800000, 7
-0.900000, -1.800000, 7
-0.750000, -1.800000, 3
-0.600000, -1.800000, 8
-0.450000, -1.800000, 3
-0.300000, -1.800000, 3
-0.150000, -1.800000, 8
-0.000000, -1.800000, 8
0.150000, -1.800000, 8
0.300000, -1.800000, 8
0.450000, -1.800000, 8
0.600000, -1.800000, 3
0.750000, -1.800000, 3
0.900000, -1.800000, 3
1.050000, -1.800000, 3
1.200000, -1.800000, 3
1.350000, -1.800000, 3
1.500000, -1.800000, 3
1.650000, -1.800000, 4
1.800000, -1.800000, 1
1.950000, -1.800000, 1
2.100000, -1.800000, 1
2.250000, -1.800000, 1
2.400000, -1.800000, 1
2.550000, -1.800000, 1
2.700000, -1.800000, 1
2.850000, -1.800000, 1
3.000000, -1.800000, 1
3.150000, -1.800000, 1
3.300000, -1.800000, 1
3.450000, -1.800000, 1
3.600000, -1.800000, 1
3.750000, -1.800000, 1
3.900000, -1.800000, 1
4.050000, -1.800000, 1
4.200000, -1.800000, 1
4.350000, -1.800000, 1
4.500000, -1.800000, 1
4.650000, -1.800000, 1
4.800000, -1.800000, 7
4.950000, -1.800000, 11
5.100000, -1.800000, 3
5.250000, -1.800000, 3
5.400000, -1.800000, 3
5.550000, -1.800000, 3
5.700000, -1.800000, 3
5.850000, -1.800000, 3
6.000000, -1.800000, 3
6.150000, -1.800000, 3
6.300000, -1.800000, 5
6.450000, -1.800000, 5
6.600000, -1.800000, 0
6.750000, -1.800000, 5
6.900000, -1.800000, 4
7.050000, -1.800000, 10
7.200000, -1.800000, 0
7.350000, -1.800000, 5
7.500000, -1.800000, 4
7.650000, -1.800000, 6
7.800000, -1.800000, 4
7.950000, -1.800000, 3
8.100000, -1.800000, 1
8.250000, -1.800000, 6
8.400000, -1.800000, 10
8.550000, -1.800000, 6
8.700000, -1.800000, 1
8.850000, -1.800000, 5
9.000000, -1.800000, 5
9.150000, -1.800000, 5
9.300000, -1.800000, 5
9.450000, -1.800000, 5
9.600000, -1.800000, 5
9.750000, -1.800000, 5
9.900000, -1.800000, 5
10.050000, -1.800000, 5
10.200000, -1.800000, 5
10.350000, -1.800000, 5
10.500000, -1.800000, 5
10.650000, -1.800000, 5
10.800000, -1.800000, 5
10.950000, -1.800000, 5
11.100000, -1.800000, 5
11.250000, -1.800000, 5
11.400000, -1.800000, 5
11.550000, -1.800000, 5
11.700000, -1.800000, 5
11.850000, -1.800000, 5
12.000000, -1.800000, 5
12.150000, -1.800000, 5
12.300000, -1.800000, 5
12.450000, -1.800000, 5
12.600000, -1.800000, 5
12.750000, -1.800000, 5
12.900000, -1.800000, 5
13.050000, -1.800000, 5
13.200000, -1.800000, 5
13.350000, -1.800000, 5
13.500000, -1.800000, 5
13.650000, -1.800000, 5
13.800000, -1.800000, 5
13.950000, -1.800000, 5
14.100000, -1.800000, 5
14.250000, -1.800000, 5
14.400000, -1.800000, 5
14.550000, -1.800000, 5
14.700000, -1.800000, 5
14.850000, -1.800000, 5
-15.000000, -1.750000, 11
-14.850000, -1.750000, 11
-14.700000, -1.750000, 11
-14.550000, -1.750000, 11
-14.400000, -1.750000, 11
-14.250000, -1.750000, 11
-14.100000, -1.750000, 11
-13.950000, -1.750000, 11
-13.800000, -1.750000, 11
-13.650000, -1.750000, 11
-13.500000, -1.750000, 11
-13.350000, -1.750000, 11
-13.200000, -1.750000, 11
-13.050000, -1.750000, 11
-12.900000, -1.750000, 11
-12.750000, -1.750000, 11
-12.600000, -1.750000, 11
-12.450000, -1.750000, 11
-12.300000, -1.750000, 11
-12.150000, -1.750000, 11
-12.000000, -1.750000, 11
-11.850000, -1.750000, 11
-11.700000, -1.750000, 11
-11.550000, -1.750000, 11
-11.400000, -1.750000, 11
-11.250000, -1.750000, 11
-11.100000, -1.750000, 11
-10.950000, -1.750000, 11
-10.800000, -1.750000, 11
-10.650000, -1.750000, 11
-10.500000, -1.750000, 11
-10.350000, -1.750000, 11
-10.200000, -1.750000, 11
-10.050000, -1.750000, 11
-9.900000, -1.750000, 11
-9.750000, -1.750000, 11
-9.600000, -1.750000, 11
-9.450000, -1.750000, 11
-9.300000, -1.750000, 11
-9.150000, -1.750000, 11
-9.000000, -1.750000, 11
-8.850000, -1.750000, 11
-8.700000, -1.750000, 11
-8.550000, -1.750000, 11
-8.400000, -1.750000, 11
-8.250000, -1.750000, 11
-8.100000, -1.750000, 11
-7.950000, -1.750000, 0
-7.800000, -1.750000, 0
-7.650000, -1.750000, 0
-7.500000, -1.750000, 2
-7.350000, -1.750000, 0
-7.200000, -1.750000, 0
-7.050000, -1.750000, 0
-6.900000, -1.750000, 0
-6.750000, -1.750000, 0
-6.600000, -1.750000, 0
-6.450000, -1.750000, 0
-6.300000, -1.750000, 0
-6.150000, -1.750000, 0
-6.000000, -1.750000, 0
-5.850000, -1.750000, 0
-5.700000, -1.750000, 0
-5.550000, -1.750000, 0
-5.400000, -1.750000, 0
-5.250000, -1.750000, 0
-5.100000, -1.750000, 0
-4.950000, -1.750000, 0
-4.800000, -1.750000, 0
-4.650000, -1.750000, 0
-4.500000, -1.750000, 0
-4.350000, -1.750000, 0
-4.200000, -1.750000, 3
-4.050000, -1.750000, 2
-3.900000, -1.750000, 2
-3.750000, -1.750000, 2
-3.600000, -1.750000, 2
-3.450000, -1.750000, 2
-3.300000, -1.750000, 2
-3.150000, -1.750000, 2
-3.000000, -1.750000, 2
-2.850000, -1.750000, 2
-2.700000, -1.750000, 2
-2.550000, -1.750000, 4
-2.400000, -1.750000, 4
-2.250000, -1.750000, 1
-2.100000, -1.750000, 5
-1.950000, -1.750000, 7
-1.800000, -1.750000, 7
-1.650000, -1.750000, 7
-1.500000, -1.750000, 7
-1.350000, -1.750000, 7
-1.200000, -1.750000, 7
-1.050000, -1.750000, 7
-0.900000, -1.750000, 7
-0.750000, -1.750000, 8
-0.600000, -1.750000, 8
-0.450000, -1.750000, 3
-0.300000, -1.750000, 3
-0.150000, -1.750000, 8
-0.000000, -1.750000, 8
0.150000, -1.750000, 8
0.300000, -1.750000, 8
0.450000, -1.750000, 8
0.600000, -1.750000, 3
0.750000, -1.750000, 3
0.900000, -1.750000, 3
1.050000, -1.750000, 3
1.200000, -1.750000, 3
1.350000, -1.750000, 3
1.500000, -1.750000, 3
1.650000, -1.750000, 4
1.800000, -1.750000, 1
1.950000, -1.750000, 1
2.100000, -1.750000, 1
2.250000, -1.750000, 1
2.400000, -1.750000, 1
2.550000, -1.750000, 1
2.700000, -1.750000, 1
2.850000, -1.750000, 1
3.000000, -1.750000, 1
3.150000, -1.750000, 1
3.300000, -1.750000, 1
3.450000, -1.750000, 1
3.600000, -1.750000, 1
3.750000, -1.750000, 1
3.900000, -1.750000, 1
4.050000, -1.750000, 1
4.200000, -1.750000, 1
4.350000, -1.750000, 1
4.500000, -1.750000, 1
4.650000, -1.750000, 1
4.800000, -1.750000, 3
4.950000, -1.750000, 7
5.100000, -1.750000, 8
5.250000, -1.750000, 3
5.400000, -1.750000, 8
5.550000, -1.750000, 3
5.700000, -1.750000, 3
5.850000, -1.750000, 3
6.000000, -1.750000, 8
6.150000, -1.750000, 2
6.300000, -1.750000, 5
6.450000, -1.750000, 6
6.600000, -1.750000, 11
6.750000, -1.750000, 9
6.900000, -1.750000, 4
7.050000, -1.750000, 4
7.200000, -1.750000, 2
7.350000, -1.750000, 1
7.500000, -1.750000, 4
7.650000, -1.750000, 6
7.800000, -1.750000, 6
7.950000, -1.750000, 3
8.100000, -1.750000, 1
8.250000, -1.750000, 1
8.400000, -1.750000, 8
8.550000, -1.750000, 10
8.700000, -1.750000, 4
8.850000, -1.750000, 5
9.000000, -1.750000, 5
9.150000, -1.750000, 5
9.300000, -1.750000, 5
9.450000, -1.750000, 5
9.600000, -1.750000, 5
9.750000, -1.750000, 5
9.900000, -1.750000, 5
10.050000, -1.750000, 5
10.200000, -1.750000, 5
10.350000, -1.750000, 5
10.500000, -1.750000, 5
10.650000, -1.750000, 5
10.800000, -1.750000, 5
10.950000, -1.750000, 5
11.100000, -1.750000, 5
11.250000, -1.750000, 5
11.400000, -1.750000, 5
11.550000, -1.750000, 5
11.700000, -1.750000, 5
11.850000, -1.750000, 5
12.000000, -1.750000, 5
12.150000, -1.750000, 5
12.300000, -1.750000, 5
12.450000, -1.750000, 5
12.600000, -1.750000, 5
12.750000, -1.750000, 5
12.900000, -1.750000, 5
13.050000, -1.750000, 5
13.200000, -1.750000, 5
13.350000, -1.750000, 5
13.500000, -1.750000, 5
13.650000, -1.750000, 5
13.800000, -1.750000, 5
13.950000, -1.750000, 5
14.100000, -1.750000, 5
14.250000, -1.750000, 5
14.400000, -1.750000, 5
14.550000, -1.750000, 5
14.700000, -1.750000, 5
14.850000, -1.750000, 5
-15.000000, -1.700000, 11
-14.850000, -1.700000, 11
-14.700000, -1.700000, 11
-14.550000, -1.700000, 11
-14.400000, -1.700000, 11
-14.250000, -1.700000, 11
-14.100000, -1.700000, 11
-13.950000, -1.700000, 11
-13.800000, -1.700000, 11
-13.650000, -1.700000, 11
-13.500000, -1.700000, 11
-13.350000, -1.700000, 11
-13.200000, -1.700000, 11
-13.050000, -1.700000, 11
-12.900000, -1.700000, 11
-12.750000, -1.700000, 11
-12.600000, -1.700000, 11
-12.450000, -1.700000, 11
-12.300000, -1.700000, 11
-12.150000, -1.700000, 11
-12.000000, -1.700000, 11
-11.850000, -1.700000, 11
-11.700000, -1.700000, 11
-11.550000, -1.700000, 11
-11.400000, -1.700000, 11
-11.250000, -1.700000, 11
-11.100000, -1.700000, 11
-10.950000, -1.700000, 11
-10.800000, -1.700000, 11
-10.650000, -1.700000, 11
-10.500000, -1.700000, 11
-10.350000, -1.700000, 11
-10.200000, -1.700000, 11
-10.050000, -1.700000, 11
-9.900000, -1.700000, 11
-9.750000, -1.700000, 11
-9.600000, -1.700000, 11
-9.450000, -1.700000, 11
-9.300000, -1.700000, 11
-9.150000, -1.700000, 11
-9.000000, -1.700000, 11
-8.850000, -1.700000, 11
-8.700000, -1.700000, 11
-8.550000, -1.700000, 11
-8.400000, -1.700000, 11
-8.250000, -1.700000, 11
-8.100000, -1.700000, 11
-7.950000, -1.700000, 11
-7.800000, -1.700000, 0
-7.650000, -1.700000, 0
-7.500000, -1.700000, 0
-7.350000, -1.700000, 1
-7.200000, -1.700000, 0
-7.050000, -1.700000, 0
-6.900000, -1.700000, 0
-6.750000, -1.700000, 0
-6.600000, -1.700000, 0
-6.450000, -1.700000, 0
-6.300000, -1.700000, 0
-6.150000, -1.700000, 0
-6.000000, -1.700000, 0
-5.850000, -1.700000, 0
-5.700000, -1.700000, 0
-5.550000, -1.700000, 0
-5.400000, -1.700000, 0
-5.250000, -1.700000, 0
-5.100000, -1.700000, 0
-4.950000, -1.700000, 0
-4.800000, -1.700000, 0
-4.650000, -1.700000, 0
-4.500000, -1.700000, 0
-4.350000, -1.700000, 0
-4.200000, -1.700000, 2
-4.050000, -1.700000, 2
-3.900000, -1.700000, 2
-3.750000, -1.700000, 2
-3.600000, -1.700000, 2
-3.450000, -1.700000, 2
-3.300000, -1.700000, 2
-3.150000, -1.700000, 2
-3.000000, -1.700000, 2
-2.850000, -1.700000, 2
-2.700000, -1.700000, 2
-2.550000, -1.700000, 5
-2.400000, -1.700000, 4
-2.250000, -1.700000, 0
-2.100000, -1.700000, 1
-1.950000, -1.700000, 3
-1.800000, -1.700000, 7
-1.650000, -1.700000, 7
-1.500000, -1.700000, 7
-1.350000, -1.700000, 7
-1.200000, -1.700000, 7
-1.050000, -1.700000, 7
-0.900000, -1.700000, 7
-0.750000, -1.700000, 7
-0.600000, -1.700000, 1
-0.450000, -1.700000, 3
-0.300000, -1.700000, 3
-0.150000, -1.700000, 8
-0.000000, -1.700000, 8
0.150000, -1.700000, 8
0.300000, -1.700000, 8
0.450000, -1.700000, 8
0.600000, -1.700000, 3
0.750000, -1.700000, 3
0.900000, -1.700000, 3
1.050000, -1.700000, 3
1.200000, -1.700000, 3
1.350000, -1.700000, 3
1.500000, -1.700000, 8
1.650000, -1.700000, 1
1.800000, -1.700000, 1
1.950000, -1.700000, 1
2.100000, -1.700000, 1
2.250000, -1.700000, 1
2.400000, -1.700000, 1
2.550000, -1.700000, 1
2.700000, -1.700000, 1
2.850000, -1.700000, 1
3.000000, -1.700000, 1
3.150000, -1.700000, 1
3.300000, -1.700000, 1
3.450000, -1.700000, 1
3.600000, -1.700000, 1
3.750000, -1.700000, 1
3.900000, -1.700000, 1
4.050000, -1.700000, 1
4.200000, -1.700000, 1
4.350000, -1.700000, 1
4.500000, -1.700000, 5
4.650000, -1.700000, 3
4.800000, -1.700000, 3
4.950000, -1.700000, 3
5.100000, -1.700000, 3
5.250000, -1.700000, 3
5.400000, -1.700000, 8
5.550000, -1.700000, 8
5.700000, -1.700000, 10
5.850000, -1.700000, 1
6.000000, -1.700000, 7
6.150000, -1.700000, 2
6.300000, -1.700000, 4
6.450000, -1.700000, 10
6.600000, -1.700000, 0
6.750000, -1.700000, 10
6.900000, -1.700000, 10
7.050000, -1.700000, 4
7.200000, -1.700000, 5
7.350000, -1.700000, 3
7.500000, -1.700000, 4
7.650000, -1.700000, 4
7.800000, -1.700000, 0
7.950000, -1.700000, 3
8.100000, -1.700000, 3
8.250000, -1.700000, 5
8.400000, -1.700000, 5
8.550000, -1.700000, 5
8.700000, -1.700000, 5
8.850000, -1.700000, 5
9.000000, -1.700000, 5
9.150000, -1.700000, 5
9.300000, -1.700000, 5
9.450000, -1.700000, 5
9.600000, -1.700000, 5
9.750000, -1.700000, 5
9.900000, -1.700000, 5
10.050000, -1.700000, 5
10.200000, -1.700000, 5
10.350000, -1.700000, 5
10.500000, -1.700000, 5
10.650000, -1.700000, 5
10.800000, -1.700000, 5
10.950000, -1.700000, 5
11.100000, -1.700000, 5
11.250000, -1.700000, 5
11.400000, -1.700000, 5
11.550000, -1.700000, 5
11.700000, -1.700000, 5
11.850000, -1.700000, 5
12.000000, -1.700000, 5
12.150000, -1.700000, 5
12.300000, -1.700000, 5
12.450000, -1.700000, 5
12.600000, -1.700000, 5
12.750000, -1.700000, 5
12.900000, -1.700000, 5
13.050000, -1.700000, 5
13.200000, -1.700000, 5
13.350000, -1.700000, 5
13.500000, -1.700000, 5
13.650000, -1.700000, 5
13.800000, -1.700000, 5
13.950000, -1.700000, 5
14.100000, -1.700000, 5
14.250000, -1.700000, 5
14.400000, -1.700000, 5
14.550000, -1.700000, 5
14.700000, -1.700000, 5
14.850000, -1.700000, 5
-15.000000, -1.650000, 11
-14.850000, -1.650000, 11
-14.700000, -1.650000, 11
-14.550000, -1.650000, 11
-14.400000, -1.650000, 11
-14.250000, -1.650000, 11
-14.100000, -1.650000, 11
-13.950000, -1.650000, 11
-13.800000, -1.650000, 11
-13.650000, -1.650000, 11
-13.500000, -1.650000, 11
-13.350000, -1.650000, 11
-13.200000, -1.650000, 11
-13.050000, -1.650000, 11
-12.900000, -1.650000, 11
-12.750000, -1.650000, 11
-12.600000, -1.650000, 11
-12.450000, -1.650000, 11
-12.300000, -1.650000, 11
-12.150000, -1.650000, 11
-12.000000, -1.650000, 11
-11.850000, -1.650000, 11
-11.700000, -1.650000, 11
-11.550000, -1.650000, 11
-11.400000, -1.650000, 11
-11.250000, -1.650000, 11
-11.100000, -1.650000, 11
-10.950000, -1.650000, 11
-10.800000, -1.650000, 11
-10.650000, -1.650000, 11
-10.500000, -1.650000, 11
-10.350000, -1.650000, 11
-10.200000, -1.650000, 11
-10.050000, -1.650000, 11
-9.900000, -1.650000, 11
-9.750000, -1.650000, 11
-9.600000, -1.650000, 11
-9.450000, -1.650000, 11
-9.300000, -1.650000, 11
-9.150000, -1.650000, 11
-9.000000, -1.650000, 11
-8.850000, -1.650000, 11
-8.700000, -1.650000, 11
-8.550000, -1.650000, 11
-8.400000, -1.650000, 11
-8.250000, -1.650000, 11
-8.100000, -1.650000, 11
-7.950000, -1.650000, 11
-7.800000, -1.650000, 0
-7.650000, -1.650000, 0
-7.500000, -1.650000, 0
-7.350000, -1.650000, 2
-7.200000, -1.650000, 0
-7.050000, -1.650000, 0
-6.900000, -1.650000, 0
-6.750000, -1.650000, 0
-6.600000, -1.650000, 0
-6.450000, -1.650000, 0
-6.300000, -1.650000, 0
-6.150000, -1.650000, 0
-6.000000, -1.650000, 0
-5.850000, -1.650000, 0
-5.700000, -1.650000, 0
-5.550000, -1.650000, 0
-5.400000, -1.650000, 0
-5.250000, -1.650000, 0
-5.100000, -1.650000, 0
-4.950000, -1.650000, 0
-4.800000, -1.650000, 0
-4.650000, -1.650000, 0
-4.500000, -1.650000, 0
-4.350000, -1.650000, 0
-4.200000, -1.650000, 2
-4.050000, -1.650000, 2
-3.900000, -1.650000, 2
-3.750000, -1.650000, 2
-3.600000, -1.650000, 2
-3.450000, -1.650000, 2
-3.300000, -1.650000, 2
-3.150000, -1.650000, 2
-3.000000, -1.650000, 2
-2.850000, -1.650000, 2
-2.700000, -1.650000, 2
-2.550000, -1.650000, 2
-2.400000, -1.650000, 6
-2.250000, -1.650000, 5
-2.100000, -1.650000, 8
-1.950000, -1.650000, 8
-1.800000, -1.650000, 7
-1.650000, -1.650000, 7
-1.500000, -1.650000, 7
-1.350000, -1.650000, 7
-1.200000, -1.650000, 7
-1.050000, -1.650000, 7
-0.900000, -1.650000, 7
-0.750000, -1.650000, 7
-0.600000, -1.650000, 3
-0.450000, -1.650000, 3
-0.300000, -1.650000, 3
-0.150000, -1.650000, 8
-0.000000, -1.650000, 8
0.150000, -1.650000, 8
0.300000, -1.650000, 8
0.450000, -1.650000, 8
0.600000, -1.650000, 3
0.750000, -1.650000, 3
0.900000, -1.650000, 3
1.050000, -1.650000, 3
1.200000, -1.650000, 3
1.350000, -1.650000, 3
1.500000, -1.650000, 1
1.650000, -1.650000, 1
1.800000, -1.650000, 1
1.950000, -1.650000, 1
2.100000, -1.650000, 1
2.250000, -1.650000, 1
2.400000, -1.650000, 1
2.550000, -1.650000, 1
2.700000, -1.650000, 1
2.850000, -1.650000, 1
3.000000, -1.650000, 1
3.150000, -1.650000, 1
3.300000, -1.650000, 1
3.450000, -1.650000, 1
3.600000, -1.650000, 1
3.750000, -1.650000, 1
3.900000, -1.650000, 1
4.050000, -1.650000, 1
4.200000, -1.650000, 1
4.350000, -1.650000, 5
4.500000, -1.650000, 10
4.650000, -1.650000, 3
4.800000, -1.650000, 3
4.950000, -1.650000, 3
5.100000, -1.650000, 3
5.250000, -1.650000, 3
5.400000, -1.650000, 8
5.550000, -1.650000, 7
5.700000, -1.650000, 4
5.850000, -1.650000, 5
6.000000, -1.650000, 7
6.150000, -1.650000, 2
6.300000, -1.650000, 4
6.450000, -1.650000, 10
6.600000, -1.650000, 0
6.750000, -1.650000, 6
6.900000, -1.650000, 4
7.050000, -1.650000, 4
7.200000, -1.650000, 1
7.350000, -1.650000, 3
7.500000, -1.650000, 6
7.650000, -1.650000, 4
7.800000, -1.650000, 8
7.950000, -1.650000, 7
8.100000, -1.650000, 5
8.250000, -1.650000, 5
8.400000, -1.650000, 5
8.550000, -1.650000, 5
8.700000, -1.650000, 5
8.850000, -1.650000, 5
9.000000, -1.650000, 5
9.150000, -1.650000, 5
9.300000, -1.650000, 5
9.450000, -1.650000, 5
9.600000, -1.650000, 5
9.750000, -1.650000, 5
9.900000, -1.650000, 5
10.050000, -1.650000, 5
10.200000, -1.650000, 5
10.350000, -1.650000, 5
10.500000, -1.650000, 5
10.650000, -1.650000, 5
10.800000, -1.650000, 5
10.950000, -1.650000, 5
11.100000, -1.650000, 5
11.250000, -1.650000, 5
11.400000, -1.650000, 5
11.550000, -1.650000, 5
11.700000, -1.650000, 5
11.850000, -1.650000, 5
12.000000, -1.650000, 5
12.150000, -1.650000, 5
12.300000, -1.650000, 5
12.450000, -1.650000, 5
12.600000, -1.650000, 5
12.750000, -1.650000, 5
12.900000, -1.650000, 5
13.050000, -1.650000, 5
13.200000, -1.650000, 5
13.350000, -1.650000, 5
13.500000, -1.650000, 5
13.650000, -1.650000, 5
13.800000, -1.650000, 5
13.950000, -1.650000, 5
14.100000, -1.650000, 5
14.250000, -1.650000, 5
14.400000, -1.650000, 5
14.550000, -1.650000, 5
14.700000, -1.650000, 5
14.850000, -1.650000, 5
-15.000000, -1.600000, 11
-14.850000, -1.600000, 11
-14.700000, -1.600000, 11
-14.550000, -1.600000, 11
-14.400000, -1.600000, 11
-14.250000, -1.600000, 11
-14.100000, -1.600000, 11
-13.950000, -1.600000, 11
-13.800000, -1.600000, 11
-13.650000, -1.600000, 11
-13.500000, -1.600000, 11
-13.350000, -1.600000, 11
-13.200000, -1.600000, 11
-13.050000, -1.600000, 11
-12.900000, -1.600000, 11
-12.750000, -1.600000, 11
-12.600000, -1.600000, 11
-12.450000, -1.600000, 11
-12.300000, -1.600000, 11
-12.150000, -1.600000, 11
-12.000000, -1.600000, 11
-11.850000, -1.600000, 11
-11.700000, -1.600000, 11
-11.550000, -1.600000, 11
-11.400000, -1.600000, 11
-11.250000, -1.600000, 11
-11.100000, -1.600000, 11
-10.950000, -1.600000, 11
-10.800000, -1.600000, 11
-10.650000, -1.600000, 11
-10.500000, -1.600000, 11
-10.350000, -1.600000, 11
-10.200000, -1.600000, 11
-10.050000, -1.600000, 11
-9.900000, -1.600000, 11
-9.750000, -1.600000, 11
-9.600000, -1.600000, 11
-9.450000, -1.600000, 11
-9.300000, -1.600000, 11
-9.150000, -1.600000, 11
-9.000000, -1.600000, 11
-8.850000, -1.600000, 11
-8.700000, -1.600000, 11
-8.550000, -1.600000, 11
-8.400000, -1.600000, 11
-8.250000, -1.600000, 11
-8.100000, -1.600000, 11
-7.950000, -1.600000, 11
-7.800000, -1.600000, 11
-7.650000, -1.600000, 11
-7.500000, -1.600000, 11
-7.350000, -1.600000, 0
-7.200000, -1.600000, 0
-7.050000, -1.600000, 0
-6.900000, -1.600000, 2
-6.750000, -1.600000, 0
-6.600000, -1.600000, 0
-6.450000, -1.600000, 0
-6.300000, -1.600000, 0
-6.150000, -1.600000, 0
-6.000000, -1.600000, 0
-5.850000, -1.600000, 0
-5.700000, -1.600000, 0
-5.550000, -1.600000, 0
-5.400000, -1.600000, 0
-5.250000, -1.600000, 0
-5.100000, -1.600000, 0
-4.950000, -1.600000, 0
-4.800000, -1.600000, 0
-4.650000, -1.600000, 0
-4.500000, -1.600000, 0
-4.350000, -1.600000, 0
-4.200000, -1.600000, 0
-4.050000, -1.600000, 2
-3.900000, -1.600000, 2
-3.750000, -1.600000, 2
-3.600000, -1.600000, 2
-3.450000, -1.600000, 2
-3.300000, -1.600000, 2
-3.150000, -1.600000, 2
-3.000000, -1.600000, 2
-2.850000, -1.600000, 2
-2.700000, -1.600000, 2
-2.550000, -1.600000, 2
-2.400000, -1.600000, 7
-2.250000, -1.600000, 6
-2.100000, -1.600000, 7
-1.950000, -1.600000, 4
-1.800000, -1.600000, 7
-1.650000, -1.600000, 7
-1.500000, -1.600000, 7
-1.350000, -1.600000, 7
-1.200000, -1.600000, 7
-1.050000, -1.600000, 7
-0.900000, -1.600000, 7
-0.750000, -1.600000, 7
-0.600000, -1.600000, 4
-0.450000, -1.600000, 3
-0.300000, -1.600000, 3
-0.150000, -1.600000, 8
-0.000000, -1.600000, 8
0.150000, -1.600000, 8
0.300000, -1.600000, 8
0.450000, -1.600000, 8
0.600000, -1.600000, 3
0.750000, -1.600000, 3
0.900000, -1.600000, 3
1.050000, -1.600000, 3
1.200000, -1.600000, 3
1.350000, -1.600000, 3
1.500000, -1.600000, 10
1.650000, -1.600000, 1
1.800000, -1.600000, 1
1.950000, -1.600000, 1
2.100000, -1.600000, 1
2.250000, -1.600000, 1
2.400000, -1.600000, 1
2.550000, -1.600000, 1
2.700000, -1.600000, 1
2.850000, -1.600000, 1
3.000000, -1.600000, 1
3.150000, -1.600000, 1
3.300000, -1.600000, 1
3.450000, -1.600000, 1
3.600000, -1.600000, 1
3.750000, -1.600000, 1
3.900000, -1.600000, 1
4.050000, -1.600000, 1
4.200000, -1.600000, 1
4.350000, -1.600000, 3
4.500000, -1.600000, 0
4.650000, -1.600000, 8
4.800000, -1.600000, 3
4.950000, -1.600000, 8
5.100000, -1.600000, 3
5.250000, -1.600000, 5
5.400000, -1.600000, 3
5.550000, -1.600000, 7
5.700000, -1.600000, 0
5.850000, -1.600000, 6
6.000000, -1.600000, 11
6.150000, -1.600000, 9
6.300000, -1.600000, 4
6.450000, -1.600000, 4
6.600000, -1.600000, 10
6.750000, -1.600000, 5
6.900000, -1.600000, 6
7.050000, -1.600000, 4
7.200000, -1.600000, 8
7.350000, -1.600000, 1
7.500000, -1.600000, 5
7.650000, -1.600000, 8
7.800000, -1.600000, 1
7.950000, -1.600000, 7
8.100000, -1.600000, 5
8.250000, -1.600000, 5
8.400000, -1.600000, 5
8.550000, -1.600000, 5
8.700000, -1.600000, 5
8.850000, -1.600000, 5
9.000000, -1.600000, 5
9.150000, -1.600000, 5
9.300000, -1.600000, 5
9.450000, -1.600000, 5
9.600000, -1.600000, 5
9.750000, -1.600000, 5
9.900000, -1.600000, 5
10.050000, -1.600000, 5
10.200000, -1.600000, 5
10.350000, -1.600000, 5
10.500000, -1.600000, 5
10.650000, -1.600000, 5
10.800000, -1.600000, 5
10.950000, -1.600000, 5
11.100000, -1.600000, 5
11.250000, -1.600000, 5
11.400000, -1.600000, 5
11.550000, -1.600000, 5
11.700000, -1.600000, 5
11.850000, -1.600000, 5
12.000000, -1.600000, 5
12.150000, -1.600000, 5
12.300000, -1.600000, 5
12.450000, -1.600000, 5
12.600000, -1.600000, 5
12.750000, -1.600000, 5
12.900000, -1.600000, 5
13.050000, -1.600000, 5
13.200000, -1.600000, 5
13.350000, -1.600000, 5
13.500000, -1.600000, 5
13.650000, -1.600000, 5
13.800000, -1.600000, 5
13.950000, -1.600000, 5
14.100000, -1.600000, 5
14.250000, -1.600000, 5
14.400000, -1.600000, 5
14.550000, -1.600000, 5
14.700000, -1.600000, 5
14.850000, -1.600000, 5
-15.000000, -1.550000, 11
-14.850000, -1.550000, 11
-14.700000, -1.550000, 11
-14.550000, -1.550000, 11
-14.400000, -1.550000, 11
-14.250000, -1.550000, 11
-14.100000, -1.550000, 11
-13.950000, -1.550000, 11
-13.800000, -1.550000, 11
-13.650000, -1.550000, 11
-13.500000, -1.550000, 11
-13.350000, -1.550000, 11
-13.200000, -1.550000, 11
-13.050000, -1.550000, 11
-12.900000, -1.550000, 11
-12.750000, -1.550000, 11
-12.600000, -1.550000, 11
-12.450000, -1.550000, 11
-12.300000, -1.550000, 11
-12.150000, -1.550000, 11
-12.000000, -1.550000, 11
-11.850000, -1.550000, 11
-11.700000, -1.550000, 11
-11.550000, -1.550000, 11
-11.400000, -1.550000, 11
-11.250000, -1.550000, 11
-11.100000, -1.550000, 11
-10.950000, -1.550000, 11
-10.800000, -1.550000, 11
-10.650000, -1.550000, 11
-10.500000, -1.550000, 11
-10.350000, -1.550000, 11
-10.200000, -1.550000, 11
-10.050000, -1.550000, 11
-9.900000, -1.550000, 11
-9.750000, -1.550000, 11
-9.600000, -1.550000, 11
-9.450000, -1.550000, 11
-9.300000, -1.550000, 11
-9.150000, -1.550000, 11
-9.000000, -1.550000, 11
-8.850000, -1.550000, 11
-8.700000, -1.550000, 11
-8.550000, -1.550000, 11
-8.400000, -1.550000, 11
-8.250000, -1.550000, 11
-8.100000, -1.550000, 11
-7.950000, -1.550000, 11
-7.800000, -1.550000, 11
-7.650000, -1.550000, 11
-7.500000, -1.550000, 11
-7.350000, -1.550000, 11
-7.200000, -1.550000, 0
-7.050000, -1.550000, 0
-6.900000, -1.550000, 4
-6.750000, -1.550000, 0
-6.600000, -1.550000, 0
-6.450000, -1.550000, 0
-6.300000, -1.550000, 0
-6.150000, -1.550000, 0
-6.000000, -1.550000, 0
-5.850000, -1.550000, 0
-5.700000, -1.550000, 0
-5.550000, -1.550000, 0
-5.400000, -1.550000, 0
-5.250000, -1.550000, 0
-5.100000, -1.550000, 0
-4.950000, -1.550000, 0
-4.800000, -1.550000, 0
-4.650000, -1.550000, 0
-4.500000, -1.550000, 0
-4.350000, -1.550000, 0
-4.200000, -1.550000, 0
-4.050000, -1.550000, 2
-3.900000, -1.550000, 1
-3.750000, -1.550000, 2
-3.600000, -1.550000, 2
-3.450000, -1.550000, 2
-3.300000, -1.550000, 2
-3.150000, -1.550000, 2
-3.000000, -1.550000, 2
-2.850000, -1.550000, 2
-2.700000, -1.550000, 2
-2.550000, -1.550000, 2
-2.400000, -1.550000, 3
-2.250000, -1.550000, 4
-2.100000, -1.550000, 3
-1.950000, -1.550000, 1
-1.800000, -1.550000, 3
-1.650000, -1.550000, 7
-1.500000, -1.550000, 7
-1.350000, -1.550000, 7
-1.200000, -1.550000, 7
-1.050000, -1.550000, 7
-0.900000, -1.550000, 7
-0.750000, -1.550000, 7
-0.600000, -1.550000, 5
-0.450000, -1.550000, 3
-0.300000, -1.550000, 3
-0.150000, -1.550000, 8
-0.000000, -1.550000, 8
0.150000, -1.550000, 8
0.300000, -1.550000, 8
0.450000, -1.550000, 8
0.600000, -1.550000, 3
0.750000, -1.550000, 3
0.900000, -1.550000, 3
1.050000, -1.550000, 3
1.200000, -1.550000, 3
1.350000, -1.550000, 3
1.500000, -1.550000, 1
1.650000, -1.550000, 1
1.800000, -1.550000, 1
1.950000, -1.550000, 1
2.100000, -1.550000, 1
2.250000, -1.550000, 1
2.400000, -1.550000, 1
2.550000, -1.550000, 1
2.700000, -1.550000, 1
2.850000, -1.550000, 1
3.000000, -1.550000, 1
3.150000, -1.550000, 1
3.300000, -1.550000, 1
3.450000, -1.550000, 1
3.600000, -1.550000, 1
3.750000, -1.550000, 1
3.900000, -1.550000, 1
4.050000, -1.550000, 3
4.200000, -1.550000, 3
4.350000, -1.550000, 3
4.500000, -1.550000, 3
4.650000, -1.550000, 8
4.800000, -1.550000, 3
4.950000, -1.550000, 8
5.100000, -1.550000, 4
5.250000, -1.550000, 3
5.400000, -1.550000, 1
5.550000, -1.550000, 2
5.700000, -1.550000, 1
5.850000, -1.550000, 4
6.000000, -1.550000, 0
6.150000, -1.550000, 10
6.300000, -1.550000, 4
6.450000, -1.550000, 10
6.600000, -1.550000, 1
6.750000, -1.550000, 3
6.900000, -1.550000, 6
7.050000, -1.550000, 4
7.200000, -1.550000, 2
7.350000, -1.550000, 4
7.500000, -1.550000, 5
7.650000, -1.550000, 5
7.800000, -1.550000, 5
7.950000, -1.550000, 5
8.100000, -1.550000, 5
8.250000, -1.550000, 5
8.400000, -1.550000, 5
8.550000, -1.550000, 5
8.700000, -1.550000, 5
8.850000, -1.550000, 5
9.000000, -1.550000, 5
9.150000, -1.550000, 5
9.300000, -1.550000, 5
9.450000, -1.550000, 5
9.600000, -1.550000, 5
9.750000, -1.550000, 5
9.900000, -1.550000, 5
10.050000, -1.550000, 5
10.200000, -1.550000, 5
10.350000, -1.550000, 5
10.500000, -1.550000, 5
10.650000, -1.550000, 5
10.800000, -1.550000, 5
10.950000, -1.550000, 5
11.100000, -1.550000, 5
11.250000, -1.550000, 5
11.400000, -1.550000, 5
11.550000, -1.550000, 5
11.700000, -1.550000, 5
11.850000, -1.550000, 5
12.000000, -1.550000, 5
12.150000, -1.550000, 5
12.300000, -1.550000, 5
12.450000, -1.550000, 5
12.600000, -1.550000, 5
12.750000, -1.550000, 5
12.900000, -1.550000, 5
13.050000, -1.550000, 5
13.200000, -1.550000, 5
13.350000, -1.550000, 5
13.500000, -1.550000, 5
13.650000, -1.550000, 5
13.800000, -1.550000, 5
13.950000, -1.550000, 5
14.100000, -1.550000, 5
14.250000, -1.550000, 5
14.400000, -1.550000, 5
14.550000, -1.550000, 5
14.700000, -1.550000, 5
14.850000, -1.550000, 5
-15.000000, -1.500000, 11
-14.850000, -1.500000, 11
-14.700000, -1.500000, 11
-14.550000, -1.500000, 11
-14.400000, -1.500000, 11
-14.250000, -1.500000, 11
-14.100000, -1.500000, 11
-13.950000, -1.500000, 11
-13.800000, -1.500000, 11
-13.650000, -1.500000, 11
-13.500000, -1.500000, 11
-13.350000, -1.500000, 11
-13.200000, -1.500000, 11
-13.050000, -1.500000, 11
-12.900000, -1.500000, 11
-12.750000, -1.500000, 11
-12.600000, -1.500000, 11
-12.450000, -1.500000, 11
-12.300000, -1.500000, 11
-12.150000, -1.500000, 11
-12.000000, -1.500000, 11
-11.850000, -1.500000, 11
-11.700000, -1.500000, 11
-11.550000, -1.500000, 11
-11.400000, -1.500000, 11
-11.250000, -1.500000, 11
-11.100000, -1.500000, 11
-10.950000, -1.500000, 11
-10.800000, -1.500000, 11
-10.650000, -1.500000, 11
-10.500000, -1.500000, 11
-10.350000, -1.500000, 11
-10.200000, -1.500000, 11
-10.050000, -1.500000, 11
-9.900000, -1.500000, 11
-9.750000, -1.500000, 11
-9.600000, -1.500000, 11
-9.450000, -1.500000, 11
-9.300000, -1.500000, 11
-9.150000, -1.500000, 11
-9.000000, -1.500000, 11
-8.850000, -1.500000, 11
-8.700000, -1.500000, 11
-8.550000, -1.500000, 11
-8.400000, -1.500000, 11
-8.250000, -1.500000, 11
-8.100000, -1.500000, 11
-7.950000, -1.500000, 11
-7.800000, -1.500000, 11
-7.650000, -1.500000, 11
-7.500000, -1.500000, 11
-7.350000, -1.500000, 11
-7.200000, -1.500000, 0
-7.050000, -1.500000, 0
-6.900000, -1.500000, 0
-6.750000, -1.500000, 0
-6.600000, -1.500000, 0
-6.450000, -1.500000, 0
-6.300000, -1.500000, 0
-6.150000, -1.500000, 0
-6.000000, -1.500000, 0
-5.850000, -1.500000, 0
-5.700000, -1.500000, 0
-5.550000, -1.500000, 0
-5.400000, -1.500000, 0
-5.250000, -1.500000, 0
-5.100000, -1.500000, 0
-4.950000, -1.500000, 0
-4.800000, -1.500000, 0
-4.650000, -1.500000, 0
-4.500000, -1.500000, 0
-4.350000, -1.500000, 0
-4.200000, -1.500000, 0
-4.050000, -1.500000, 0
-3.900000, -1.500000, 2
-3.750000, -1.500000, 2
-3.600000, -1.500000, 2
-3.450000, -1.500000, 2
-3.300000, -1.500000, 2
-3.150000, -1.500000, 2
-3.000000, -1.500000, 2
-2.850000, -1.500000, 2
-2.700000, -1.500000, 2
-2.550000, -1.500000, 2
-2.400000, -1.500000, 2
-2.250000, -1.500000, 4
-2.100000, -1.500000, 5
-1.950000, -1.500000, 3
-1.800000, -1.500000, 3
-1.650000, -1.500000, 7
-1.500000, -1.500000, 7
-1.350000, -1.500000, 7
-1.200000, -1.500000, 7
-1.050000, -1.500000, 7
-0.900000, -1.500000, 7
-0.750000, -1.500000, 7
-0.600000, -1.500000, 2
-0.450000, -1.500000, 3
-0.300000, -1.500000, 3
-0.150000, -1.500000, 8
-0.000000, -1.500000, 8
0.150000, -1.500000, 8
0.300000, -1.500000, 8
0.450000, -1.500000, 3
0.600000, -1.500000, 3
0.750000, -1.500000, 3
0.900000, -1.500000, 3
1.050000, -1.500000, 3
1.200000, -1.500000, 3
1.350000, -1.500000, 1
1.500000, -1.500000, 3
1.650000, -1.500000, 1
1.800000, -1.500000, 1
1.950000, -1.500000, 1
2.100000, -1.500000, 1
2.250000, -1.500000, 1
2.400000, -1.500000, 1
2.550000, -1.500000, 1
2.700000, -1.500000, 1
2.850000, -1.500000, 1
3.000000, -1.500000, 1
3.150000, -1.500000, 1
3.300000, -1.500000, 1
3.450000, -1.500000, 1
3.600000, -1.500000, 1
3.750000, -1.500000, 1
3.900000, -1.500000, 8
4.050000, -1.500000, 7
4.200000, -1.500000, 8
4.350000, -1.500000, 3
4.500000, -1.500000, 3
4.650000, -1.500000, 3
4.800000, -1.500000, 3
4.950000, -1.500000, 8
5.100000, -1.500000, 7
5.250000, -1.500000, 11
5.400000, -1.500000, 5
5.550000, -1.500000, 0
5.700000, -1.500000, 9
5.850000, -1.500000, 4
6.000000, -1.500000, 2
6.150000, -1.500000, 5
6.300000, -1.500000, 4
6.450000, -1.500000, 4
6.600000, -1.500000, 3
6.750000, -1.500000, 3
6.900000, -1.500000, 4
7.050000, -1.500000, 9
7.200000, -1.500000, 10
7.350000, -1.500000, 9
7.500000, -1.500000, 5
7.650000, -1.500000, 5
7.800000, -1.500000, 5
7.950000, -1.500000, 5
8.100000, -1.500000, 5
8.250000, -1.500000, 5
8.400000, -1.500000, 5
8.550000, -1.500000, 5
8.700000, -1.500000, 5
8.850000, -1.500000, 5
9.000000, -1.500000, 5
9.150000, -1.500000, 5
9.300000, -1.500000, 5
9.450000, -1.500000, 5
9.600000, -1.500000, 5
9.750000, -1.500000, 5
9.900000, -1.500000, 5
10.050000, -1.500000, 5
10.200000, -1.500000, 5
10.350000, -1.500000, 5
10.500000, -1.500000, 5
10.650000, -1.500000, 5
10.800000, -1.500000, 5
10.950000, -1.500000, 5
11.100000, -1.500000, 5
11.250000, -1.500000, 5
11.400000, -1.500000, 5
11.550000, -1.500000, 5
11.700000, -1.500000, 5
11.850000, -1.500000, 5
12.000000, -1.500000, 5
12.150000, -1.500000, 5
12.300000, -1.500000, 5
12.450000, -1.500000, 5
12.600000, -1.500000, 5
12.750000, -1.500000, 5
12.900000, -1.500000, 5
13.050000, -1.500000, 5
13.200000, -1.500000, 5
13.350000, -1.500000, 5
13.500000, -1.500000, 5
13.650000, -1.500000, 5
13.800000, -1.500000, 5
13.950000, -1.500000, 5
14.100000, -1.500000, 5
14.250000, -1.500000, 5
14.400000, -1.500000, 5
14.550000, -1.500000, 5
14.700000, -1.500000, 5
14.850000, -1.500000, 5
-15.000000, -1.450000, 11
-14.850000, -1.450000, 11
-14.700000, -1.450000, 11
-14.550000, -1.450000, 11
-14.400000, -1.450000, 11
-14.250000, -1.450000, 11
-14.100000, -1.450000, 11
-13.950000, -1.450000, 11
-13.800000, -1.450000, 11
-13.650000, -1.450000, 11
-13.500000, -1.450000, 11
-13.350000, -1.450000, 11
-13.200000, -1.450000, 11
-13.050000, -1.450000, 11
-12.900000, -1.450000, 11
-12.750000, -1.450000, 11
-12.600000, -1.450000, 11
-12.450000, -1.450000, 11
-12.300000, -1.450000, 11
-12.150000, -1.450000, 11
-12.000000, -1.450000, 11
-11.850000, -1.450000, 11
-11.700000, -1.450000, 11
-11.550000, -1.450000, 11
-11.400000, -1.450000, 11
-11.250000, -1.450000, 11
-11.100000, -1.450000, 11
-10.950000, -1.450000, 11
-10.800000, -1.450000, 11
-10.650000, -1.450000, 11
-10.500000, -1.450000, 11
-10.350000, -1.450000, 11
-10.200000, -1.450000, 11
-10.050000, -1.450000, 11
-9.900000, -1.450000, 11
-9.750000, -1.450000, 11
-9.600000, -1.450000, 11
-9.450000, -1.450000, 11
-9.300000, -1.450000, 11
-9.150000, -1.450000, 11
-9.000000, -1.450000, 11
-8.850000, -1.450000, 11
-8.700000, -1.450000, 11
-8.550000, -1.450000, 11
-8.400000, -1.450000, 11
-8.250000, -1.450000, 11
-8.100000, -1.450000, 11
-7.950000, -1.450000, 11
-7.800000, -1.450000, 11
-7.650000, -1.450000, 11
-7.500000, -1.450000, 11
-7.350000, -1.450000, 11
-7.200000, -1.450000, 11
-7.050000, -1.450000, 11
-6.900000, -1.450000, 11
-6.750000, -1.450000, 0
-6.600000, -1.450000, 0
-6.450000, -1.450000, 2
-6.300000, -1.450000, 0
-6.150000, -1.450000, 0
-6.000000, -1.450000, 0
-5.850000, -1.450000, 0
-5.700000, -1.450000, 0
-5.550000, -1.450000, 0
-5.400000, -1.450000, 0
-5.250000, -1.450000, 0
-5.100000, -1.450000, 0
-4.950000, -1.450000, 0
-4.800000, -1.450000, 0
-4.650000, -1.450000, 0
-4.500000, -1.450000, 0
-4.350000, -1.450000, 0
-4.200000, -1.450000, 0
-4.050000, -1.450000, 0
-3.900000, -1.450000, 2
-3.750000, -1.450000, 2
-3.600000, -1.450000, 2
-3.450000, -1.450000, 2
-3.300000, -1.450000, 2
-3.150000, -1.450000, 2
-3.000000, -1.450000, 2
-2.850000, -1.450000, 2
-2.700000, -1.450000, 2
-2.550000, -1.450000, 2
-2.400000, -1.450000, 2
-2.250000, -1.450000, 2
-2.100000, -1.450000, 2
-1.950000, -1.450000, 3
-1.800000, -1.450000, 1
-1.650000, -1.450000, 7
-1.500000, -1.450000, 7
-1.350000, -1.450000, 7
-1.200000, -1.450000, 7
-1.050000, -1.450000, 7
-0.900000, -1.450000, 7
-0.750000, -1.450000, 7
-0.600000, -1.450000, 3
-0.450000, -1.450000, 3
-0.300000, -1.450000, 3
-0.150000, -1.450000, 8
-0.000000, -1.450000, 8
0.150000, -1.450000, 8
0.300000, -1.450000, 8
0.450000, -1.450000, 3
0.600000, -1.450000, 3
0.750000, -1.450000, 3
0.900000, -1.450000, 3
1.050000, -1.450000, 3
1.200000, -1.450000, 3
1.350000, -1.450000, 2
1.500000, -1.450000, 1
1.650000, -1.450000, 1
1.800000, -1.450000, 1
1.950000, -1.450000, 1
2.100000, -1.450000, 1
2.250000, -1.450000, 1
2.400000, -1.450000, 1
2.550000, -1.450000, 1
2.700000, -1.450000, 1
2.850000, -1.450000, 1
3.000000, -1.450000, 1
3.150000, -1.450000, 1
3.300000, -1.450000, 1
3.450000, -1.450000, 1
3.600000, -1.450000, 1
3.750000, -1.450000, 8
3.900000, -1.450000, 3
4.050000, -1.450000, 3
4.200000, -1.450000, 8
4.350000, -1.450000, 3
4.500000, -1.450000, 8
4.650000, -1.450000, 3
4.800000, -1.450000, 8
4.950000, -1.450000, 3
5.100000, -1.450000, 5
5.250000, -1.450000, 1
5.400000, -1.450000, 6
5.550000, -1.450000, 11
5.700000, -1.450000, 4
5.850000, -1.450000, 4
6.000000, -1.450000, 2
6.150000, -1.450000, 3
6.300000, -1.450000, 5
6.450000, -1.450000, 10
6.600000, -1.450000, 3
6.750000, -1.450000, 1
6.900000, -1.450000, 5
7.050000, -1.450000, 4
7.200000, -1.450000, 4
7.350000, -1.450000, 5
7.500000, -1.450000, 5
7.650000, -1.450000, 5
7.800000, -1.450000, 5
7.950000, -1.450000, 5
8.100000, -1.450000, 5
8.250000, -1.450000, 5
8.400000, -1.450000, 5
8.550000, -1.450000, 5
8.700000, -1.450000, 5
8.850000, -1.450000, 5
9.000000, -1.450000, 5
9.150000, -1.450000, 5
9.300000, -1.450000, 5
9.450000, -1.450000, 5
9.600000, -1.450000, 5
9.750000, -1.450000, 5
9.900000, -1.450000, 5
10.050000, -1.450000, 5
10.200000, -1.450000, 5
10.350000, -1.450000, 5
10.500000, -1.450000, 5
10.650000, -1.450000, 5
10.800000, -1.450000, 5
10.950000, -1.450000, 5
11.100000, -1.450000, 5
11.250000, -1.450000, 5
11.400000, -1.450000, 5
11.550000, -1.450000, 5
11.700000, -1.450000, 5
11.850000, -1.450000, 5
12.000000, -1.450000, 5
12.150000, -1.450000, 5
12.300000, -1.450000, 5
12.450000, -1.450000, 5
12.600000, -1.450000, 5
12.750000, -1.450000, 5
12.900000, -1.450000, 5
13.050000, -1.450000, 5
13.200000, -1.450000, 5
13.350000, -1.450000, 5
13.500000, -1.450000, 5
13.650000, -1.450000, 5
13.800000, -1.450000, 5
13.950000, -1.450000, 5
14.100000, -1.450000, 5
14.250000, -1.450000, 5
14.400000, -1.450000, 5
14.550000, -1.450000, 5
14.700000, -1.450000, 5
14.850000, -1.450000, 5
-15.000000, -1.400000, 11
-14.850000, -1.400000, 11
-14.700000, -1.400000, 11
-14.550000, -1.400000, 11
-14.400000, -1.400000, 11
-14.250000, -1.400000, 11
-14.100000, -1.400000, 11
-13.950000, -1.400000, 11
-13.800000, -1.400000, 11
-13.650000, -1.400000, 11
-13.500000, -1.400000, 11
-13.350000, -1.400000, 11
-13.200000, -1.400000, 11
-13.050000, -1.400000, 11
-12.900000, -1.400000, 11
-12.750000, -1.400000, 11
-12.600000, -1.400000, 11
-12.450000, -1.400000, 11
-12.300000, -1.400000, 11
-12.150000, -1.400000, 11
-12.000000, -1.400000, 11
-11.850000, -1.400000, 11
-11.700000, -1.400000, 11
-11.550000, -1.400000, 11
-11.400000, -1.400000, 11
-11.250000, -1.400000, 11
-11.100000, -1.400000, 11
-10.950000, -1.400000, 11
-10.800000, -1.400000, 11
-10.650000, -1.400000, 11
-10.500000, -1.400000, 11
-10.350000, -1.400000, 11
-10.200000, -1.400000, 11
-10.050000, -1.400000, 11
-9.900000, -1.400000, 11
-9.750000, -1.400000, 11
-9.600000, -1.400000, 11
-9.450000, -1.400000, 11
-9.300000, -1.400000, 11
-9.150000, -1.400000, 11
-9.000000, -1.400000, 11
-8.850000, -1.400000, 11
-8.700000, -1.400000, 11
-8.550000, -1.400000, 11
-8.400000, -1.400000, 11
-8.250000, -1.400000, 11
-8.100000, -1.400000, 11
-7.950000, -1.400000, 11
-7.800000, -1.400000, 11
-7.650000, -1.400000, 11
-7.500000, -1.400000, 11
-7.350000, -1.400000, 11
-7.200000, -1.400000, 11
-7.050000, -1.400000, 11
-6.900000, -1.400000, 11
-6.750000, -1.400000, 0
-6.600000, -1.400000, 0
-6.450000, -1.400000, 0
-6.300000, -1.400000, 2
-6.150000, -1.400000, 0
-6.000000, -1.400000, 0
-5.850000, -1.400000, 0
-5.700000, -1.400000, 0
-5.550000, -1.400000, 0
-5.400000, -1.400000, 0
-5.250000, -1.400000, 0
-5.100000, -1.400000, 0
-4.950000, -1.400000, 0
-4.800000, -1.400000, 0
-4.650000, -1.400000, 0
-4.500000, -1.400000, 0
-4.350000, -1.400000, 0
-4.200000, -1.400000, 0
-4.050000, -1.400000, 0
-3.900000, -1.400000, 2
-3.750000, -1.400000, 2
-3.600000, -1.400000, 2
-3.450000, -1.400000, 2
-3.300000, -1.400000, 2
-3.150000, -1.400000, 2
-3.000000, -1.400000, 2
-2.850000, -1.400000, 2
-2.700000, -1.400000, 2
-2.550000, -1.400000, 2
-2.400000, -1.400000, 2
-2.250000, -1.400000, 2
-2.100000, -1.400000, 5
-1.950000, -1.400000, 1
-1.800000, -1.400000, 3
-1.650000, -1.400000, 6
-1.500000, -1.400000, 7
-1.350000, -1.400000, 7
-1.200000, -1.400000, 7
-1.050000, -1.400000, 7
-0.900000, -1.400000, 7
-0.750000, -1.400000, 7
-0.600000, -1.400000, 2
-0.450000, -1.400000, 3
-0.300000, -1.400000, 3
-0.150000, -1.400000, 8
-0.000000, -1.400000, 8
0.150000, -1.400000, 8
0.300000, -1.400000, 8
0.450000, -1.400000, 3
0.600000, -1.400000, 3
0.750000, -1.400000, 3
0.900000, -1.400000, 3
1.050000, -1.400000, 3
1.200000, -1.400000, 3
1.350000, -1.400000, 3
1.500000, -1.400000, 1
1.650000, -1.400000, 1
1.800000, -1.400000, 1
1.950000, -1.400000, 1
2.100000, -1.400000, 1
2.250000, -1.400000, 1
2.400000, -1.400000, 1
2.550000, -1.400000, 1
2.700000, -1.400000, 1
2.850000, -1.400000, 1
3.000000, -1.400000, 1
3.150000, -1.400000, 1
3.300000, -1.400000, 1
3.450000, -1.400000, 1
3.600000, -1.400000, 8
3.750000, -1.400000, 6
3.900000, -1.400000, 3
4.050000, -1.400000, 3
4.200000, -1.400000, 3
4.350000, -1.400000, 3
4.500000, -1.400000, 9
4.650000, -1.400000, 7
4.800000, -1.400000, 9
4.950000, -1.400000, 1
5.100000, -1.400000, 0
5.250000, -1.400000, 4
5.400000, -1.400000, 10
5.550000, -1.400000, 0
5.700000, -1.400000, 4
5.850000, -1.400000, 6
6.000000, -1.400000, 5
6.150000, -1.400000, 3
6.300000, -1.400000, 6
6.450000, -1.400000, 4
6.600000, -1.400000, 1
6.750000, -1.400000, 7
6.900000, -1.400000, 5
7.050000, -1.400000, 5
7.200000, -1.400000, 5
7.350000, -1.400000, 5
7.500000, -1.400000, 5
7.650000, -1.400000, 5
7.800000, -1.400000, 5
7.950000, -1.400000, 5
8.100000, -1.400000, 5
8.250000, -1.400000, 5
8.400000, -1.400000, 5
8.550000, -1.400000, 5
8.700000, -1.400000, 5
8.850000, -1.400000, 5
9.000000, -1.400000, 5
9.150000, -1.400000, 5
9.300000, -1.400000, 5
9.450000, -1.400000, 5
9.600000, -1.400000, 5
9.750000, -1.400000, 5
9.900000, -1.400000, 5
10.050000, -1.400000, 5
10.200000, -1.400000, 5
10.350000, -1.400000, 5
10.500000, -1.400000, 5
10.650000, -1.400000, 5
10.800000, -1.400000, 5
10.950000, -1.400000, 5
11.100000, -1.400000, 5
11.250000, -1.400000, 5
11.400000, -1.400000, 5
11.550000, -1.400000, 5
11.700000, -1.400000, 5
11.850000, -1.400000, 5
12.000000, -1.400000, 5
12.150000, -1.400000, 5
12.300000, -1.400000, 5
12.450000, -1.400000, 5
12.600000, -1.400000, 5
12.750000, -1.400000, 5
12.900000, -1.400000, 5
13.050000, -1.400000, 5
13.200000, -1.400000, 5
13.350000, -1.400000, 5
13.500000, -1.400000, 5
13.650000, -1.400000, 5
13.800000, -1.400000, 5
13.950000, -1.400000, 5
14.100000, -1.400000, 5
14.250000, -1.400000, 5
14.400000, -1.400000, 5
14.550000, -1.400000, 5
14.700000, -1.400000, 5
14.850000, -1.400000, 5
-15.000000, -1.350000, 11
-14.850000, -1.350000, 11
-14.700000, -1.350000, 11
-14.550000, -1.350000, 11
-14.400000, -1.350000, 11
-14.250000, -1.350000, 11
-14.100000, -1.350000, 11
-13.950000, -1.350000, 11
-13.800000, -1.350000, 11
-13.650000, -1.350000, 11
-13.500000, -1.350000, 11
-13.350000, -1.350000, 11
-13.200000, -1.350000, 11
-13.050000, -1.350000, 11
-12.900000, -1.350000, 11
-12.750000, -1.350000, 11
-12.600000, -1.350000, 11
-12.450000, -1.350000, 11
-12.300000, -1.350000, 11
-12.150000, -1.350000, 11
-12.000000, -1.350000, 11
-11.850000, -1.350000, 11
-11.700000, -1.350000, 11
-11.550000, -1.350000, 11
-11.400000, -1.350000, 11
-11.250000, -1.350000, 11
-11.100000, -1.350000, 11
-10.950000, -1.350000, 11
-10.800000, -1.350000, 11
-10.650000, -1.350000, 11
-10.500000, -1.350000, 11
-10.350000, -1.350000, 11
-10.200000, -1.350000, 11
-10.050000, -1.350000, 11
-9.900000, -1.350000, 11
-9.750000, -1.350000, 11
-9.600000, -1.350000, 11
-9.450000, -1.350000, 11
-9.300000, -1.350000, 11
-9.150000, -1.350000, 11
-9.000000, -1.350000, 11
-8.850000, -1.350000, 11
-8.700000, -1.350000, 11
-8.550000, -1.350000, 11
-8.400000, -1.350000, 11
-8.250000, -1.350000, 11
-8.100000, -1.350000, 11
-7.950000, -1.350000, 11
-7.800000, -1.350000, 11
-7.650000, -1.350000, 11
-7.500000, -1.350000, 11
-7.350000, -1.350000, 11
-7.200000, -1.350000, 11
-7.050000, -1.350000, 11
-6.900000, -1.350000, 11
-6.750000, -1.350000, 11
-6.600000, -1.350000, 0
-6.450000, -1.350000, 0
-6.300000, -1.350000, 2
-6.150000, -1.350000, 0
-6.000000, -1.350000, 0
-5.850000, -1.350000, 0
-5.700000, -1.350000, 0
-5.550000, -1.350000, 0
-5.400000, -1.350000, 0
-5.250000, -1.350000, 0
-5.100000, -1.350000, 0
-4.950000, -1.350000, 0
-4.800000, -1.350000, 0
-4.650000, -1.350000, 0
-4.500000, -1.350000, 0
-4.350000, -1.350000, 0
-4.200000, -1.350000, 0
-4.050000, -1.350000, 0
-3.900000, -1.350000, 0
-3.750000, -1.350000, 2
-3.600000, -1.350000, 2
-3.450000, -1.350000, 2
-3.300000, -1.350000, 2
-3.150000, -1.350000, 2
-3.000000, -1.350000, 2
-2.850000, -1.350000, 2
-2.700000, -1.350000, 2
-2.550000, -1.350000, 2
-2.400000, -1.350000, 2
-2.250000, -1.350000, 2
-2.100000, -1.350000, 6
-1.950000, -1.350000, 1
-1.800000, -1.350000, 3
-1.650000, -1.350000, 3
-1.500000, -1.350000, 7
-1.350000, -1.350000, 7
-1.200000, -1.350000, 7
-1.050000, -1.350000, 7
-0.900000, -1.350000, 7
-0.750000, -1.350000, 7
-0.600000, -1.350000, 6
-0.450000, -1.350000, 3
-0.300000, -1.350000, 3
-0.150000, -1.350000, 8
-0.000000, -1.350000, 8
0.150000, -1.350000, 8
0.300000, -1.350000, 8
0.450000, -1.350000, 3
0.600000, -1.350000, 3
0.750000, -1.350000, 3
0.900000, -1.350000, 3
1.050000, -1.350000, 3
1.200000, -1.350000, 3
1.350000, -1.350000, 1
1.500000, -1.350000, 1
1.650000, -1.350000, 1
1.800000, -1.350000, 1
1.950000, -1.350000, 1
2.100000, -1.350000, 1
2.250000, -1.350000, 1
2.400000, -1.350000, 1
2.550000, -1.350000, 1
2.700000, -1.350000, 1
2.850000, -1.350000, 1
3.000000, -1.350000, 1
3.150000, -1.350000, 1
3.300000, -1.350000, 1
3.450000, -1.350000, 1
3.600000, -1.350000, 3
3.750000, -1.350000, 5
3.900000, -1.350000, 3
4.050000, -1.350000, 3
4.200000, -1.350000, 8
4.350000, -1.350000, 3
4.500000, -1.350000, 3
4.650000, -1.350000, 7
4.800000, -1.350000, 5
4.950000, -1.350000, 6
5.100000, -1.350000, 0
5.250000, -1.350000, 4
5.400000, -1.350000, 4
5.550000, -1.350000, 7
5.700000, -1.350000, 4
5.850000, -1.350000, 6
6.000000, -1.350000, 1
6.150000, -1.350000, 1
6.300000, -1.350000, 6
6.450000, -1.350000, 11
6.600000, -1.350000, 6
6.750000, -1.350000, 5
6.900000, -1.350000, 5
7.050000, -1.350000, 5
7.200000, -1.350000, 5
7.350000, -1.350000, 5
7.500000, -1.350000, 5
7.650000, -1.350000, 5
7.800000, -1.350000, 5
7.950000, -1.350000, 5
8.100000, -1.350000, 5
8.250000, -1.350000, 5
8.400000, -1.350000, 5
8.550000, -1.350000, 5
8.700000, -1.350000, 5
8.850000, -1.350000, 5
9.000000, -1.350000, 5
9.150000, -1.350000, 5
9.300000, -1.350000, 5
9.450000, -1.350000, 5
9.600000, -1.350000, 5
9.750000, -1.350000, 5
9.900000, -1.350000, 5
10.050000, -1.350000, 5
10.200000, -1.350000, 5
10.350000, -1.350000, 5
10.500000, -1.350000, 5
10.650000, -1.350000, 5
10.800000, -1.350000, 5
10.950000, -1.350000, 5
11.100000, -1.350000, 5
11.250000, -1.350000, 5
11.400000, -1.350000, 5
11.550000, -1.350000, 5
11.700000, -1.350000, 5
11.850000, -1.350000, 5
12.000000, -1.350000, 5
12.150000, -1.350000, 5
12.300000, -1.350000, 5
12.450000, -1.350000, 5
12.600000, -1.350000, 5
12.750000, -1.350000, 5
12.900000, -1.350000, 5
13.050000, -1.350000, 5
13.200000, -1.350000, 5
13.350000, -1.350000, 5
13.500000, -1.350000, 5
13.650000, -1.350000, 5
13.800000, -1.350000, 5
13.950000, -1.350000, 5
14.100000, -1.350000, 5
14.250000, -1.350000, 5
14.400000, -1.350000, 5
14.550000, -1.350000, 5
14.700000, -1.350000, 5
14.850000, -1.350000, 5
-15.000000, -1.300000, 11
-14.850000, -1.300000, 11
-14.700000, -1.300000, 11
-14.550000, -1.300000, 11
-14.400000, -1.300000, 11
-14.250000, -1.300000, 11
-14.100000, -1.300000, 11
-13.950000, -1.300000, 11
-13.800000, -1.300000, 11
-13.650000, -1.300000, 11
-13.500000, -1.300000, 11
-13.350000, -1.300000, 11
-13.200000, -1.300000, 11
-13.050000, -1.300000, 11
-12.900000, -1.300000, 11
-12.750000, -1.300000, 11
-12.600000, -1.300000, 11
-12.450000, -1.300000, 11
-12.300000, -1.300000, 11
-12.150000, -1.300000, 11
-12.000000, -1.300000, 11
-11.850000, -1.300000, 11
-11.700000, -1.300000, 11
-11.550000, -1.300000, 11
-11.400000, -1.300000, 11
-11.250000, -1.300000, 11
-11.100000, -1.300000, 11
-10.950000, -1.300000, 11
-10.800000, -1.300000, 11
-10.650000, -1.300000, 11
-10.500000, -1.300000, 11
-10.350000, -1.300000, 11
-10.200000, -1.300000, 11
-10.050000, -1.300000, 11
-9.900000, -1.300000, 11
-9.750000, -1.300000, 11
-9.600000, -1.300000, 11
-9.450000, -1.300000, 11
-9.300000, -1.300000, 11
-9.150000, -1.300000, 11
-9.000000, -1.300000, 11
-8.850000, -1.300000, 11
-8.700000, -1.300000, 11
-8.550000, -1.300000, 11
-8.400000, -1.300000, 11
-8.250000, -1.300000, 11
-8.100000, -1.300000, 11
-7.950000, -1.300000, 11
-7.800000, -1.300000, 11
-7.650000, -1.300000, 11
-7.500000, -1.300000, 11
-7.350000, -1.300000, 11
-7.200000, -1.300000, 11
-7.050000, -1.300000, 11
-6.900000, -1.300000, 11
-6.750000, -1.300000, 11
-6.600000, -1.300000, 11
-6.450000, -1.300000, 11
-6.300000, -1.300000, 0
-6.150000, -1.300000, 0
-6.000000, -1.300000, 2
-5.850000, -1.300000, 0
-5.700000, -1.300000, 0
-5.550000, -1.300000, 0
-5.400000, -1.300000, 0
-5.250000, -1.300000, 0
-5.100000, -1.300000, 0
-4.950000, -1.300000, 0
-4.800000, -1.300000, 0
-4.650000, -1.300000, 0
-4.500000, -1.300000, 0
-4.350000, -1.300000, 0
-4.200000, -1.300000, 0
-4.050000, -1.300000, 0
-3.900000, -1.300000, 0
-3.750000, -1.300000, 0
-3.600000, -1.300000, 2
-3.450000, -1.300000, 2
-3.300000, -1.300000, 2
-3.150000, -1.300000, 2
-3.000000, -1.300000, 2
-2.850000, -1.300000, 2
-2.700000, -1.300000, 2
-2.550000, -1.300000, 2
-2.400000, -1.300000, 2
-2.250000, -1.300000, 2
-2.100000, -1.300000, 4
-1.950000, -1.300000, 5
-1.800000, -1.300000, 8
-1.650000, -1.300000, 5
-1.500000, -1.300000, 7
-1.350000, -1.300000, 7
-1.200000, -1.300000, 7
-1.050000, -1.300000, 7
-0.900000, -1.300000, 7
-0.750000, -1.300000, 7
-0.600000, -1.300000, 3
-0.450000, -1.300000, 3
-0.300000, -1.300000, 3
-0.150000, -1.300000, 8
-0.000000, -1.300000, 8
0.150000, -1.300000, 8
0.300000, -1.300000, 8
0.450000, -1.300000, 3
0.600000, -1.300000, 3
0.750000, -1.300000, 3
0.900000, -1.300000, 3
1.050000, -1.300000, 3
1.200000, -1.300000, 3
1.350000, -1.300000, 1
1.500000, -1.300000, 1
1.650000, -1.300000, 1
1.800000, -1.300000, 1
1.950000, -1.300000, 1
2.100000, -1.300000, 1
2.250000, -1.300000, 1
2.400000, -1.300000, 1
2.550000, -1.300000, 1
2.700000, -1.300000, 1
2.850000, -1.300000, 1
3.000000, -1.300000, 1
3.150000, -1.300000, 1
3.300000, -1.300000, 1
3.450000, -1.300000, 5
3.600000, -1.300000, 3
3.750000, -1.300000, 3
3.900000, -1.300000, 3
4.050000, -1.300000, 3
4.200000, -1.300000, 3
4.350000, -1.300000, 8
4.500000, -1.300000, 1
4.650000, -1.300000, 2
4.800000, -1.300000, 5
4.950000, -1.300000, 10
5.100000, -1.300000, 11
5.250000, -1.300000, 4
5.400000, -1.300000, 10
5.550000, -1.300000, 3
5.700000, -1.300000, 9
5.850000, -1.300000, 6
6.000000, -1.300000, 0
6.150000, -1.300000, 3
6.300000, -1.300000, 5
6.450000, -1.300000, 5
6.600000, -1.300000, 5
6.750000, -1.300000, 5
6.900000, -1.300000, 5
7.050000, -1.300000, 5
7.200000, -1.300000, 5
7.350000, -1.300000, 5
7.500000, -1.300000, 5
7.650000, -1.300000, 5
7.800000, -1.300000, 5
7.950000, -1.300000, 5
8.100000, -1.300000, 5
8.250000, -1.300000, 5
8.400000, -1.300000, 5
8.550000, -1.300000, 5
8.700000, -1.300000, 5
8.850000, -1.300000, 5
9.000000, -1.300000, 5
9.150000, -1.300000, 5
9.300000, -1.300000, 5
9.450000, -1.300000, 5
9.600000, -1.300000, 5
9.750000, -1.300000, 5
9.900000, -1.300000, 5
10.050000, -1.300000, 5
10.200000, -1.300000, 5
10.350000, -1.300000, 5
10.500000, -1.300000, 5
10.650000, -1.300000, 5
10.800000, -1.300000, 5
10.950000, -1.300000, 5
11.100000, -1.300000, 5
11.250000, -1.300000, 5
11.400000, -1.300000, 5
11.550000, -1.300000, 5
11.700000, -1.300000, 5
11.850000, -1.300000, 5
12.000000, -1.300000, 5
12.150000, -1.300000, 5
12.300000, -1.300000, 5
12.450000, -1.300000, 5
12.600000, -1.300000, 5
12.750000, -1.300000, 5
12.900000, -1.300000, 5
13.050000, -1.300000, 5
13.200000, -1.300000, 5
13.350000, -1.300000, 5
13.500000, -1.300000, 5
13.650000, -1.300000, 5
13.800000, -1.300000, 5
13.950000, -1.300000, 5
14.100000, -1.300000, 5
14.250000, -1.300000, 5
14.400000, -1.300000, 5
14.550000, -1.300000, 5
14.700000, -1.300000, 5
14.850000, -1.300000, 5
-15.000000, -1.250000, 11
-14.850000, -1.250000, 11
-14.700000, -1.250000, 11
-14.550000, -1.250000, 11
-14.400000, -1.250000, 11
-14.250000, -1.250000, 11
-14.100000, -1.250000, 11
-13.950000, -1.250000, 11
-13.800000, -1.250000, 11
-13.650000, -1.250000, 11
-13.500000, -1.250000, 11
-13.350000, -1.250000, 11
-13.200000, -1.250000, 11
-13.050000, -1.250000, 11
-12.900000, -1.250000, 11
-12.750000, -1.250000, 11
-12.600000, -1.250000, 11
-12.450000, -1.250000, 11
-12.300000, -1.250000, 11
-12.150000, -1.250000, 11
-12.000000, -1.250000, 11
-11.850000, -1.250000, 11
-11.700000, -1.250000, 11
-11.550000, -1.250000, 11
-11.400000, -1.250000, 11
-11.250000, -1.250000, 11
-11.100000, -1.250000, 11
-10.950000, -1.250000, 11
-10.800000, -1.250000, 11
-10.650000, -1.250000, 11
-10.500000, -1.250000, 11
-10.350000, -1.250000, 11
-10.200000, -1.250000, 11
-10.050000, -1.250000, 11
-9.900000, -1.250000, 11
-9.750000, -1.250000, 11
-9.600000, -1.250000, 11
-9.450000, -1.250000, 11
-9.300000, -1.250000, 11
-9.150000, -1.250000, 11
-9.000000, -1.250000, 11
-8.850000, -1.250000, 11
-8.700000, -1.250000, 11
-8.550000, -1.250000, 11
-8.400000, -1.250000, 11
-8.250000, -1.250000, 11
-8.100000, -1.250000, 11
-7.950000, -1.250000, 11
-7.800000, -1.250000, 11
-7.650000, -1.250000, 11
-7.500000, -1.250000, 11
-7.350000, -1.250000, 11
-7.200000, -1.250000, 11
-7.050000, -1.250000, 11
-6.900000, -1.250000, 11
-6.750000, -1.250000, 11
-6.600000, -1.250000, 11
-6.450000, -1.250000, 11
-6.300000, -1.250000, 11
-6.150000, -1.250000, 2
-6.000000, -1.250000, 0
-5.850000, -1.250000, 2
-5.700000, -1.250000, 0
-5.550000, -1.250000, 0
-5.400000, -1.250000, 0
-5.250000, -1.250000, 0
-5.100000, -1.250000, 0
-4.950000, -1.250000, 0
-4.800000, -1.250000, 0
-4.650000, -1.250000, 0
-4.500000, -1.250000, 0
-4.350000, -1.250000, 0
-4.200000, -1.250000, 0
-4.050000, -1.250000, 0
-3.900000, -1.250000, 0
-3.750000, -1.250000, 0
-3.600000, -1.250000, 2
-3.450000, -1.250000, 2
-3.300000, -1.250000, 2
-3.150000, -1.250000, 2
-3.000000, -1.250000, 2
-2.850000, -1.250000, 2
-2.700000, -1.250000, 2
-2.550000, -1.250000, 2
-2.400000, -1.250000, 2
-2.250000, -1.250000, 2
-2.100000, -1.250000, 2
-1.950000, -1.250000, 3
-1.800000, -1.250000, 1
-1.650000, -1.250000, 8
-1.500000, -1.250000, 7
-1.350000, -1.250000, 7
-1.200000, -1.250000, 7
-1.050000, -1.250000, 7
-0.900000, -1.250000, 7
-0.750000, -1.250000, 7
-0.600000, -1.250000, 7
-0.450000, -1.250000, 1
-0.300000, -1.250000, 3
-0.150000, -1.250000, 8
-0.000000, -1.250000, 8
0.150000, -1.250000, 8
0.300000, -1.250000, 8
0.450000, -1.250000, 3
0.600000, -1.250000, 3
0.750000, -1.250000, 3
0.900000, -1.250000, 3
1.050000, -1.250000, 3
1.200000, -1.250000, 3
1.350000, -1.250000, 1
1.500000, -1.250000, 1
1.650000, -1.250000, 1
1.800000, -1.250000, 1
1.950000, -1.250000, 1
2.100000, -1.250000, 1
2.250000, -1.250000, 1
2.400000, -1.250000, 1
2.550000, -1.250000, 1
2.700000, -1.250000, 1
2.850000, -1.250000, 1
3.000000, -1.250000, 1
3.150000, -1.250000, 1
3.300000, -1.250000, 3
3.450000, -1.250000, 2
3.600000, -1.250000, 3
3.750000, -1.250000, 3
3.900000, -1.250000, 3
4.050000, -1.250000, 3
4.200000, -1.250000, 3
4.350000, -1.250000, 2
4.500000, -1.250000, 5
4.650000, -1.250000, 0
4.800000, -1.250000, 4
4.950000, -1.250000, 4
5.100000, -1.250000, 8
5.250000, -1.250000, 4
5.400000, -1.250000, 4
5.550000, -1.250000, 3
5.700000, -1.250000, 5
5.850000, -1.250000, 10
6.000000, -1.250000, 2
6.150000, -1.250000, 1
6.300000, -1.250000, 5
6.450000, -1.250000, 5
6.600000, -1.250000, 5
6.750000, -1.250000, 5
6.900000, -1.250000, 5
7.050000, -1.250000, 5
7.200000, -1.250000, 5
7.350000, -1.250000, 5
7.500000, -1.250000, 5
7.650000, -1.250000, 5
7.800000, -1.250000, 5
7.950000, -1.250000, 5
8.100000, -1.250000, 5
8.250000, -1.250000, 5
8.400000, -1.250000, 5
8.550000, -1.250000, 5
8.700000, -1.250000, 5
8.850000, -1.250000, 5
9.000000, -1.250000, 5
9.150000, -1.250000, 5
9.300000, -1.250000, 5
9.450000, -1.250000, 5
9.600000, -1.250000, 5
9.750000, -1.250000, 5
9.900000, -1.250000, 5
10.050000, -1.250000, 5
10.200000, -1.250000, 5
10.350000, -1.250000, 5
10.500000, -1.250000, 5
10.650000, -1.250000, 5
10.800000, -1.250000, 5
10.950000, -1.250000, 5
11.100000, -1.250000, 5
11.250000, -1.250000, 5
11.400000, -1.250000, 5
11.550000, -1.250000, 5
11.700000, -1.250000, 5
11.850000, -1.250000, 5
12.000000, -1.250000, 5
12.150000, -1.250000, 5
12.300000, -1.250000, 5
12.450000, -1.250000, 5
12.600000, -1.250000, 5
12.750000, -1.250000, 5
12.900000, -1.250000, 5
13.050000, -1.250000, 5
13.200000, -1.250000, 5
13.350000, -1.250000, 5
13.500000, -1.250000, 5
13.650000, -1.250000, 5
13.800000, -1.250000, 5
13.950000, -1.250000, 5
14.100000, -1.250000, 5
14.250000, -1.250000, 5
14.400000, -1.250000, 5
14.550000, -1.250000, 5
14.700000, -1.250000, 5
14.850000, -1.250000, 5
-15.000000, -1.200000, 11
-14.850000, -1.200000, 11
-14.700000, -1.200000, 11
-14.550000, -1.200000, 11
-14.400000, -1.200000, 11
-14.250000, -1.200000, 11
-14.100000, -1.200000, 11
-13.950000, -1.200000, 11
-13.800000, -1.200000, 11
-13.650000, -1.200000, 11
-13.500000, -1.200000, 11
-13.350000, -1.200000, 11
-13.200000, -1.200000, 11
-13.050000, -1.200000, 11
-12.900000, -1.200000, 11
-12.750000, -1.200000, 11
-12.600000, -1.200000, 11
-12.450000, -1.200000, 11
-12.300000, -1.200000, 11
-12.150000, -1.200000, 11
-12.000000, -1.200000, 11
-11.850000, -1.200000, 11
-11.700000, -1.200000, 11
-11.550000, -1.200000, 11
-11.400000, -1.200000, 11
-11.250000, -1.200000, 11
-11.100000, -1.200000, 11
-10.950000, -1.200000, 11
-10.800000, -1.200000, 11
-10.650000, -1.200000, 11
-10.500000, -1.200000, 11
-10.350000, -1.200000, 11
-10.200000, -1.200000, 11
-10.050000, -1.200000, 11
-9.900000, -1.200000, 11
-9.750000, -1.200000, 11
-9.600000, -1.200000, 11
-9.450000, -1.200000, 11
-9.300000, -1.200000, 11
-9.150000, -1.200000, 11
-9.000000, -1.200000, 11
-8.850000, -1.200000, 11
-8.700000, -1.200000, 11
-8.550000, -1.200000, 11
-8.400000, -1.200000, 11
-8.250000, -1.200000, 11
-8.100000, -1.200000, 11
-7.950000, -1.200000, 11
-7.800000, -1.200000, 11
-7.650000, -1.200000, 11
-7.500000, -1.200000, 11
-7.350000, -1.200000, 11
-7.200000, -1.200000, 11
-7.050000, -1.200000, 11
-6.900000, -1.200000, 11
-6.750000, -1.200000, 11
-6.600000, -1.200000, 11
-6.450000, -1.200000, 11
-6.300000, -1.200000, 11
-6.150000, -1.200000, 11
-6.000000, -1.200000, 11
-5.850000, -1.200000, 0
-5.700000, -1.200000, 0
-5.550000, -1.200000, 2
-5.400000, -1.200000, 0
-5.250000, -1.200000, 0
-5.100000, -1.200000, 0
-4.950000, -1.200000, 0
-4.800000, -1.200000, 0
-4.650000, -1.200000, 0
-4.500000, -1.200000, 0
-4.350000, -1.200000, 0
-4.200000, -1.200000, 0
-4.050000, -1.200000, 0
-3.900000, -1.200000, 0
-3.750000, -1.200000, 0
-3.600000, -1.200000, 2
-3.450000, -1.200000, 2
-3.300000, -1.200000, 2
-3.150000, -1.200000, 2
-3.000000, -1.200000, 2
-2.850000, -1.200000, 2
-2.700000, -1.200000, 2
-2.550000, -1.200000, 2
-2.400000, -1.200000, 2
-2.250000, -1.200000, 2
-2.100000, -1.200000, 2
-1.950000, -1.200000, 5
-1.800000, -1.200000, 4
-1.650000, -1.200000, 3
-1.500000, -1.200000, 3
-1.350000, -1.200000, 7
-1.200000, -1.200000, 7
-1.050000, -1.200000, 7
-0.900000, -1.200000, 7
-0.750000, -1.200000, 7
-0.600000, -1.200000, 7
-0.450000, -1.200000, 3
-0.300000, -1.200000, 3
-0.150000, -1.200000, 8
-0.000000, -1.200000, 8
0.150000, -1.200000, 8
0.300000, -1.200000, 8
0.450000, -1.200000, 3
0.600000, -1.200000, 3
0.750000, -1.200000, 3
0.900000, -1.200000, 3
1.050000, -1.200000, 3
1.200000, -1.200000, 8
1.350000, -1.200000, 1
1.500000, -1.200000, 1
1.650000, -1.200000, 1
1.800000, -1.200000, 1
1.950000, -1.200000, 1
2.100000, -1.200000, 1
2.250000, -1.200000, 1
2.400000, -1.200000, 1
2.550000, -1.200000, 1
2.700000, -1.200000, 1
2.850000, -1.200000, 1
3.000000, -1.200000, 1
3.150000, -1.200000, 4
3.300000, -1.200000, 3
3.450000, -1.200000, 3
3.600000, -1.200000, 3
3.750000, -1.200000, 3
3.900000, -1.200000, 1
4.050000, -1.200000, 1
4.200000, -1.200000, 7
4.350000, -1.200000, 2
4.500000, -1.200000, 4
4.650000, -1.200000, 11
4.800000, -1.200000, 4
4.950000, -1.200000, 4
5.100000, -1.200000, 8
5.250000, -1.200000, 4
5.400000, -1.200000, 4
5.550000, -1.200000, 3
5.700000, -1.200000, 5
5.850000, -1.200000, 5
6.000000, -1.200000, 5
6.150000, -1.200000, 5
6.300000, -1.200000, 5
6.450000, -1.200000, 5
6.600000, -1.200000, 5
6.750000, -1.200000, 5
6.900000, -1.200000, 5
7.050000, -1.200000, 5
7.200000, -1.200000, 5
7.350000, -1.200000, 5
7.500000, -1.200000, 5
7.650000, -1.200000, 5
7.800000, -1.200000, 5
7.950000, -1.200000, 5
8.100000, -1.200000, 5
8.250000, -1.200000, 5
8.400000, -1.200000, 5
8.550000, -1.200000, 5
8.700000, -1.200000, 5
8.850000, -1.200000, 5
9.000000, -1.200000, 5
9.150000, -1.200000, 5
9.300000, -1.200000, 5
9.450000, -1.200000, 5
9.600000, -1.200000, 5
9.750000, -1.200000, 5
9.900000, -1.200000, 5
10.050000, -1.200000, 5
10.200000, -1.200000, 5
10.350000, -1.200000, 5
10.500000, -1.200000, 5
10.650000, -1.200000, 5
10.800000, -1.200000, 5
10.950000, -1.200000, 5
11.100000, -1.200000, 5
11.250000, -1.200000, 5
11.400000, -1.200000, 5
11.550000, -1.200000, 5
11.700000, -1.200000, 5
11.850000, -1.200000, 5
12.000000, -1.200000, 5
12.150000, -1.200000, 5
12.300000, -1.200000, 5
12.450000, -1.200000, 5
12.600000, -1.200000, 5
12.750000, -1.200000, 5
12.900000, -1.200000, 5
13.050000, -1.200000, 5
13.200000, -1.200000, 5
13.350000, -1.200000, 5
13.500000, -1.200000, 5
13.650000, -1.200000, 5
13.800000, -1.200000, 5
13.950000, -1.200000, 5
14.100000, -1.200000, 5
14.250000, -1.200000, 5
14.400000, -1.200000, 5
14.550000, -1.200000, 5
14.700000, -1.200000, 5
14.850000, -1.200000, 5
-15.000000, -1.150000, 11
-14.850000, -1.150000, 11
-14.700000, -1.150000, 11
-14.550000, -1.150000, 11
-14.400000, -1.150000, 11
-14.250000, -1.150000, 11
-14.100000, -1.150000, 11
-13.950000, -1.150000, 11
-13.800000, -1.150000, 11
-13.650000, -1.150000, 11
-13.500000, -1.150000, 11
-13.350000, -1.150000, 11
-13.200000, -1.150000, 11
-13.050000, -1.150000, 11
-12.900000, -1.150000, 11
-12.750000, -1.150000, 11
-12.600000, -1.150000, 11
-12.450000, -1.150000, 11
-12.300000, -1.150000, 11
-12.150000, -1.150000, 11
-12.000000, -1.150000, 11
-11.850000, -1.150000, 11
-11.700000, -1.150000, 11
-11.550000, -1.150000, 11
-11.400000, -1.150000, 11
-11.250000, -1.150000, 11
-11.100000, -1.150000, 11
-10.950000, -1.150000, 11
-10.800000, -1.150000, 11
-10.650000, -1.150000, 11
-10.500000, -1.150000, 11
-10.350000, -1.150000, 11
-10.200000, -1.150000, 11
-10.050000, -1.150000, 11
-9.900000, -1.150000, 11
-9.750000, -1.150000, 11
-9.600000, -1.150000, 11
-9.450000, -1.150000, 11
-9.300000, -1.150000, 11
-9.150000, -1.150000, 11
-9.000000, -1.150000, 11
-8.850000, -1.150000, 11
-8.700000, -1.150000, 11
-8.550000, -1.150000, 11
-8.400000, -1.150000, 11
-8.250000, -1.150000, 11
-8.100000, -1.150000, 11
-7.950000, -1.150000, 11
-7.800000, -1.150000, 11
-7.650000, -1.150000, 11
-7.500000, -1.150000, 11
-7.350000, -1.150000, 11
-7.200000, -1.150000, 11
-7.050000, -1.150000, 11
-6.900000, -1.150000, 11
-6.750000, -1.150000, 11
-6.600000, -1.150000, 11
-6.450000, -1.150000, 11
-6.300000, -1.150000, 11
-6.150000, -1.150000, 11
-6.000000, -1.150000, 11
-5.850000, -1.150000, 0
-5.700000, -1.150000, 0
-5.550000, -1.150000, 4
-5.400000, -1.150000, 0
-5.250000, -1.150000, 0
-5.100000, -1.150000, 0
-4.950000, -1.150000, 0
-4.800000, -1.150000, 0
-4.650000, -1.150000, 0
-4.500000, -1.150000, 0
-4.350000, -1.150000, 0
-4.200000, -1.150000, 0
-4.050000, -1.150000, 0
-3.900000, -1.150000, 0
-3.750000, -1.150000, 0
-3.600000, -1.150000, 0
-3.450000, -1.150000, 2
-3.300000, -1.150000, 2
-3.150000, -1.150000, 2
-3.000000, -1.150000, 2
-2.850000, -1.150000, 2
-2.700000, -1.150000, 2
-2.550000, -1.150000, 2
-2.400000, -1.150000, 2
-2.250000, -1.150000, 2
-2.100000, -1.150000, 2
-1.950000, -1.150000, 6
-1.800000, -1.150000, 5
-1.650000, -1.150000, 3
-1.500000, -1.150000, 8
-1.350000, -1.150000, 7
-1.200000, -1.150000, 7
-1.050000, -1.150000, 7
-0.900000, -1.150000, 7
-0.750000, -1.150000, 7
-0.600000, -1.150000, 7
-0.450000, -1.150000, 4
-0.300000, -1.150000, 3
-0.150000, -1.150000, 8
-0.000000, -1.150000, 8
0.150000, -1.150000, 8
0.300000, -1.150000, 8
0.450000, -1.150000, 3
0.600000, -1.150000, 3
0.750000, -1.150000, 3
0.900000, -1.150000, 3
1.050000, -1.150000, 3
1.200000, -1.150000, 1
1.350000, -1.150000, 1
1.500000, -1.150000, 1
1.650000, -1.150000, 1
1.800000, -1.150000, 1
1.950000, -1.150000, 1
2.100000, -1.150000, 1
2.250000, -1.150000, 1
2.400000, -1.150000, 1
2.550000, -1.150000, 1
2.700000, -1.150000, 1
2.850000, -1.150000, 1
3.000000, -1.150000, 8
3.150000, -1.150000, 9
3.300000, -1.150000, 3
3.450000, -1.150000, 3
3.600000, -1.150000, 3
3.750000, -1.150000, 3
3.900000, -1.150000, 7
4.050000, -1.150000, 5
4.200000, -1.150000, 0
4.350000, -1.150000, 9
4.500000, -1.150000, 10
4.650000, -1.150000, 7
4.800000, -1.150000, 4
4.950000, -1.150000, 4
5.100000, -1.150000, 3
5.250000, -1.150000, 1
5.400000, -1.150000, 0
5.550000, -1.150000, 9
5.700000, -1.150000, 5
5.850000, -1.150000, 5
6.000000, -1.150000, 5
6.150000, -1.150000, 5
6.300000, -1.150000, 5
6.450000, -1.150000, 5
6.600000, -1.150000, 5
6.750000, -1.150000, 5
6.900000, -1.150000, 5
7.050000, -1.150000, 5
7.200000, -1.150000, 5
7.350000, -1.150000, 5
7.500000, -1.150000, 5
7.650000, -1.150000, 5
7.800000, -1.150000, 5
7.950000, -1.150000, 5
8.100000, -1.150000, 5
8.250000, -1.150000, 5
8.400000, -1.150000, 5
8.550000, -1.150000, 5
8.700000, -1.150000, 5
8.850000, -1.150000, 5
9.000000, -1.150000, 5
9.150000, -1.150000, 5
9.300000, -1.150000, 5
9.450000, -1.150000, 5
9.600000, -1.150000, 5
9.750000, -1.150000, 5
9.900000, -1.150000, 5
10.050000, -1.150000, 5
10.200000, -1.150000, 5
10.350000, -1.150000, 5
10.500000, -1.150000, 5
10.650000, -1.150000, 5
10.800000, -1.150000, 5
10.950000, -1.150000, 5
11.100000, -1.150000, 5
11.250000, -1.150000, 5
11.400000, -1.150000, 5
11.550000, -1.150000, 5
11.700000, -1.150000, 5
11.850000, -1.150000, 5
12.000000, -1.150000, 5
12.150000, -1.150000, 5
12.300000, -1.150000, 5
12.450000, -1.150000, 5
12.600000, -1.150000, 5
12.750000, -1.150000, 5
12.900000, -1.150000, 5
13.050000, -1.150000, 5
13.200000, -1.150000, 5
13.350000, -1.150000, 5
13.500000, -1.150000, 5
13.650000, -1.150000, 5
13.800000, -1.150000, 5
13.950000, -1.150000, 5
14.100000, -1.150000, 5
14.250000, -1.150000, 5
14.400000, -1.150000, 5
14.550000, -1.150000, 5
14.700000, -1.150000, 5
14.850000, -1.150000, 5
-15.000000, -1.100000, 11
-14.850000, -1.100000, 11
-14.700000, -1.100000, 11
-14.550000, -1.100000, 11
-14.400000, -1.100000, 11
-14.250000, -1.100000, 11
-14.100000, -1.100000, 11
-13.950000, -1.100000, 11
-13.800000, -1.100000, 11
-13.650000, -1.100000, 11
-13.500000, -1.100000, 11
-13.350000, -1.100000, 11
-13.200000, -1.100000, 11
-13.050000, -1.100000, 11
-12.900000, -1.100000, 11
-12.750000, -1.100000, 11
-12.600000, -1.100000, 11
-12.450000, -1.100000, 11
-12.300000, -1.100000, 11
-12.150000, -1.100000, 11
-12.000000, -1.100000, 11
-11.850000, -1.100000, 11
-11.700000, -1.100000, 11
-11.550000, -1.100000, 11
-11.400000, -1.100000, 11
-11.250000, -1.100000, 11
-11.100000, -1.100000, 11
-10.950000, -1.100000, 11
-10.800000, -1.100000, 11
-10.650000, -1.100000, 11
-10.500000, -1.100000, 11
-10.350000, -1.100000, 11
-10.200000, -1.100000, 11
-10.050000, -1.100000, 11
-9.900000, -1.100000, 11
-9.750000, -1.100000, 11
-9.600000, -1.100000, 11
-9.450000, -1.100000, 11
-9.300000, -1.100000, 11
-9.150000, -1.100000, 11
-9.000000, -1.100000, 11
-8.850000, -1.100000, 11
-8.700000, -1.100000, 11
-8.550000, -1.100000, 11
-8.400000, -1.100000, 11
-8.250000, -1.100000, 11
-8.100000, -1.100000, 11
-7.950000, -1.100000, 11
-7.800000, -1.100000, 11
-7.650000, -1.100000, 11
-7.500000, -1.100000, 11
-7.350000, -1.100000, 11
-7.200000, -1.100000, 11
-7.050000, -1.100000, 11
-6.900000, -1.100000, 11
-6.750000, -1.100000, 11
-6.600000, -1.100000, 11
-6.450000, -1.100000, 11
-6.300000, -1.100000, 11
-6.150000, -1.100000, 11
-6.000000, -1.100000, 11
-5.850000, -1.100000, 11
-5.700000, -1.100000, 0
-5.550000, -1.100000, 0
-5.400000, -1.100000, 0
-5.250000, -1.100000, 0
-5.100000, -1.100000, 0
-4.950000, -1.100000, 0
-4.800000, -1.100000, 0
-4.650000, -1.100000, 0
-4.500000, -1.100000, 0
-4.350000, -1.100000, 0
-4.200000, -1.100000, 0
-4.050000, -1.100000, 0
-3.900000, -1.100000, 0
-3.750000, -1.100000, 0
-3.600000, -1.100000, 0
-3.450000, -1.100000, 0
-3.300000, -1.100000, 2
-3.150000, -1.100000, 2
-3.000000, -1.100000, 2
-2.850000, -1.100000, 2
-2.700000, -1.100000, 2
-2.550000, -1.100000, 2
-2.400000, -1.100000, 2
-2.250000, -1.100000, 2
-2.100000, -1.100000, 2
-1.950000, -1.100000, 2
-1.800000, -1.100000, 3
-1.650000, -1.100000, 4
-1.500000, -1.100000, 1
-1.350000, -1.100000, 7
-1.200000, -1.100000, 7
-1.050000, -1.100000, 7
-0.900000, -1.100000, 7
-0.750000, -1.100000, 7
-0.600000, -1.100000, 7
-0.450000, -1.100000, 1
-0.300000, -1.100000, 3
-0.150000, -1.100000, 3
-0.000000, -1.100000, 8
0.150000, -1.100000, 8
0.300000, -1.100000, 3
0.450000, -1.100000, 3
0.600000, -1.100000, 3
0.750000, -1.100000, 3
0.900000, -1.100000, 3
1.050000, -1.100000, 10
1.200000, -1.100000, 1
1.350000, -1.100000, 1
1.500000, -1.100000, 1
1.650000, -1.100000, 1
1.800000, -1.100000, 1
1.950000, -1.100000, 1
2.100000, -1.100000, 1
2.250000, -1.100000, 1
2.400000, -1.100000, 1
2.550000, -1.100000, 1
2.700000, -1.100000, 1
2.850000, -1.100000, 5
3.000000, -1.100000, 3
3.150000, -1.100000, 1
3.300000, -1.100000, 3
3.450000, -1.100000, 8
3.600000, -1.100000, 1
3.750000, -1.100000, 1
3.900000, -1.100000, 2
4.050000, -1.100000, 3
4.200000, -1.100000, 0
4.350000, -1.100000, 10
4.500000, -1.100000, 10
4.650000, -1.100000, 3
4.800000, -1.100000, 4
4.950000, -1.100000, 4
5.100000, -1.100000, 3
5.250000, -1.100000, 5
5.400000, -1.100000, 10
5.550000, -1.100000, 6
5.700000, -1.100000, 5
5.850000, -1.100000, 5
6.000000, -1.100000, 5
6.150000, -1.100000, 5
6.300000, -1.100000, 5
6.450000, -1.100000, 5
6.600000, -1.100000, 5
6.750000, -1.100000, 5
6.900000, -1.100000, 5
7.050000, -1.100000, 5
7.200000, -1.100000, 5
7.350000, -1.100000, 5
7.500000, -1.100000, 5
7.650000, -1.100000, 5
7.800000, -1.100000, 5
7.950000, -1.100000, 5
8.100000, -1.100000, 5
8.250000, -1.100000, 5
8.400000, -1.100000, 5
8.550000, -1.100000, 5
8.700000, -1.100000, 5
8.850000, -1.100000, 5
9.000000, -1.100000, 5
9.150000, -1.100000, 5
9.300000, -1.100000, 5
9.450000, -1.100000, 5
9.600000, -1.100000, 5
9.750000, -1.100000, 5
9.900000, -1.100000, 5
10.050000, -1.100000, 5
10.200000, -1.100000, 5
10.350000, -1.100000, 5
10.500000, -1.100000, 5
10.650000, -1.100000, 5
10.800000, -1.100000, 5
10.950000, -1.100000, 5
11.100000, -1.100000, 5
11.250000, -1.100000, 5
11.400000, -1.100000, 5
11.550000, -1.100000, 5
11.700000, -1.100000, 5
11.850000, -1.100000, 5
12.000000, -1.100000, 5
12.150000, -1.100000, 5
12.300000, -1.100000, 5
12.450000, -1.100000, 5
12.600000, -1.100000, 5
12.750000, -1.100000, 5
12.900000, -1.100000, 5
13.050000, -1.100000, 5
13.200000, -1.100000, 5
13.350000, -1.100000, 5
13.500000, -1.100000, 5
13.650000, -1.100000, 5
13.800000, -1.100000, 5
13.950000, -1.100000, 5
14.100000, -1.100000, 5
14.250000, -1.100000, 5
14.400000, -1.100000, 5
14.550000, -1.100000, 5
14.700000, -1.100000, 5
14.850000, -1.100000, 5
-15.000000, -1.050000, 11
-14.850000, -1.050000, 11
-14.700000, -1.050000, 11
-14.550000, -1.050000, 11
-14.400000, -1.050000, 11
-14.250000, -1.050000, 11
-14.100000, -1.050000, 11
-13.950000, -1.050000, 11
-13.800000, -1.050000, 11
-13.650000, -1.050000, 11
-13.500000, -1.050000, 11
-13.350000, -1.050000, 11
-13.200000, -1.050000, 11
-13.050000, -1.050000, 11
-12.900000, -1.050000, 11
-12.750000, -1.050000, 11
-12.600000, -1.050000, 11
-12.450000, -1.050000, 11
-12.300000, -1.050000, 11
-12.150000, -1.050000, 11
-12.000000, -1.050000, 11
-11.850000, -1.050000, 11
-11.700000, -1.050000, 11
-11.550000, -1.050000, 11
-11.400000, -1.050000, 11
-11.250000, -1.050000, 11
-11.100000, -1.050000, 11
-10.950000, -1.050000, 11
-10.800000, -1.050000, 11
-10.650000, -1.050000, 11
-10.500000, -1.050000, 11
-10.350000, -1.050000, 11
-10.200000, -1.050000, 11
-10.050000, -1.050000, 11
-9.900000, -1.050000, 11
-9.750000, -1.050000, 11
-9.600000, -1.050000, 11
-9.450000, -1.050000, 11
-9.300000, -1.050000, 11
-9.150000, -1.050000, 11
-9.000000, -1.050000, 11
-8.850000, -1.050000, 11
-8.700000, -1.050000, 11
-8.550000, -1.050000, 11
-8.400000, -1.050000, 11
-8.250000, -1.050000, 11
-8.100000, -1.050000, 11
-7.950000, -1.050000, 11
-7.800000, -1.050000, 11
-7.650000, -1.050000, 11
-7.500000, -1.050000, 11
-7.350000, -1.050000, 11
-7.200000, -1.050000, 11
-7.050000, -1.050000, 11
-6.900000, -1.050000, 11
-6.750000, -1.050000, 11
-6.600000, -1.050000, 11
-6.450000, -1.050000, 11
-6.300000, -1.050000, 11
-6.150000, -1.050000, 11
-6.000000, -1.050000, 11
-5.850000, -1.050000, 11
-5.700000, -1.050000, 11
-5.550000, -1.050000, 11
-5.400000, -1.050000, 0
-5.250000, -1.050000, 0
-5.100000, -1.050000, 0
-4.950000, -1.050000, 0
-4.800000, -1.050000, 0
-4.650000, -1.050000, 0
-4.500000, -1.050000, 0
-4.350000, -1.050000, 0
-4.200000, -1.050000, 0
-4.050000, -1.050000, 0
-3.900000, -1.050000, 0
-3.750000, -1.050000, 0
-3.600000, -1.050000, 0
-3.450000, -1.050000, 0
-3.300000, -1.050000, 2
-3.150000, -1.050000, 2
-3.000000, -1.050000, 2
-2.850000, -1.050000, 2
-2.700000, -1.050000, 2
-2.550000, -1.050000, 2
-2.400000, -1.050000, 2
-2.250000, -1.050000, 2
-2.100000, -1.050000, 2
-1.950000, -1.050000, 2
-1.800000, -1.050000, 5
-1.650000, -1.050000, 10
-1.500000, -1.050000, 3
-1.350000, -1.050000, 7
-1.200000, -1.050000, 7
-1.050000, -1.050000, 7
-0.900000, -1.050000, 7
-0.750000, -1.050000, 7
-0.600000, -1.050000, 7
-0.450000, -1.050000, 5
-0.300000, -1.050000, 3
-0.150000, -1.050000, 3
-0.000000, -1.050000, 8
0.150000, -1.050000, 8
0.300000, -1.050000, 3
0.450000, -1.050000, 3
0.600000, -1.050000, 3
0.750000, -1.050000, 3
0.900000, -1.050000, 3
1.050000, -1.050000, 1
1.200000, -1.050000, 1
1.350000, -1.050000, 1
1.500000, -1.050000, 1
1.650000, -1.050000, 1
1.800000, -1.050000, 1
1.950000, -1.050000, 1
2.100000, -1.050000, 1
2.250000, -1.050000, 1
2.400000, -1.050000, 1
2.550000, -1.050000, 1
2.700000, -1.050000, 1
2.850000, -1.050000, 4
3.000000, -1.050000, 3
3.150000, -1.050000, 3
3.300000, -1.050000, 3
3.450000, -1.050000, 3
3.600000, -1.050000, 5
3.750000, -1.050000, 5
3.900000, -1.050000, 0
4.050000, -1.050000, 4
4.200000, -1.050000, 2
4.350000, -1.050000, 3
4.500000, -1.050000, 10
4.650000, -1.050000, 3
4.800000, -1.050000, 5
4.950000, -1.050000, 7
5.100000, -1.050000, 9
5.250000, -1.050000, 5
5.400000, -1.050000, 5
5.550000, -1.050000, 5
5.700000, -1.050000, 5
5.850000, -1.050000, 5
6.000000, -1.050000, 5
6.150000, -1.050000, 5
6.300000, -1.050000, 5
6.450000, -1.050000, 5
6.600000, -1.050000, 5
6.750000, -1.050000, 5
6.900000, -1.050000, 5
7.050000, -1.050000, 5
7.200000, -1.050000, 5
7.350000, -1.050000, 5
7.500000, -1.050000, 5
7.650000, -1.050000, 5
7.800000, -1.050000, 5
7.950000, -1.050000, 5
8.100000, -1.050000, 5
8.250000, -1.050000, 5
8.400000, -1.050000, 5
8.550000, -1.050000, 5
8.700000, -1.050000, 5
8.850000, -1.050000, 5
9.000000, -1.050000, 5
9.150000, -1.050000, 5
9.300000, -1.050000, 5
9.450000, -1.050000, 5
9.600000, -1.050000, 5
9.750000, -1.050000, 5
9.900000, -1.050000, 5
10.050000, -1.050000, 5
10.200000, -1.050000, 5
10.350000, -1.050000, 5
10.500000, -1.050000, 5
10.650000, -1.050000, 5
10.800000, -1.050000, 5
10.950000, -1.050000, 5
11.100000, -1.050000, 5
11.250000, -1.050000, 5
11.400000, -1.050000, 5
11.550000, -1.050000, 5
11.700000, -1.050000, 5
11.850000, -1.050000, 5
12.000000, -1.050000, 5
12.150000, -1.050000, 5
12.300000, -1.050000, 5
12.450000, -1.050000, 5
12.600000, -1.050000, 5
12.750000, -1.050000, 5
12.900000, -1.050000, 5
13.050000, -1.050000, 5
13.200000, -1.050000, 5
13.350000, -1.050000, 5
13.500000, -1.050000, 5
13.650000, -1.050000, 5
13.800000, -1.050000, 5
13.950000, -1.050000, 5
14.100000, -1.050000, 5
14.250000, -1.050000, 5
14.400000, -1.050000, 5
14.550000, -1.050000, 5
14.700000, -1.050000, 5
14.850000, -1.050000, 5
-15.000000, -1.000000, 11
-14.850000, -1.000000, 11
-14.700000, -1.000000, 11
-14.550000, -1.000000, 11
-14.400000, -1.000000, 11
-14.250000, -1.000000, 11
-14.100000, -1.000000, 11
-13.950000, -1.000000, 11
-13.800000, -1.000000, 11
-13.650000, -1.000000, 11
-13.500000, -1.000000, 11
-13.350000, -1.000000, 11
-13.200000, -1.000000, 11
-13.050000, -1.000000, 11
-12.900000, -1.000000, 11
-12.750000, -1.000000, 11
-12.600000, -1.000000, 11
-12.450000, -1.000000, 11
-12.300000, -1.000000, 11
-12.150000, -1.000000, 11
-12.000000, -1.000000, 11
-11.850000, -1.000000, 11
-11.700000, -1.000000, 11
-11.550000, -1.000000, 11
-11.400000, -1.000000, 11
-11.250000, -1.000000, 11
-11.100000, -1.000000, 11
-10.950000, -1.000000, 11
-10.800000, -1.000000, 11
-10.650000, -1.000000, 11
-10.500000, -1.000000, 11
-10.350000, -1.000000, 11
-10.200000, -1.000000, 11
-10.050000, -1.000000, 11
-9.900000, -1.000000, 11
-9.750000, -1.000000, 11
-9.600000, -1.000000, 11
-9.450000, -1.000000, 11
-9.300000, -1.000000, 11
-9.150000, -1.000000, 11
-9.000000, -1.000000, 11
-8.850000, -1.000000, 11
-8.700000, -1.000000, 11
-8.550000, -1.000000, 11
-8.400000, -1.000000, 11
-8.250000, -1.000000, 11
-8.100000, -1.000000, 11
-7.950000, -1.000000, 11
-7.800000, -1.000000, 11
-7.650000, -1.000000, 11
-7.500000, -1.000000, 11
-7.350000, -1.000000, 11
-7.200000, -1.000000, 11
-7.050000, -1.000000, 11
-6.900000, -1.000000, 11
-6.750000, -1.000000, 11
-6.600000, -1.000000, 11
-6.450000, -1.000000, 11
-6.300000, -1.000000, 11
-6.150000, -1.000000, 11
-6.000000, -1.000000, 11
-5.850000, -1.000000, 11
-5.700000, -1.000000, 11
-5.550000, -1.000000, 11
-5.400000, -1.000000, 0
-5.250000, -1.000000, 0
-5.100000, -1.000000, 0
-4.950000, -1.000000, 0
-4.800000, -1.000000, 0
-4.650000, -1.000000, 0
-4.500000, -1.000000, 0
-4.350000, -1.000000, 0
-4.200000, -1.000000, 0
-4.050000, -1.000000, 0
-3.900000, -1.000000, 0
-3.750000, -1.000000, 0
-3.600000, -1.000000, 0
-3.450000, -1.000000, 0
-3.300000, -1.000000, 2
-3.150000, -1.000000, 8
-3.000000, -1.000000, 2
-2.850000, -1.000000, 2
-2.700000, -1.000000, 2
-2.550000, -1.000000, 2
-2.400000, -1.000000, 2
-2.250000, -1.000000, 2
-2.100000, -1.000000, 2
-1.950000, -1.000000, 2
-1.800000, -1.000000, 2
-1.650000, -1.000000, 1
-1.500000, -1.000000, 7
-1.350000, -1.000000, 4
-1.200000, -1.000000, 7
-1.050000, -1.000000, 7
-0.900000, -1.000000, 7
-0.750000, -1.000000, 7
-0.600000, -1.000000, 7
-0.450000, -1.000000, 3
-0.300000, -1.000000, 3
-0.150000, -1.000000, 3
-0.000000, -1.000000, 8
0.150000, -1.000000, 8
0.300000, -1.000000, 3
0.450000, -1.000000, 3
0.600000, -1.000000, 3
0.750000, -1.000000, 3
0.900000, -1.000000, 8
1.050000, -1.000000, 1
1.200000, -1.000000, 1
1.350000, -1.000000, 1
1.500000, -1.000000, 1
1.650000, -1.000000, 1
1.800000, -1.000000, 1
1.950000, -1.000000, 1
2.100000, -1.000000, 1
2.250000, -1.000000, 1
2.400000, -1.000000, 1
2.550000, -1.000000, 6
2.700000, -1.000000, 3
2.850000, -1.000000, 3
3.000000, -1.000000, 3
3.150000, -1.000000, 8
3.300000, -1.000000, 1
3.450000, -1.000000, 5
3.600000, -1.000000, 2
3.750000, -1.000000, 4
3.900000, -1.000000, 11
4.050000, -1.000000, 4
4.200000, -1.000000, 5
4.350000, -1.000000, 2
4.500000, -1.000000, 4
4.650000, -1.000000, 3
4.800000, -1.000000, 5
4.950000, -1.000000, 5
5.100000, -1.000000, 5
5.250000, -1.000000, 5
5.400000, -1.000000, 5
5.550000, -1.000000, 5
5.700000, -1.000000, 5
5.850000, -1.000000, 5
6.000000, -1.000000, 5
6.150000, -1.000000, 5
6.300000, -1.000000, 5
6.450000, -1.000000, 5
6.600000, -1.000000, 5
6.750000, -1.000000, 5
6.900000, -1.000000, 5
7.050000, -1.000000, 5
7.200000, -1.000000, 5
7.350000, -1.000000, 5
7.500000, -1.000000, 5
7.650000, -1.000000, 5
7.800000, -1.000000, 5
7.950000, -1.000000, 5
8.100000, -1.000000, 5
8.250000, -1.000000, 5
8.400000, -1.000000, 5
8.550000, -1.000000, 5
8.700000, -1.000000, 5
8.850000, -1.000000, 5
9.000000, -1.000000, 5
9.150000, -1.000000, 5
9.300000, -1.000000, 5
9.450000, -1.000000, 5
9.600000, -1.000000, 5
9.750000, -1.000000, 5
9.900000, -1.000000, 5
10.050000, -1.000000, 5
10.200000, -1.000000, 5
10.350000, -1.000000, 5
10.500000, -1.000000, 5
10.650000, -1.000000, 5
10.800000, -1.000000, 5
10.950000, -1.000000, 5
11.100000, -1.000000, 5
11.250000, -1.000000, 5
11.400000, -1.000000, 5
11.550000, -1.000000, 5
11.700000, -1.000000, 5
11.850000, -1.000000, 5
12.000000, -1.000000, 5
12.150000, -1.000000, 5
12.300000, -1.000000, 5
12.450000, -1.000000, 5
12.600000, -1.000000, 5
12.750000, -1.000000, 5
12.900000, -1.000000, 5
13.050000, -1.000000, 5
13.200000, -1.000000, 5
13.350000, -1.000000, 5
13.500000, -1.000000, 5
13.650000, -1.000000, 5
13.800000, -1.000000, 5
13.950000, -1.000000, 5
14.100000, -1.000000, 5
14.250000, -1.000000, 5
14.400000, -1.000000, 5
14.550000, -1.000000, 5
14.700000, -1.000000, 5
14.850000, -1.000000, 5
-15.000000, -0.950000, 11
-14.850000, -0.950000, 11
-14.700000, -0.950000, 11
-14.550000, -0.950000, 11
-14.400000, -0.950000, 11
-14.250000, -0.950000, 11
-14.100000, -0.950000, 11
-13.950000, -0.950000, 11
-13.800000, -0.950000, 11
-13.650000, -0.950000, 11
-13.500000, -0.950000, 11
-13.350000, -0.950000, 11
-13.200000, -0.950000, 11
-13.050000, -0.950000, 11
-12.900000, -0.950000, 11
-12.750000, -0.950000, 11
-12.600000, -0.950000, 11
-12.450000, -0.950000, 11
-12.300000, -0.950000, 11
-12.150000, -0.950000, 11
-12.000000, -0.950000, 11
-11.850000, -0.950000, 11
-11.700000, -0.950000, 11
-11.550000, -0.950000, 11
-11.400000, -0.950000, 11
-11.250000, -0.950000, 11
-11.100000, -0.950000, 11
-10.950000, -0.950000, 11
-10.800000, -0.950000, 11
-10.650000, -0.950000, 11
-10.500000, -0.950000, 11
-10.350000, -0.950000, 11
-10.200000, -0.950000, 11
-10.050000, -0.950000, 11
-9.900000, -0.950000, 11
-9.750000, -0.950000, 11
-9.600000, -0.950000, 11
-9.450000, -0.950000, 11
-9.300000, -0.950000, 11
-9.150000, -0.950000, 11
-9.000000, -0.950000, 11
-8.850000, -0.950000, 11
-8.700000, -0.950000, 11
-8.550000, -0.950000, 11
-8.400000, -0.950000, 11
-8.250000, -0.950000, 11
-8.100000, -0.950000, 11
-7.950000, -0.950000, 11
-7.800000, -0.950000, 11
-7.650000, -0.950000, 11
-7.500000, -0.950000, 11
-7.350000, -0.950000, 11
-7.200000, -0.950000, 11
-7.050000, -0.950000, 11
-6.900000, -0.950000, 11
-6.750000, -0.950000, 11
-6.600000, -0.950000, 11
-6.450000, -0.950000, 11
-6.300000, -0.950000, 11
-6.150000, -0.950000, 11
-6.000000, -0.950000, 11
-5.850000, -0.950000, 11
-5.700000, -0.950000, 11
-5.550000, -0.950000, 11
-5.400000, -0.950000, 11
-5.250000, -0.950000, 11
-5.100000, -0.950000, 0
-4.950000, -0.950000, 0
-4.800000, -0.950000, 0
-4.650000, -0.950000, 0
-4.500000, -0.950000, 0
-4.350000, -0.950000, 0
-4.200000, -0.950000, 0
-4.050000, -0.950000, 0
-3.900000, -0.950000, 0
-3.750000, -0.950000, 0
-3.600000, -0.950000, 0
-3.450000, -0.950000, 0
-3.300000, -0.950000, 0
-3.150000, -0.950000, 2
-3.000000, -0.950000, 2
-2.850000, -0.950000, 2
-2.700000, -0.950000, 2
-2.550000, -0.950000, 2
-2.400000, -0.950000, 2
-2.250000, -0.950000, 2
-2.100000, -0.950000, 2
-1.950000, -0.950000, 2
-1.800000, -0.950000, 2
-1.650000, -0.950000, 3
-1.500000, -0.950000, 10
-1.350000, -0.950000, 1
-1.200000, -0.950000, 7
-1.050000, -0.950000, 7
-0.900000, -0.950000, 7
-0.750000, -0.950000, 7
-0.600000, -0.950000, 7
-0.450000, -0.950000, 3
-0.300000, -0.950000, 3
-0.150000, -0.950000, 3
-0.000000, -0.950000, 8
0.150000, -0.950000, 8
0.300000, -0.950000, 3
0.450000, -0.950000, 3
0.600000, -0.950000, 3
0.750000, -0.950000, 3
0.900000, -0.950000, 8
1.050000, -0.950000, 1
1.200000, -0.950000, 1
1.350000, -0.950000, 1
1.500000, -0.950000, 1
1.650000, -0.950000, 1
1.800000, -0.950000, 1
1.950000, -0.950000, 1
2.100000, -0.950000, 1
2.250000, -0.950000, 1
2.400000, -0.950000, 1
2.550000, -0.950000, 3
2.700000, -0.950000, 8
2.850000, -0.950000, 3
3.000000, -0.950000, 3
3.150000, -0.950000, 3
3.300000, -0.950000, 2
3.450000, -0.950000, 6
3.600000, -0.950000, 10
3.750000, -0.950000, 4
3.900000, -0.950000, 3
4.050000, -0.950000, 6
4.200000, -0.950000, 1
4.350000, -0.950000, 1
4.500000, -0.950000, 3
4.650000, -0.950000, 1
4.800000, -0.950000, 5
4.950000, -0.950000, 5
5.100000, -0.950000, 5
5.250000, -0.950000, 5
5.400000, -0.950000, 5
5.550000, -0.950000, 5
5.700000, -0.950000, 5
5.850000, -0.950000, 5
6.000000, -0.950000, 5
6.150000, -0.950000, 5
6.300000, -0.950000, 5
6.450000, -0.950000, 5
6.600000, -0.950000, 5
6.750000, -0.950000, 5
6.900000, -0.950000, 5
7.050000, -0.950000, 5
7.200000, -0.950000, 5
7.350000, -0.950000, 5
7.500000, -0.950000, 5
7.650000, -0.950000, 5
7.800000, -0.950000, 5
7.950000, -0.950000, 5
8.100000, -0.950000, 5
8.250000, -0.950000, 5
8.400000, -0.950000, 5
8.550000, -0.950000, 5
8.700000, -0.950000, 5
8.850000, -0.950000, 5
9.000000, -0.950000, 5
9.150000, -0.950000, 5
9.300000, -0.950000, 5
9.450000, -0.950000, 5
9.600000, -0.950000, 5
9.750000, -0.950000, 5
9.900000, -0.950000, 5
10.050000, -0.950000, 5
10.200000, -0.950000, 5
10.350000, -0.950000, 5
10.500000, -0.950000, 5
10.650000, -0.950000, 5
10.800000, -0.950000, 5
10.950000, -0.950000, 5
11.100000, -0.950000, 5
11.250000, -0.950000, 5
11.400000, -0.950000, 5
11.550000, -0.950000, 5
11.700000, -0.950000, 5
11.850000, -0.950000, 5
12.000000, -0.950000, 5
12.150000, -0.950000, 5
12.300000, -0.950000, 5
12.450000, -0.950000, 5
12.600000, -0.950000, 5
12.750000, -0.950000, 5
12.900000, -0.950000, 5
13.050000, -0.950000, 5
13.200000, -0.950000, 5
13.350000, -0.950000, 5
13.500000, -0.950000, 5
13.650000, -0.950000, 5
13.800000, -0.950000, 5
13.950000, -0.950000, 5
14.100000, -0.950000, 5
14.250000, -0.950000, 5
14.400000, -0.950000, 5
14.550000, -0.950000, 5
14.700000, -0.950000, 5
14.850000, -0.950000, 5
-15.000000, -0.900000, 11
-14.850000, -0.900000, 11
-14.700000, -0.900000, 11
-14.550000, -0.900000, 11
-14.400000, -0.900000, 11
-14.250000, -0.900000, 11
-14.100000, -0.900000, 11
-13.950000, -0.900000, 11
-13.800000, -0.900000, 11
-13.650000, -0.900000, 11
-13.500000, -0.900000, 11
-13.350000, -0.900000, 11
-13.200000, -0.900000, 11
-13.050000, -0.900000, 11
-12.900000, -0.900000, 11
-12.750000, -0.900000, 11
-12.600000, -0.900000, 11
-12.450000, -0.900000, 11
-12.300000, -0.900000, 11
-12.150000, -0.900000, 11
-12.000000, -0.900000, 11
-11.850000, -0.900000, 11
-11.700000, -0.900000, 11
-11.550000, -0.900000, 11
-11.400000, -0.900000, 11
-11.250000, -0.900000, 11
-11.100000, -0.900000, 11
-10.950000, -0.900000, 11
-10.800000, -0.900000, 11
-10.650000, -0.900000, 11
-10.500000, -0.900000, 11
-10.350000, -0.900000, 11
-10.200000, -0.900000, 11
-10.050000, -0.900000, 11
-9.900000, -0.900000, 11
-9.750000, -0.900000, 11
-9.600000, -0.900000, 11
-9.450000, -0.900000, 11
-9.300000, -0.900000, 11
-9.150000, -0.900000, 11
-9.000000, -0.900000, 11
-8.850000, -0.900000, 11
-8.700000, -0.900000, 11
-8.550000, -0.900000, 11
-8.400000, -0.900000, 11
-8.250000, -0.900000, 11
-8.100000, -0.900000, 11
-7.950000, -0.900000, 11
-7.800000, -0.900000, 11
-7.650000, -0.900000, 11
-7.500000, -0.900000, 11
-7.350000, -0.900000, 11
-7.200000, -0.900000, 11
-7.050000, -0.900000, 11
-6.900000, -0.900000, 11
-6.750000, -0.900000, 11
-6.600000, -0.900000, 11
-6.450000, -0.900000, 11
-6.300000, -0.900000, 11
-6.150000, -0.900000, 11
-6.000000, -0.900000, 11
-5.850000, -0.900000, 11
-5.700000, -0.900000, 11
-5.550000, -0.900000, 11
-5.400000, -0.900000, 11
-5.250000, -0.900000, 11
-5.100000, -0.900000, 0
-4.950000, -0.900000, 0
-4.800000, -0.900000, 0
-4.650000, -0.900000, 0
-4.500000, -0.900000, 0
-4.350000, -0.900000, 0
-4.200000, -0.900000, 0
-4.050000, -0.900000, 0
-3.900000, -0.900000, 0
-3.750000, -0.900000, 0
-3.600000, -0.900000, 0
-3.450000, -0.900000, 0
-3.300000, -0.900000, 0
-3.150000, -0.900000, 0
-3.000000, -0.900000, 2
-2.850000, -0.900000, 2
-2.700000, -0.900000, 2
-2.550000, -0.900000, 2
-2.400000, -0.900000, 2
-2.250000, -0.900000, 2
-2.100000, -0.900000, 2
-1.950000, -0.900000, 2
-1.800000, -0.900000, 2
-1.650000, -0.900000, 2
-1.500000, -0.900000, 5
-1.350000, -0.900000, 8
-1.200000, -0.900000, 2
-1.050000, -0.900000, 7
-0.900000, -0.900000, 7
-0.750000, -0.900000, 7
-0.600000, -0.900000, 7
-0.450000, -0.900000, 5
-0.300000, -0.900000, 3
-0.150000, -0.900000, 3
-0.000000, -0.900000, 3
0.150000, -0.900000, 3
0.300000, -0.900000, 3
0.450000, -0.900000, 3
0.600000, -0.900000, 3
0.750000, -0.900000, 3
0.900000, -0.900000, 8
1.050000, -0.900000, 1
1.200000, -0.900000, 1
1.350000, -0.900000, 1
1.500000, -0.900000, 1
1.650000, -0.900000, 1
1.800000, -0.900000, 1
1.950000, -0.900000, 1
2.100000, -0.900000, 1
2.250000, -0.900000, 1
2.400000, -0.900000, 2
2.550000, -0.900000, 3
2.700000, -0.900000, 3
2.850000, -0.900000, 3
3.000000, -0.900000, 8
3.150000, -0.900000, 1
3.300000, -0.900000, 2
3.450000, -0.900000, 10
3.600000, -0.900000, 6
3.750000, -0.900000, 6
3.900000, -0.900000, 8
4.050000, -0.900000, 6
4.200000, -0.900000, 10
4.350000, -0.900000, 5
4.500000, -0.900000, 5
4.650000, -0.900000, 5
4.800000, -0.900000, 5
4.950000, -0.900000, 5
5.100000, -0.900000, 5
5.250000, -0.900000, 5
5.400000, -0.900000, 5
5.550000, -0.900000, 5
5.700000, -0.900000, 5
5.850000, -0.900000, 5
6.000000, -0.900000, 5
6.150000, -0.900000, 5
6.300000, -0.900000, 5
6.450000, -0.900000, 5
6.600000, -0.900000, 5
6.750000, -0.900000, 5
6.900000, -0.900000, 5
7.050000, -0.900000, 5
7.200000, -0.900000, 5
7.350000, -0.900000, 5
7.500000, -0.900000, 5
7.650000, -0.900000, 5
7.800000, -0.900000, 5
7.950000, -0.900000, 5
8.100000, -0.900000, 5
8.250000, -0.900000, 5
8.400000, -0.900000, 5
8.550000, -0.900000, 5
8.700000, -0.900000, 5
8.850000, -0.900000, 5
9.000000, -0.900000, 5
9.150000, -0.900000, 5
9.300000, -0.900000, 5
9.450000, -0.900000, 5
9.600000, -0.900000, 5
9.750000, -0.900000, 5
9.900000, -0.900000, 5
10.050000, -0.900000, 5
10.200000, -0.900000, 5
10.350000, -0.900000, 5
10.500000, -0.900000, 5
10.650000, -0.900000, 5
10.800000, -0.900000, 5
10.950000, -0.900000, 5
11.100000, -0.900000, 5
11.250000, -0.900000, 5
11.400000, -0.900000, 5
11.550000, -0.900000, 5
11.700000, -0.900000, 5
11.850000, -0.900000, 5
12.000000, -0.900000, 5
12.150000, -0.900000, 5
12.300000, -0.900000, 5
12.450000, -0.900000, 5
12.600000, -0.900000, 5
12.750000, -0.900000, 5
12.900000, -0.900000, 5
13.050000, -0.900000, 5
13.200000, -0.900000, 5
13.350000, -0.900000, 5
13.500000, -0.900000, 5
13.650000, -0.900000, 5
13.800000, -0.900000, 5
13.950000, -0.900000, 5
14.100000, -0.900000, 5
14.250000, -0.900000, 5
14.400000, -0.900000, 5
14.550000, -0.900000, 5
14.700000, -0.900000, 5
14.850000, -0.900000, 5
-15.000000, -0.850000, 11
-14.850000, -0.850000, 11
-14.700000, -0.850000, 11
-14.550000, -0.850000, 11
-14.400000, -0.850000, 11
-14.250000, -0.850000, 11
-14.100000, -0.850000, 11
-13.950000, -0.850000, 11
-13.800000, -0.850000, 11
-13.650000, -0.850000, 11
-13.500000, -0.850000, 11
-13.350000, -0.850000, 11
-13.200000, -0.850000, 11
-13.050000, -0.850000, 11
-12.900000, -0.850000, 11
-12.750000, -0.850000, 11
-12.600000, -0.850000, 11
-12.450000, -0.850000, 11
-12.300000, -0.850000, 11
-12.150000, -0.850000, 11
-12.000000, -0.850000, 11
-11.850000, -0.850000, 11
-11.700000, -0.850000, 11
-11.550000, -0.850000, 11
-11.400000, -0.850000, 11
-11.250000, -0.850000, 11
-11.100000, -0.850000, 11
-10.950000, -0.850000, 11
-10.800000, -0.850000, 11
-10.650000, -0.850000, 11
-10.500000, -0.850000, 11
-10.350000, -0.850000, 11
-10.200000, -0.850000, 11
-10.050000, -0.850000, 11
-9.900000, -0.850000, 11
-9.750000, -0.850000, 11
-9.600000, -0.850000, 11
-9.450000, -0.850000, 11
-9.300000, -0.850000, 11
-9.150000, -0.850000, 11
-9.000000, -0.850000, 11
-8.850000, -0.850000, 11
-8.700000, -0.850000, 11
-8.550000, -0.850000, 11
-8.400000, -0.850000, 11
-8.250000, -0.850000, 11
-8.100000, -0.850000, 11
-7.950000, -0.850000, 11
-7.800000, -0.850000, 11
-7.650000, -0.850000, 11
-7.500000, -0.850000, 11
-7.350000, -0.850000, 11
-7.200000, -0.850000, 11
-7.050000, -0.850000, 11
-6.900000, -0.850000, 11
-6.750000, -0.850000, 11
-6.600000, -0.850000, 11
-6.450000, -0.850000, 11
-6.300000, -0.850000, 11
-6.150000, -0.850000, 11
-6.000000, -0.850000, 11
-5.850000, -0.850000, 11
-5.700000, -0.850000, 11
-5.550000, -0.850000, 11
-5.400000, -0.850000, 11
-5.250000, -0.850000, 11
-5.100000, -0.850000, 11
-4.950000, -0.850000, 0
-4.800000, -0.850000, 2
-4.650000, -0.850000, 0
-4.500000, -0.850000, 0
-4.350000, -0.850000, 0
-4.200000, -0.850000, 0
-4.050000, -0.850000, 0
-3.900000, -0.850000, 0
-3.750000, -0.850000, 0
-3.600000, -0.850000, 0
-3.450000, -0.850000, 0
-3.300000, -0.850000, 0
-3.150000, -0.850000, 0
-3.000000, -0.850000, 2
-2.850000, -0.850000, 0
-2.700000, -0.850000, 2
-2.550000, -0.850000, 2
-2.400000, -0.850000, 2
-2.250000, -0.850000, 2
-2.100000, -0.850000, 2
-1.950000, -0.850000, 2
-1.800000, -0.850000, 2
-1.650000, -0.850000, 2
-1.500000, -0.850000, 3
-1.350000, -0.850000, 1
-1.200000, -0.850000, 1
-1.050000, -0.850000, 7
-0.900000, -0.850000, 7
-0.750000, -0.850000, 7
-0.600000, -0.850000, 7
-0.450000, -0.850000, 11
-0.300000, -0.850000, 3
-0.150000, -0.850000, 3
-0.000000, -0.850000, 3
0.150000, -0.850000, 3
0.300000, -0.850000, 3
0.450000, -0.850000, 3
0.600000, -0.850000, 3
0.750000, -0.850000, 3
0.900000, -0.850000, 1
1.050000, -0.850000, 1
1.200000, -0.850000, 1
1.350000, -0.850000, 1
1.500000, -0.850000, 1
1.650000, -0.850000, 1
1.800000, -0.850000, 1
1.950000, -0.850000, 1
2.100000, -0.850000, 1
2.250000, -0.850000, 3
2.400000, -0.850000, 5
2.550000, -0.850000, 3
2.700000, -0.850000, 3
2.850000, -0.850000, 1
3.000000, -0.850000, 2
3.150000, -0.850000, 4
3.300000, -0.850000, 4
3.450000, -0.850000, 4
3.600000, -0.850000, 3
3.750000, -0.850000, 6
3.900000, -0.850000, 3
4.050000, -0.850000, 5
4.200000, -0.850000, 5
4.350000, -0.850000, 5
4.500000, -0.850000, 5
4.650000, -0.850000, 5
4.800000, -0.850000, 5
4.950000, -0.850000, 5
5.100000, -0.850000, 5
5.250000, -0.850000, 5
5.400000, -0.850000, 5
5.550000, -0.850000, 5
5.700000, -0.850000, 5
5.850000, -0.850000, 5
6.000000, -0.850000, 5
6.150000, -0.850000, 5
6.300000, -0.850000, 5
6.450000, -0.850000, 5
6.600000, -0.850000, 5
6.750000, -0.850000, 5
6.900000, -0.850000, 5
7.050000, -0.850000, 5
7.200000, -0.850000, 5
7.350000, -0.850000, 5
7.500000, -0.850000, 5
7.650000, -0.850000, 5
7.800000, -0.850000, 5
7.950000, -0.850000, 5
8.100000, -0.850000, 5
8.250000, -0.850000, 5
8.400000, -0.850000, 5
8.550000, -0.850000, 5
8.700000, -0.850000, 5
8.850000, -0.850000, 5
9.000000, -0.850000, 5
9.150000, -0.850000, 5
9.300000, -0.850000, 5
9.450000, -0.850000, 5
9.600000, -0.850000, 5
9.750000, -0.850000, 5
9.900000, -0.850000, 5
10.050000, -0.850000, 5
10.200000, -0.850000, 5
10.350000, -0.850000, 5
10.500000, -0.850000, 5
10.650000, -0.850000, 5
10.800000, -0.850000, 5
10.950000, -0.850000, 5
11.100000, -0.850000, 5
11.250000, -0.850000, 5
11.400000, -0.850000, 5
11.550000, -0.850000, 5
11.700000, -0.850000, 5
11.850000, -0.850000, 5
12.000000, -0.850000, 5
12.150000, -0.850000, 5
12.300000, -0.850000, 5
12.450000, -0.850000, 5
12.600000, -0.850000, 5
12.750000, -0.850000, 5
12.900000, -0.850000, 5
13.050000, -0.850000, 5
13.200000, -0.850000, 5
13.350000, -0.850000, 5
13.500000, -0.850000, 5
13.650000, -0.850000, 5
13.800000, -0.850000, 5
13.950000, -0.850000, 5
14.100000, -0.850000, 5
14.250000, -0.850000, 5
14.400000, -0.850000, 5
14.550000, -0.850000, 5
14.700000, -0.850000, 5
14.850000, -0.850000, 5
-15.000000, -0.800000, 11
-14.850000, -0.800000, 11
-14.700000, -0.800000, 11
-14.550000, -0.800000, 11
-14.400000, -0.800000, 11
-14.250000, -0.800000, 11
-14.100000, -0.800000, 11
-13.950000, -0.800000, 11
-13.800000, -0.800000, 11
-13.650000, -0.800000, 11
-13.500000, -0.800000, 11
-13.350000, -0.800000, 11
-13.200000, -0.800000, 11
-13.050000, -0.800000, 11
-12.900000, -0.800000, 11
-12.750000, -0.800000, 11
-12.600000, -0.800000, 11
-12.450000, -0.800000, 11
-12.300000, -0.800000, 11
-12.150000, -0.800000, 11
-12.000000, -0.800000, 11
-11.850000, -0.800000, 11
-11.700000, -0.800000, 11
-11.550000, -0.800000, 11
-11.400000, -0.800000, 11
-11.250000, -0.800000, 11
-11.100000, -0.800000, 11
-10.950000, -0.800000, 11
-10.800000, -0.800000, 11
-10.650000, -0.800000, 11
-10.500000, -0.800000, 11
-10.350000, -0.800000, 11
-10.200000, -0.800000, 11
-10.050000, -0.800000, 11
-9.900000, -0.800000, 11
-9.750000, -0.800000, 11
-9.600000, -0.800000, 11
-9.450000, -0.800000, 11
-9.300000, -0.800000, 11
-9.150000, -0.800000, 11
-9.000000, -0.800000, 11
-8.850000, -0.800000, 11
-8.700000, -0.800000, 11
-8.550000, -0.800000, 11
-8.400000, -0.800000, 11
-8.250000, -0.800000, 11
-8.100000, -0.800000, 11
-7.950000, -0.800000, 11
-7.800000, -0.800000, 11
-7.650000, -0.800000, 11
-7.500000, -0.800000, 11
-7.350000, -0.800000, 11
-7.200000, -0.800000, 11
-7.050000, -0.800000, 11
-6.900000, -0.800000, 11
-6.750000, -0.800000, 11
-6.600000, -0.800000, 11
-6.450000, -0.800000, 11
-6.300000, -0.800000, 11
-6.150000, -0.800000, 11
-6.000000, -0.800000, 11
-5.850000, -0.800000, 11
-5.700000, -0.800000, 11
-5.550000, -0.800000, 11
-5.400000, -0.800000, 11
-5.250000, -0.800000, 11
-5.100000, -0.800000, 11
-4.950000, -0.800000, 11
-4.800000, -0.800000, 0
-4.650000, -0.800000, 0
-4.500000, -0.800000, 0
-4.350000, -0.800000, 0
-4.200000, -0.800000, 0
-4.050000, -0.800000, 0
-3.900000, -0.800000, 0
-3.750000, -0.800000, 0
-3.600000, -0.800000, 0
-3.450000, -0.800000, 0
-3.300000, -0.800000, 0
-3.150000, -0.800000, 0
-3.000000, -0.800000, 0
-2.850000, -0.800000, 9
-2.700000, -0.800000, 2
-2.550000, -0.800000, 2
-2.400000, -0.800000, 2
-2.250000, -0.800000, 2
-2.100000, -0.800000, 2
-1.950000, -0.800000, 2
-1.800000, -0.800000, 2
-1.650000, -0.800000, 2
-1.500000, -0.800000, 6
-1.350000, -0.800000, 5
-1.200000, -0.800000, 8
-1.050000, -0.800000, 1
-0.900000, -0.800000, 7
-0.750000, -0.800000, 7
-0.600000, -0.800000, 7
-0.450000, -0.800000, 3
-0.300000, -0.800000, 3
-0.150000, -0.800000, 3
-0.000000, -0.800000, 3
0.150000, -0.800000, 3
0.300000, -0.800000, 3
0.450000, -0.800000, 3
0.600000, -0.800000, 3
0.750000, -0.800000, 5
0.900000, -0.800000, 1
1.050000, -0.800000, 1
1.200000, -0.800000, 1
1.350000, -0.800000, 1
1.500000, -0.800000, 1
1.650000, -0.800000, 1
1.800000, -0.800000, 1
1.950000, -0.800000, 1
2.100000, -0.800000, 3
2.250000, -0.800000, 8
2.400000, -0.800000, 3
2.550000, -0.800000, 3
2.700000, -0.800000, 7
2.850000, -0.800000, 5
3.000000, -0.800000, 2
3.150000, -0.800000, 10
3.300000, -0.800000, 5
3.450000, -0.800000, 5
3.600000, -0.800000, 1
3.750000, -0.800000, 1
3.900000, -0.800000, 1
4.050000, -0.800000, 5
4.200000, -0.800000, 5
4.350000, -0.800000, 5
4.500000, -0.800000, 5
4.650000, -0.800000, 5
4.800000, -0.800000, 5
4.950000, -0.800000, 5
5.100000, -0.800000, 5
5.250000, -0.800000, 5
5.400000, -0.800000, 5
5.550000, -0.800000, 5
5.700000, -0.800000, 5
5.850000, -0.800000, 5
6.000000, -0.800000, 5
6.150000, -0.800000, 5
6.300000, -0.800000, 5
6.450000, -0.800000, 5
6.600000, -0.800000, 5
6.750000, -0.800000, 5
6.900000, -0.800000, 5
7.050000, -0.800000, 5
7.200000, -0.800000, 5
7.350000, -0.800000, 5
7.500000, -0.800000, 5
7.650000, -0.800000, 5
7.800000, -0.800000, 5
7.950000, -0.800000, 5
8.100000, -0.800000, 5
8.250000, -0.800000, 5
8.400000, -0.800000, 5
8.550000, -0.800000, 5
8.700000, -0.800000, 5
8.850000, -0.800000, 5
9.000000, -0.800000, 5
9.150000, -0.800000, 5
9.300000, -0.800000, 5
9.450000, -0.800000, 5
9.600000, -0.800000, 5
9.750000, -0.800000, 5
9.900000, -0.800000, 5
10.050000, -0.800000, 5
10.200000, -0.800000, 5
10.350000, -0.800000, 5
10.500000, -0.800000, 5
10.650000, -0.800000, 5
10.800000, -0.800000, 5
10.950000, -0.800000, 5
11.100000, -0.800000, 5
11.250000, -0.800000, 5
11.400000, -0.800000, 5
11.550000, -0.800000, 5
11.700000, -0.800000, 5
11.850000, -0.800000, 5
12.000000, -0.800000, 5
12.150000, -0.800000, 5
12.300000, -0.800000, 5
12.450000, -0.800000, 5
12.600000, -0.800000, 5
12.750000, -0.800000, 5
12.900000, -0.800000, 5
13.050000, -0.800000, 5
13.200000, -0.800000, 5
13.350000, -0.800000, 5
13.500000, -0.800000, 5
13.650000, -0.800000, 5
13.800000, -0.800000, 5
13.950000, -0.800000, 5
14.100000, -0.800000, 5
14.250000, -0.800000, 5
14.400000, -0.800000, 5
14.550000, -0.800000, 5
14.700000, -0.800000, 5
14.850000, -0.800000, 5
-15.000000, -0.750000, 11
-14.850000, -0.750000, 11
-14.700000, -0.750000, 11
-14.550000, -0.750000, 11
-14.400000, -0.750000, 11
-14.250000, -0.750000, 11
-14.100000, -0.750000, 11
-13.950000, -0.750000, 11
-13.800000, -0.750000, 11
-13.650000, -0.750000, 11
-13.500000, -0.750000, 11
-13.350000, -0.750000, 11
-13.200000, -0.750000, 11
-13.050000, -0.750000, 11
-12.900000, -0.750000, 11
-12.750000, -0.750000, 11
-12.600000, -0.750000, 11
-12.450000, -0.750000, 11
-12.300000, -0.750000, 11
-12.150000, -0.750000, 11
-12.000000, -0.750000, 11
-11.850000, -0.750000, 11
-11.700000, -0.750000, 11
-11.550000, -0.750000, 11
-11.400000, -0.750000, 11
-11.250000, -0.750000, 11
-11.100000, -0.750000, 11
-10.950000, -0.750000, 11
-10.800000, -0.750000, 11
-10.650000, -0.750000, 11
-10.500000, -0.750000, 11
-10.350000, -0.750000, 11
-10.200000, -0.750000, 11
-10.050000, -0.750000, 11
-9.900000, -0.750000, 11
-9.750000, -0.750000, 11
-9.600000, -0.750000, 11
-9.450000, -0.750000, 11
-9.300000, -0.750000, 11
-9.150000, -0.750000, 11
-9.000000, -0.750000, 11
-8.850000, -0.750000, 11
-8.700000, -0.750000, 11
-8.550000, -0.750000, 11
-8.400000, -0.750000, 11
-8.250000, -0.750000, 11
-8.100000, -0.750000, 11
-7.950000, -0.750000, 11
-7.800000, -0.750000, 11
-7.650000, -0.750000, 11
-7.500000, -0.750000, 11
-7.350000, -0.750000, 11
-7.200000, -0.750000, 11
-7.050000, -0.750000, 11
-6.900000, -0.750000, 11
-6.750000, -0.750000, 11
-6.600000, -0.750000, 11
-6.450000, -0.750000, 11
-6.300000, -0.750000, 11
-6.150000, -0.750000, 11
-6.000000, -0.750000, 11
-5.850000, -0.750000, 11
-5.700000, -0.750000, 11
-5.550000, -0.750000, 11
-5.400000, -0.750000, 11
-5.250000, -0.750000, 11
-5.100000, -0.750000, 11
-4.950000, -0.750000, 11
-4.800000, -0.750000, 0
-4.650000, -0.750000, 0
-4.500000, -0.750000, 0
-4.350000, -0.750000, 0
-4.200000, -0.750000, 0
-4.050000, -0.750000, 0
-3.900000, -0.750000, 0
-3.750000, -0.750000, 0
-3.600000, -0.750000, 0
-3.450000, -0.750000, 0
-3.300000, -0.750000, 0
-3.150000, -0.750000, 0
-3.000000, -0.750000, 0
-2.850000, -0.750000, 0
-2.700000, -0.750000, 2
-2.550000, -0.750000, 2
-2.400000, -0.750000, 2
-2.250000, -0.750000, 2
-2.100000, -0.750000, 2
-1.950000, -0.750000, 2
-1.800000, -0.750000, 2
-1.650000, -0.750000, 2
-1.500000, -0.750000, 2
-1.350000, -0.750000, 1
-1.200000, -0.750000, 3
-1.050000, -0.750000, 3
-0.900000, -0.750000, 7
-0.750000, -0.750000, 7
-0.600000, -0.750000, 7
-0.450000, -0.750000, 6
-0.300000, -0.750000, 8
-0.150000, -0.750000, 3
-0.000000, -0.750000, 3
0.150000, -0.750000, 3
0.300000, -0.750000, 3
0.450000, -0.750000, 3
0.600000, -0.750000, 3
0.750000, -0.750000, 8
0.900000, -0.750000, 1
1.050000, -0.750000, 1
1.200000, -0.750000, 1
1.350000, -0.750000, 1
1.500000, -0.750000, 1
1.650000, -0.750000, 1
1.800000, -0.750000, 1
1.950000, -0.750000, 3
2.100000, -0.750000, 3
2.250000, -0.750000, 3
2.400000, -0.750000, 3
2.550000, -0.750000, 9
2.700000, -0.750000, 2
2.850000, -0.750000, 4
3.000000, -0.750000, 5
3.150000, -0.750000, 4
3.300000, -0.750000, 3
3.450000, -0.750000, 10
3.600000, -0.750000, 2
3.750000, -0.750000, 5
3.900000, -0.750000, 5
4.050000, -0.750000, 5
4.200000, -0.750000, 5
4.350000, -0.750000, 5
4.500000, -0.750000, 5
4.650000, -0.750000, 5
4.800000, -0.750000, 5
4.950000, -0.750000, 5
5.100000, -0.750000, 5
5.250000, -0.750000, 5
5.400000, -0.750000, 5
5.550000, -0.750000, 5
5.700000, -0.750000, 5
5.850000, -0.750000, 5
6.000000, -0.750000, 5
6.150000, -0.750000, 5
6.300000, -0.750000, 5
6.450000, -0.750000, 5
6.600000, -0.750000, 5
6.750000, -0.750000, 5
6.900000, -0.750000, 5
7.050000, -0.750000, 5
7.200000, -0.750000, 5
7.350000, -0.750000, 5
7.500000, -0.750000, 5
7.650000, -0.750000, 5
7.800000, -0.750000, 5
7.950000, -0.750000, 5
8.100000, -0.750000, 5
8.250000, -0.750000, 5
8.400000, -0.750000, 5
8.550000, -0.750000, 5
8.700000, -0.750000, 5
8.850000, -0.750000, 5
9.000000, -0.750000, 5
9.150000, -0.750000, 5
9.300000, -0.750000, 5
9.450000, -0.750000, 5
9.600000, -0.750000, 5
9.750000, -0.750000, 5
9.900000, -0.750000, 5
10.050000, -0.750000, 5
10.200000, -0.750000, 5
10.350000, -0.750000, 5
10.500000, -0.750000, 5
10.650000, -0.750000, 5
10.800000, -0.750000, 5
10.950000, -0.750000, 5
11.100000, -0.750000, 5
11.250000, -0.750000, 5
11.400000, -0.750000, 5
11.550000, -0.750000, 5
11.700000, -0.750000, 5
11.850000, -0.750000, 5
12.000000, -0.750000, 5
12.150000, -0.750000, 5
12.300000, -0.750000, 5
12.450000, -0.750000, 5
12.600000, -0.750000, 5
12.750000, -0.750000, 5
12.900000, -0.750000, 5
13.050000, -0.750000, 5
13.200000, -0.750000, 5
13.350000, -0.750000, 5
13.500000, -0.750000, 5
13.650000, -0.750000, 5
13.800000, -0.750000, 5
13.950000, -0.750000, 5
14.100000, -0.750000, 5
14.250000, -0.750000, 5
14.400000, -0.750000, 5
14.550000, -0.750000, 5
14.700000, -0.750000, 5
14.850000, -0.750000, 5
-15.000000, -0.700000, 11
-14.850000, -0.700000, 11
-14.700000, -0.700000, 11
-14.550000, -0.700000, 11
-14.400000, -0.700000, 11
-14.250000, -0.700000, 11
-14.100000, -0.700000, 11
-13.950000, -0.700000, 11
-13.800000, -0.700000, 11
-13.650000, -0.700000, 11
-13.500000, -0.700000, 11
-13.350000, -0.700000, 11
-13.200000, -0.700000, 11
-13.050000, -0.700000, 11
-12.900000, -0.700000, 11
-12.750000, -0.700000, 11
-12.600000, -0.700000, 11
-12.450000, -0.700000, 11
-12.300000, -0.700000, 11
-12.150000, -0.700000, 11
-12.000000, -0.700000, 11
-11.850000, -0.700000, 11
-11.700000, -0.700000, 11
-11.550000, -0.700000, 11
-11.400000, -0.700000, 11
-11.250000, -0.700000, 11
-11.100000, -0.700000, 11
-10.950000, -0.700000, 11
-10.800000, -0.700000, 11
-10.650000, -0.700000, 11
-10.500000, -0.700000, 11
-10.350000, -0.700000, 11
-10.200000, -0.700000, 11
-10.050000, -0.700000, 11
-9.900000, -0.700000, 11
-9.750000, -0.700000, 11
-9.600000, -0.700000, 11
-9.450000, -0.700000, 11
-9.300000, -0.700000, 11
-9.150000, -0.700000, 11
-9.000000, -0.700000, 11
-8.850000, -0.700000, 11
-8.700000, -0.700000, 11
-8.550000, -0.700000, 11
-8.400000, -0.700000, 11
-8.250000, -0.700000, 11
-8.100000, -0.700000, 11
-7.950000, -0.700000, 11
-7.800000, -0.700000, 11
-7.650000, -0.700000, 11
-7.500000, -0.700000, 11
-7.350000, -0.700000, 11
-7.200000, -0.700000, 11
-7.050000, -0.700000, 11
-6.900000, -0.700000, 11
-6.750000, -0.700000, 11
-6.600000, -0.700000, 11
-6.450000, -0.700000, 11
-6.300000, -0.700000, 11
-6.150000, -0.700000, 11
-6.000000, -0.700000, 11
-5.850000, -0.700000, 11
-5.700000, -0.700000, 11
-5.550000, -0.700000, 11
-5.400000, -0.700000, 11
-5.250000, -0.700000, 11
-5.100000, -0.700000, 11
-4.950000, -0.700000, 11
-4.800000, -0.700000, 11
-4.650000, -0.700000, 2
-4.500000, -0.700000, 0
-4.350000, -0.700000, 0
-4.200000, -0.700000, 0
-4.050000, -0.700000, 0
-3.900000, -0.700000, 0
-3.750000, -0.700000, 0
-3.600000, -0.700000, 0
-3.450000, -0.700000, 0
-3.300000, -0.700000, 0
-3.150000, -0.700000, 0
-3.000000, -0.700000, 0
-2.850000, -0.700000, 0
-2.700000, -0.700000, 2
-2.550000, -0.700000, 2
-2.400000, -0.700000, 2
-2.250000, -0.700000, 2
-2.100000, -0.700000, 2
-1.950000, -0.700000, 2
-1.800000, -0.700000, 2
-1.650000, -0.700000, 2
-1.500000, -0.700000, 2
-1.350000, -0.700000, 5
-1.200000, -0.700000, 5
-1.050000, -0.700000, 3
-0.900000, -0.700000, 6
-0.750000, -0.700000, 7
-0.600000, -0.700000, 7
-0.450000, -0.700000, 2
-0.300000, -0.700000, 8
-0.150000, -0.700000, 3
-0.000000, -0.700000, 3
0.150000, -0.700000, 3
0.300000, -0.700000, 3
0.450000, -0.700000, 3
0.600000, -0.700000, 3
0.750000, -0.700000, 3
0.900000, -0.700000, 1
1.050000, -0.700000, 1
1.200000, -0.700000, 1
1.350000, -0.700000, 1
1.500000, -0.700000, 1
1.650000, -0.700000, 1
1.800000, -0.700000, 9
1.950000, -0.700000, 3
2.100000, -0.700000, 3
2.250000, -0.700000, 3
2.400000, -0.700000, 1
2.550000, -0.700000, 6
2.700000, -0.700000, 0
2.850000, -0.700000, 4
3.000000, -0.700000, 3
3.150000, -0.700000, 4
3.300000, -0.700000, 7
3.450000, -0.700000, 5
3.600000, -0.700000, 5
3.750000, -0.700000, 5
3.900000, -0.700000, 5
4.050000, -0.700000, 5
4.200000, -0.700000, 5
4.350000, -0.700000, 5
4.500000, -0.700000, 5
4.650000, -0.700000, 5
4.800000, -0.700000, 5
4.950000, -0.700000, 5
5.100000, -0.700000, 5
5.250000, -0.700000, 5
5.400000, -0.700000, 5
5.550000, -0.700000, 5
5.700000, -0.700000, 5
5.850000, -0.700000, 5
6.000000, -0.700000, 5
6.150000, -0.700000, 5
6.300000, -0.700000, 5
6.450000, -0.700000, 5
6.600000, -0.700000, 5
6.750000, -0.700000, 5
6.900000, -0.700000, 5
7.050000, -0.700000, 5
7.200000, -0.700000, 5
7.350000, -0.700000, 5
7.500000, -0.700000, 5
7.650000, -0.700000, 5
7.800000, -0.700000, 5
7.950000, -0.700000, 5
8.100000, -0.700000, 5
8.250000, -0.700000, 5
8.400000, -0.700000, 5
8.550000, -0.700000, 5
8.700000, -0.700000, 5
8.850000, -0.700000, 5
9.000000, -0.700000, 5
9.150000, -0.700000, 5
9.300000, -0.700000, 5
9.450000, -0.700000, 5
9.600000, -0.700000, 5
9.750000, -0.700000, 5
9.900000, -0.700000, 5
10.050000, -0.700000, 5
10.200000, -0.700000, 5
10.350000, -0.700000, 5
10.500000, -0.700000, 5
10.650000, -0.700000, 5
10.800000, -0.700000, 5
10.950000, -0.700000, 5
11.100000, -0.700000, 5
11.250000, -0.700000, 5
11.400000, -0.700000, 5
11.550000, -0.700000, 5
11.700000, -0.700000, 5
11.850000, -0.700000, 5
12.000000, -0.700000, 5
12.150000, -0.700000, 5
12.300000, -0.700000, 5
12.450000, -0.700000, 5
12.600000, -0.700000, 5
12.750000, -0.700000, 5
12.900000, -0.700000, 5
13.050000, -0.700000, 5
13.200000, -0.700000, 5
13.350000, -0.700000, 5
13.500000, -0.700000, 5
13.650000, -0.700000, 5
13.800000, -0.700000, 5
13.950000, -0.700000, 5
14.100000, -0.700000, 5
14.250000, -0.700000, 5
14.400000, -0.700000, 5
14.550000, -0.700000, 5
14.700000, -0.700000, 5
14.850000, -0.700000, 5
-15.000000, -0.650000, 11
-14.850000, -0.650000, 11
-14.700000, -0.650000, 11
-14.550000, -0.650000, 11
-14.400000, -0.650000, 11
-14.250000, -0.650000, 11
-14.100000, -0.650000, 11
-13.950000, -0.650000, 11
-13.800000, -0.650000, 11
-13.650000, -0.650000, 11
-13.500000, -0.650000, 11
-13.350000, -0.650000, 11
-13.200000, -0.650000, 11
-13.050000, -0.650000, 11
-12.900000, -0.650000, 11
-12.750000, -0.650000, 11
-12.600000, -0.650000, 11
-12.450000, -0.650000, 11
-12.300000, -0.650000, 11
-12.150000, -0.650000, 11
-12.000000, -0.650000, 11
-11.850000, -0.650000, 11
-11.700000, -0.650000, 11
-11.550000, -0.650000, 11
-11.400000, -0.650000, 11
-11.250000, -0.650000, 11
-11.100000, -0.650000, 11
-10.950000, -0.650000, 11
-10.800000, -0.650000, 11
-10.650000, -0.650000, 11
-10.500000, -0.650000, 11
-10.350000, -0.650000, 11
-10.200000, -0.650000, 11
-10.050000, -0.650000, 11
-9.900000, -0.650000, 11
-9.750000, -0.650000, 11
-9.600000, -0.650000, 11
-9.450000, -0.650000, 11
-9.300000, -0.650000, 11
-9.150000, -0.650000, 11
-9.000000, -0.650000, 11
-8.850000, -0.650000, 11
-8.700000, -0.650000, 11
-8.550000, -0.650000, 11
-8.400000, -0.650000, 11
-8.250000, -0.650000, 11
-8.100000, -0.650000, 11
-7.950000, -0.650000, 11
-7.800000, -0.650000, 11
-7.650000, -0.650000, 11
-7.500000, -0.650000, 11
-7.350000, -0.650000, 11
-7.200000, -0.650000, 11
-7.050000, -0.650000, 11
-6.900000, -0.650000, 11
-6.750000, -0.650000, 11
-6.600000, -0.650000, 11
-6.450000, -0.650000, 11
-6.300000, -0.650000, 11
-6.150000, -0.650000, 11
-6.000000, -0.650000, 11
-5.850000, -0.650000, 11
-5.700000, -0.650000, 11
-5.550000, -0.650000, 11
-5.400000, -0.650000, 11
-5.250000, -0.650000, 11
-5.100000, -0.650000, 11
-4.950000, -0.650000, 11
-4.800000, -0.650000, 11
-4.650000, -0.650000, 11
-4.500000, -0.650000, 0
-4.350000, -0.650000, 0
-4.200000, -0.650000, 0
-4.050000, -0.650000, 0
-3.900000, -0.650000, 0
-3.750000, -0.650000, 0
-3.600000, -0.650000, 0
-3.450000, -0.650000, 0
-3.300000, -0.650000, 0
-3.150000, -0.650000, 0
-3.000000, -0.650000, 0
-2.850000, -0.650000, 0
-2.700000, -0.650000, 0
-2.550000, -0.650000, 7
-2.400000, -0.650000, 2
-2.250000, -0.650000, 2
-2.100000, -0.650000, 2
-1.950000, -0.650000, 2
-1.800000, -0.650000, 2
-1.650000, -0.650000, 2
-1.500000, -0.650000, 2
-1.350000, -0.650000, 2
-1.200000, -0.650000, 8
-1.050000, -0.650000, 1
-0.900000, -0.650000, 3
-0.750000, -0.650000, 3
-0.600000, -0.650000, 5
-0.450000, -0.650000, 4
-0.300000, -0.650000, 1
-0.150000, -0.650000, 3
-0.000000, -0.650000, 3
0.150000, -0.650000, 3
0.300000, -0.650000, 3
0.450000, -0.650000, 3
0.600000, -0.650000, 3
0.750000, -0.650000, 1
0.900000, -0.650000, 1
1.050000, -0.650000, 1
1.200000, -0.650000, 1
1.350000, -0.650000, 1
1.500000, -0.650000, 1
1.650000, -0.650000, 1
1.800000, -0.650000, 8
1.950000, -0.650000, 3
2.100000, -0.650000, 3
2.250000, -0.650000, 7
2.400000, -0.650000, 6
2.550000, -0.650000, 4
2.700000, -0.650000, 3
2.850000, -0.650000, 6
3.000000, -0.650000, 1
3.150000, -0.650000, 5
3.300000, -0.650000, 5
3.450000, -0.650000, 5
3.600000, -0.650000, 5
3.750000, -0.650000, 5
3.900000, -0.650000, 5
4.050000, -0.650000, 5
4.200000, -0.650000, 5
4.350000, -0.650000, 5
4.500000, -0.650000, 5
4.650000, -0.650000, 5
4.800000, -0.650000, 5
4.950000, -0.650000, 5
5.100000, -0.650000, 5
5.250000, -0.650000, 5
5.400000, -0.650000, 5
5.550000, -0.650000, 5
5.700000, -0.650000, 5
5.850000, -0.650000, 5
6.000000, -0.650000, 5
6.150000, -0.650000, 5
6.300000, -0.650000, 5
6.450000, -0.650000, 5
6.600000, -0.650000, 5
6.750000, -0.650000, 5
6.900000, -0.650000, 5
7.050000, -0.650000, 5
7.200000, -0.650000, 5
7.350000, -0.650000, 5
7.500000, -0.650000, 5
7.650000, -0.650000, 5
7.800000, -0.650000, 5
7.950000, -0.650000, 5
8.100000, -0.650000, 5
8.250000, -0.650000, 5
8.400000, -0.650000, 5
8.550000, -0.650000, 5
8.700000, -0.650000, 5
8.850000, -0.650000, 5
9.000000, -0.650000, 5
9.150000, -0.650000, 5
9.300000, -0.650000, 5
9.450000, -0.650000, 5
9.600000, -0.650000, 5
9.750000, -0.650000, 5
9.900000, -0.650000, 5
10.050000, -0.650000, 5
10.200000, -0.650000, 5
10.350000, -0.650000, 5
10.500000, -0.650000, 5
10.650000, -0.650000, 5
10.800000, -0.650000, 5
10.950000, -0.650000, 5
11.100000, -0.650000, 5
11.250000, -0.650000, 5
11.400000, -0.650000, 5
11.550000, -0.650000, 5
11.700000, -0.650000, 5
11.850000, -0.650000, 5
12.000000, -0.650000, 5
12.150000, -0.650000, 5
12.300000, -0.650000, 5
12.450000, -0.650000, 5
12.600000, -0.650000, 5
12.750000, -0.650000, 5
12.900000, -0.650000, 5
13.050000, -0.650000, 5
13.200000, -0.650000, 5
13.350000, -0.650000, 5
13.500000, -0.650000, 5
13.650000, -0.650000, 5
13.800000, -0.650000, 5
13.950000, -0.650000, 5
14.100000, -0.650000, 5
14.250000, -0.650000, 5
14.400000, -0.650000, 5
14.550000, -0.650000, 5
14.700000, -0.650000, 5
14.850000, -0.650000, 5
-15.000000, -0.600000, 11
-14.850000, -0.600000, 11
-14.700000, -0.600000, 11
-14.550000, -0.600000, 11
-14.400000, -0.600000, 11
-14.250000, -0.600000, 11
-14.100000, -0.600000, 11
-13.950000, -0.600000, 11
-13.800000, -0.600000, 11
-13.650000, -0.600000, 11
-13.500000, -0.600000, 11
-13.350000, -0.600000, 11
-13.200000, -0.600000, 11
-13.050000, -0.600000, 11
-12.900000, -0.600000, 11
-12.750000, -0.600000, 11
-12.600000, -0.600000, 11
-12.450000, -0.600000, 11
-12.300000, -0.600000, 11
-12.150000, -0.600000, 11
-12.000000, -0.600000, 11
-11.850000, -0.600000, 11
-11.700000, -0.600000, 11
-11.550000, -0.600000, 11
-11.400000, -0.600000, 11
-11.250000, -0.600000, 11
-11.100000, -0.600000, 11
-10.950000, -0.600000, 11
-10.800000, -0.600000, 11
-10.650000, -0.600000, 11
-10.500000, -0.600000, 11
-10.350000, -0.600000, 11
-10.200000, -0.600000, 11
-10.050000, -0.600000, 11
-9.900000, -0.600000, 11
-9.750000, -0.600000, 11
-9.600000, -0.600000, 11
-9.450000, -0.600000, 11
-9.300000, -0.600000, 11
-9.150000, -0.600000, 11
-9.000000, -0.600000, 11
-8.850000, -0.600000, 11
-8.700000, -0.600000, 11
-8.550000, -0.600000, 11
-8.400000, -0.600000, 11
-8.250000, -0.600000, 11
-8.100000, -0.600000, 11
-7.950000, -0.600000, 11
-7.800000, -0.600000, 11
-7.650000, -0.600000, 11
-7.500000, -0.600000, 11
-7.350000, -0.600000, 11
-7.200000, -0.600000, 11
-7.050000, -0.600000, 11
-6.900000, -0.600000, 11
-6.750000, -0.600000, 11
-6.600000, -0.600000, 11
-6.450000, -0.600000, 11
-6.300000, -0.600000, 11
-6.150000, -0.600000, 11
-6.000000, -0.600000, 11
-5.850000, -0.600000, 11
-5.700000, -0.600000, 11
-5.550000, -0.600000, 11
-5.400000, -0.600000, 11
-5.250000, -0.600000, 11
-5.100000, -0.600000, 11
-4.950000, -0.600000, 11
-4.800000, -0.600000, 11
-4.650000, -0.600000, 11
-4.500000, -0.600000, 0
-4.350000, -0.600000, 7
-4.200000, -0.600000, 0
-4.050000, -0.600000, 0
-3.900000, -0.600000, 0
-3.750000, -0.600000, 0
-3.600000, -0.600000, 0
-3.450000, -0.600000, 0
-3.300000, -0.600000, 0
-3.150000, -0.600000, 0
-3.000000, -0.600000, 0
-2.850000, -0.600000, 0
-2.700000, -0.600000, 0
-2.550000, -0.600000, 2
-2.400000, -0.600000, 2
-2.250000, -0.600000, 2
-2.100000, -0.600000, 2
-1.950000, -0.600000, 2
-1.800000, -0.600000, 2
-1.650000, -0.600000, 2
-1.500000, -0.600000, 2
-1.350000, -0.600000, 2
-1.200000, -0.600000, 5
-1.050000, -0.600000, 5
-0.900000, -0.600000, 3
-0.750000, -0.600000, 3
-0.600000, -0.600000, 3
-0.450000, -0.600000, 2
-0.300000, -0.600000, 1
-0.150000, -0.600000, 3
-0.000000, -0.600000, 3
0.150000, -0.600000, 3
0.300000, -0.600000, 3
0.450000, -0.600000, 3
0.600000, -0.600000, 8
0.750000, -0.600000, 1
0.900000, -0.600000, 1
1.050000, -0.600000, 1
1.200000, -0.600000, 1
1.350000, -0.600000, 1
1.500000, -0.600000, 1
1.650000, -0.600000, 3
1.800000, -0.600000, 3
1.950000, -0.600000, 3
2.100000, -0.600000, 4
2.250000, -0.600000, 11
2.400000, -0.600000, 4
2.550000, -0.600000, 10
2.700000, -0.600000, 3
2.850000, -0.600000, 1
3.000000, -0.600000, 4
3.150000, -0.600000, 5
3.300000, -0.600000, 5
3.450000, -0.600000, 5
3.600000, -0.600000, 5
3.750000, -0.600000, 5
3.900000, -0.600000, 5
4.050000, -0.600000, 5
4.200000, -0.600000, 5
4.350000, -0.600000, 5
4.500000, -0.600000, 5
4.650000, -0.600000, 5
4.800000, -0.600000, 5
4.950000, -0.600000, 5
5.100000, -0.600000, 5
5.250000, -0.600000, 5
5.400000, -0.600000, 5
5.550000, -0.600000, 5
5.700000, -0.600000, 5
5.850000, -0.600000, 5
6.000000, -0.600000, 5
6.150000, -0.600000, 5
6.300000, -0.600000, 5
6.450000, -0.600000, 5
6.600000, -0.600000, 5
6.750000, -0.600000, 5
6.900000, -0.600000, 5
7.050000, -0.600000, 5
7.200000, -0.600000, 5
7.350000, -0.600000, 5
7.500000, -0.600000, 5
7.650000, -0.600000, 5
7.800000, -0.600000, 5
7.950000, -0.600000, 5
8.100000, -0.600000, 5
8.250000, -0.600000, 5
8.400000, -0.600000, 5
8.550000, -0.600000, 5
8.700000, -0.600000, 5
8.850000, -0.600000, 5
9.000000, -0.600000, 5
9.150000, -0.600000, 5
9.300000, -0.600000, 5
9.450000, -0.600000, 5
9.600000, -0.600000, 5
9.750000, -0.600000, 5
9.900000, -0.600000, 5
10.050000, -0.600000, 5
10.200000, -0.600000, 5
10.350000, -0.600000, 5
10.500000, -0.600000, 5
10.650000, -0.600000, 5
10.800000, -0.600000, 5
10.950000, -0.600000, 5
11.100000, -0.600000, 5
11.250000, -0.600000, 5
11.400000, -0.600000, 5
11.550000, -0.600000, 5
11.700000, -0.600000, 5
11.850000, -0.600000, 5
12.000000, -0.600000, 5
12.150000, -0.600000, 5
12.300000, -0.600000, 5
12.450000, -0.600000, 5
12.600000, -0.600000, 5
12.750000, -0.600000, 5
12.900000, -0.600000, 5
13.050000, -0.600000, 5
13.200000, -0.600000, 5
13.350000, -0.600000, 5
13.500000, -0.600000, 5
13.650000, -0.600000, 5
13.800000, -0.600000, 5
13.950000, -0.600000, 5
14.100000, -0.600000, 5
14.250000, -0.600000, 5
14.400000, -0.600000, 5
14.550000, -0.600000, 5
14.700000, -0.600000, 5
14.850000, -0.600000, 5
-15.000000, -0.550000, 11
-14.850000, -0.550000, 11
-14.700000, -0.550000, 11
-14.550000, -0.550000, 11
-14.400000, -0.550000, 11
-14.250000, -0.550000, 11
-14.100000, -0.550000, 11
-13.950000, -0.550000, 11
-13.800000, -0.550000, 11
-13.650000, -0.550000, 11
-13.500000, -0.550000, 11
-13.350000, -0.550000, 11
-13.200000, -0.550000, 11
-13.050000, -0.550000, 11
-12.900000, -0.550000, 11
-12.750000, -0.550000, 11
-12.600000, -0.550000, 11
-12.450000, -0.550000, 11
-12.300000, -0.550000, 11
-12.150000, -0.550000, 11
-12.000000, -0.550000, 11
-11.850000, -0.550000, 11
-11.700000, -0.550000, 11
-11.550000, -0.550000, 11
-11.400000, -0.550000, 11
-11.250000, -0.550000, 11
-11.100000, -0.550000, 11
-10.950000, -0.550000, 11
-10.800000, -0.550000, 11
-10.650000, -0.550000, 11
-10.500000, -0.550000, 11
-10.350000, -0.550000, 11
-10.200000, -0.550000, 11
-10.050000, -0.550000, 11
-9.900000, -0.550000, 11
-9.750000, -0.550000, 11
-9.600000, -0.550000, 11
-9.450000, -0.550000, 11
-9.300000, -0.550000, 11
-9.150000, -0.550000, 11
-9.000000, -0.550000, 11
-8.850000, -0.550000, 11
-8.700000, -0.550000, 11
-8.550000, -0.550000, 11
-8.400000, -0.550000, 11
-8.250000, -0.550000, 11
-8.100000, -0.550000, 11
-7.950000, -0.550000, 11
-7.800000, -0.550000, 11
-7.650000, -0.550000, 11
-7.500000, -0.550000, 11
-7.350000, -0.550000, 11
-7.200000, -0.550000, 11
-7.050000, -0.550000, 11
-6.900000, -0.550000, 11
-6.750000, -0.550000, 11
-6.600000, -0.550000, 11
-6.450000, -0.550000, 11
-6.300000, -0.550000, 11
-6.150000, -0.550000, 11
-6.000000, -0.550000, 11
-5.850000, -0.550000, 11
-5.700000, -0.550000, 11
-5.550000, -0.550000, 11
-5.400000, -0.550000, 11
-5.250000, -0.550000, 11
-5.100000, -0.550000, 11
-4.950000, -0.550000, 11
-4.800000, -0.550000, 11
-4.650000, -0.550000, 11
-4.500000, -0.550000, 11
-4.350000, -0.550000, 0
-4.200000, -0.550000, 0
-4.050000, -0.550000, 0
-3.900000, -0.550000, 0
-3.750000, -0.550000, 0
-3.600000, -0.550000, 0
-3.450000, -0.550000, 0
-3.300000, -0.550000, 0
-3.150000, -0.550000, 0
-3.000000, -0.550000, 0
-2.850000, -0.550000, 0
-2.700000, -0.550000, 0
-2.550000, -0.550000, 0
-2.400000, -0.550000, 6
-2.250000, -0.550000, 2
-2.100000, -0.550000, 2
-1.950000, -0.550000, 2
-1.800000, -0.550000, 2
-1.650000, -0.550000, 2
-1.500000, -0.550000, 2
-1.350000, -0.550000, 2
-1.200000, -0.550000, 2
-1.050000, -0.550000, 5
-0.900000, -0.550000, 7
-0.750000, -0.550000, 3
-0.600000, -0.550000, 3
-0.450000, -0.550000, 8
-0.300000, -0.550000, 3
-0.150000, -0.550000, 3
-0.000000, -0.550000, 3
0.150000, -0.550000, 3
0.300000, -0.550000, 3
0.450000, -0.550000, 3
0.600000, -0.550000, 3
0.750000, -0.550000, 1
0.900000, -0.550000, 1
1.050000, -0.550000, 1
1.200000, -0.550000, 1
1.350000, -0.550000, 1
1.500000, -0.550000, 8
1.650000, -0.550000, 3
1.800000, -0.550000, 3
1.950000, -0.550000, 10
2.100000, -0.550000, 0
2.250000, -0.550000, 2
2.400000, -0.550000, 6
2.550000, -0.550000, 1
2.700000, -0.550000, 5
2.850000, -0.550000, 5
3.000000, -0.550000, 5
3.150000, -0.550000, 5
3.300000, -0.550000, 5
3.450000, -0.550000, 5
3.600000, -0.550000, 5
3.750000, -0.550000, 5
3.900000, -0.550000, 5
4.050000, -0.550000, 5
4.200000, -0.550000, 5
4.350000, -0.550000, 5
4.500000, -0.550000, 5
4.650000, -0.550000, 5
4.800000, -0.550000, 5
4.950000, -0.550000, 5
5.100000, -0.550000, 5
5.250000, -0.550000, 5
5.400000, -0.550000, 5
5.550000, -0.550000, 5
5.700000, -0.550000, 5
5.850000, -0.550000, 5
6.000000, -0.550000, 5
6.150000, -0.550000, 5
6.300000, -0.550000, 5
6.450000, -0.550000, 5
6.600000, -0.550000, 5
6.750000, -0.550000, 5
6.900000, -0.550000, 5
7.050000, -0.550000, 5
7.200000, -0.550000, 5
7.350000, -0.550000, 5
7.500000, -0.550000, 5
7.650000, -0.550000, 5
7.800000, -0.550000, 5
7.950000, -0.550000, 5
8.100000, -0.550000, 5
8.250000, -0.550000, 5
8.400000, -0.550000, 5
8.550000, -0.550000, 5
8.700000, -0.550000, 5
8.850000, -0.550000, 5
9.000000, -0.550000, 5
9.150000, -0.550000, 5
9.300000, -0.550000, 5
9.450000, -0.550000, 5
9.600000, -0.550000, 5
9.750000, -0.550000, 5
9.900000, -0.550000, 5
10.050000, -0.550000, 5
10.200000, -0.550000, 5
10.350000, -0.550000, 5
10.500000, -0.550000, 5
10.650000, -0.550000, 5
10.800000, -0.550000, 5
10.950000, -0.550000, 5
11.100000, -0.550000, 5
11.250000, -0.550000, 5
11.400000, -0.550000, 5
11.550000, -0.550000, 5
11.700000, -0.550000, 5
11.850000, -0.550000, 5
12.000000, -0.550000, 5
12.150000, -0.550000, 5
12.300000, -0.550000, 5
12.450000, -0.550000, 5
12.600000, -0.550000, 5
12.750000, -0.550000, 5
12.900000, -0.550000, 5
13.050000, -0.550000, 5
13.200000, -0.550000, 5
13.350000, -0.550000, 5
13.500000, -0.550000, 5
13.650000, -0.550000, 5
13.800000, -0.550000, 5
13.950000, -0.550000, 5
14.100000, -0.550000, 5
14.250000, -0.550000, 5
14.400000, -0.550000, 5
14.550000, -0.550000, 5
14.700000, -0.550000, 5
14.850000, -0.550000, 5
-15.000000, -0.500000, 11
-14.850000, -0.500000, 11
-14.700000, -0.500000, 11
-14.550000, -0.500000, 11
-14.400000, -0.500000, 11
-14.250000, -0.500000, 11
-14.100000, -0.500000, 11
-13.950000, -0.500000, 11
-13.800000, -0.500000, 11
-13.650000, -0.500000, 11
-13.500000, -0.500000, 11
-13.350000, -0.500000, 11
-13.200000, -0.500000, 11
-13.050000, -0.500000, 11
-12.900000, -0.500000, 11
-12.750000, -0.500000, 11
-12.600000, -0.500000, 11
-12.450000, -0.500000, 11
-12.300000, -0.500000, 11
-12.150000, -0.500000, 11
-12.000000, -0.500000, 11
-11.850000, -0.500000, 11
-11.700000, -0.500000, 11
-11.550000, -0.500000, 11
-11.400000, -0.500000, 11
-11.250000, -0.500000, 11
-11.100000, -0.500000, 11
-10.950000, -0.500000, 11
-10.800000, -0.500000, 11
-10.650000, -0.500000, 11
-10.500000, -0.500000, 11
-10.350000, -0.500000, 11
-10.200000, -0.500000, 11
-10.050000, -0.500000, 11
-9.900000, -0.500000, 11
-9.750000, -0.500000, 11
-9.600000, -0.500000, 11
-9.450000, -0.500000, 11
-9.300000, -0.500000, 11
-9.150000, -0.500000, 11
-9.000000, -0.500000, 11
-8.850000, -0.500000, 11
-8.700000, -0.500000, 11
-8.550000, -0.500000, 11
-8.400000, -0.500000, 11
-8.250000, -0.500000, 11
-8.100000, -0.500000, 11
-7.950000, -0.500000, 11
-7.800000, -0.500000, 11
-7.650000, -0.500000, 11
-7.500000, -0.500000, 11
-7.350000, -0.500000, 11
-7.200000, -0.500000, 11
-7.050000, -0.500000, 11
-6.900000, -0.500000, 11
-6.750000, -0.500000, 11
-6.600000, -0.500000, 11
-6.450000, -0.500000, 11
-6.300000, -0.500000, 11
-6.150000, -0.500000, 11
-6.000000, -0.500000, 11
-5.850000, -0.500000, 11
-5.700000, -0.500000, 11
-5.550000, -0.500000, 11
-5.400000, -0.500000, 11
-5.250000, -0.500000, 11
-5.100000, -0.500000, 11
-4.950000, -0.500000, 11
-4.800000, -0.500000, 11
-4.650000, -0.500000, 11
-4.500000, -0.500000, 11
-4.350000, -0.500000, 11
-4.200000, -0.500000, 0
-4.050000, -0.500000, 0
-3.900000, -0.500000, 0
-3.750000, -0.500000, 0
-3.600000, -0.500000, 0
-3.450000, -0.500000, 0
-3.300000, -0.500000, 0
-3.150000, -0.500000, 0
-3.000000, -0.500000, 0
-2.850000, -0.500000, 0
-2.700000, -0.500000, 0
-2.550000, -0.500000, 0
-2.400000, -0.500000, 0
-2.250000, -0.500000, 2
-2.100000, -0.500000, 2
-1.950000, -0.500000, 2
-1.800000, -0.500000, 2
-1.650000, -0.500000, 2
-1.500000, -0.500000, 2
-1.350000, -0.500000, 2
-1.200000, -0.500000, 2
-1.050000, -0.500000, 4
-0.900000, -0.500000, 5
-0.750000, -0.500000, 2
-0.600000, -0.500000, 8
-0.450000, -0.500000, 3
-0.300000, -0.500000, 3
-0.150000, -0.500000, 0
-0.000000, -0.500000, 3
0.150000, -0.500000, 3
0.300000, -0.500000, 3
0.450000, -0.500000, 3
0.600000, -0.500000, 3
0.750000, -0.500000, 1
0.900000, -0.500000, 1
1.050000, -0.500000, 1
1.200000, -0.500000, 1
1.350000, -0.500000, 1
1.500000, -0.500000, 3
1.650000, -0.500000, 3
1.800000, -0.500000, 5
1.950000, -0.500000, 6
2.100000, -0.500000, 3
2.250000, -0.500000, 8
2.400000, -0.500000, 3
2.550000, -0.500000, 5
2.700000, -0.500000, 5
2.850000, -0.500000, 5
3.000000, -0.500000, 5
3.150000, -0.500000, 5
3.300000, -0.500000, 5
3.450000, -0.500000, 5
3.600000, -0.500000, 5
3.750000, -0.500000, 5
3.900000, -0.500000, 5
4.050000, -0.500000, 5
4.200000, -0.500000, 5
4.350000, -0.500000, 5
4.500000, -0.500000, 5
4.650000, -0.500000, 5
4.800000, -0.500000, 5
4.950000, -0.500000, 5
5.100000, -0.500000, 5
5.250000, -0.500000, 5
5.400000, -0.500000, 5
5.550000, -0.500000, 5
5.700000, -0.500000, 5
5.850000, -0.500000, 5
6.000000, -0.500000, 5
6.150000, -0.500000, 5
6.300000, -0.500000, 5
6.450000, -0.500000, 5
6.600000, -0.500000, 5
6.750000, -0.500000, 5
6.900000, -0.500000, 5
7.050000, -0.500000, 5
7.200000, -0.500000, 5
7.350000, -0.500000, 5
7.500000, -0.500000, 5
7.650000, -0.500000, 5
7.800000, -0.500000, 5
7.950000, -0.500000, 5
8.100000, -0.500000, 5
8.250000, -0.500000, 5
8.400000, -0.500000, 5
8.550000, -0.500000, 5
8.700000, -0.500000, 5
8.850000, -0.500000, 5
9.000000, -0.500000, 5
9.150000, -0.500000, 5
9.300000, -0.500000, 5
9.450000, -0.500000, 5
9.600000, -0.500000, 5
9.750000, -0.500000, 5
9.900000, -0.500000, 5
10.050000, -0.500000, 5
10.200000, -0.500000, 5
10.350000, -0.500000, 5
10.500000, -0.500000, 5
10.650000, -0.500000, 5
10.800000, -0.500000, 5
10.950000, -0.500000, 5
11.100000, -0.500000, 5
11.250000, -0.500000, 5
11.400000, -0.500000, 5
11.550000, -0.500000, 5
11.700000, -0.500000, 5
11.850000, -0.500000, 5
12.000000, -0.500000, 5
12.150000, -0.500000, 5
12.300000, -0.500000, 5
12.450000, -0.500000, 5
12.600000, -0.500000, 5
12.750000, -0.500000, 5
12.900000, -0.500000, 5
13.050000, -0.500000, 5
13.200000, -0.500000, 5
13.350000, -0.500000, 5
13.500000, -0.500000, 5
13.650000, -0.500000, 5
13.800000, -0.500000, 5
13.950000, -0.500000, 5
14.100000, -0.500000, 5
14.250000, -0.500000, 5
14.400000, -0.500000, 5
14.550000, -0.500000, 5
14.700000, -0.500000, 5
14.850000, -0.500000, 5
-15.000000, -0.450000, 11
-14.850000, -0.450000, 11
-14.700000, -0.450000, 11
-14.550000, -0.450000, 11
-14.400000, -0.450000, 11
-14.250000, -0.450000, 11
-14.100000, -0.450000, 11
-13.950000, -0.450000, 11
-13.800000, -0.450000, 11
-13.650000, -0.450000, 11
-13.500000, -0.450000, 11
-13.350000, -0.450000, 11
-13.200000, -0.450000, 11
-13.050000, -0.450000, 11
-12.900000, -0.450000, 11
-12.750000, -0.450000, 11
-12.600000, -0.450000, 11
-12.450000, -0.450000, 11
-12.300000, -0.450000, 11
-12.150000, -0.450000, 11
-12.000000, -0.450000, 11
-11.850000, -0.450000, 11
-11.700000, -0.450000, 11
-11.550000, -0.450000, 11
-11.400000, -0.450000, 11
-11.250000, -0.450000, 11
-11.100000, -0.450000, 11
-10.950000, -0.450000, 11
-10.800000, -0.450000, 11
-10.650000, -0.450000, 11
-10.500000, -0.450000, 11
-10.350000, -0.450000, 11
-10.200000, -0.450000, 11
-10.050000, -0.450000, 11
-9.900000, -0.450000, 11
-9.750000, -0.450000, 11
-9.600000, -0.450000, 11
-9.450000, -0.450000, 11
-9.300000, -0.450000, 11
-9.150000, -0.450000, 11
-9.000000, -0.450000, 11
-8.850000, -0.450000, 11
-8.700000, -0.450000, 11
-8.550000, -0.450000, 11
-8.400000, -0.450000, 11
-8.250000, -0.450000, 11
-8.100000, -0.450000, 11
-7.950000, -0.450000, 11
-7.800000, -0.450000, 11
-7.650000, -0.450000, 11
-7.500000, -0.450000, 11
-7.350000, -0.450000, 11
-7.200000, -0.450000, 11
-7.050000, -0.450000, 11
-6.900000, -0.450000, 11
-6.750000, -0.450000, 11
-6.600000, -0.450000, 11
-6.450000, -0.450000, 11
-6.300000, -0.450000, 11
-6.150000, -0.450000, 11
-6.000000, -0.450000, 11
-5.850000, -0.450000, 11
-5.700000, -0.450000, 11
-5.550000, -0.450000, 11
-5.400000, -0.450000, 11
-5.250000, -0.450000, 11
-5.100000, -0.450000, 11
-4.950000, -0.450000, 11
-4.800000, -0.450000, 11
-4.650000, -0.450000, 11
-4.500000, -0.450000, 11
-4.350000, -0.450000, 11
-4.200000, -0.450000, 0
-4.050000, -0.450000, 0
-3.900000, -0.450000, 0
-3.750000, -0.450000, 0
-3.600000, -0.450000, 0
-3.450000, -0.450000, 0
-3.300000, -0.450000, 0
-3.150000, -0.450000, 0
-3.000000, -0.450000, 0
-2.850000, -0.450000, 0
-2.700000, -0.450000, 0
-2.550000, -0.450000, 0
-2.400000, -0.450000, 0
-2.250000, -0.450000, 0
-2.100000, -0.450000, 2
-1.950000, -0.450000, 2
-1.800000, -0.450000, 2
-1.650000, -0.450000, 2
-1.500000, -0.450000, 2
-1.350000, -0.450000, 2
-1.200000, -0.450000, 2
-1.050000, -0.450000, 2
-0.900000, -0.450000, 3
-0.750000, -0.450000, 5
-0.600000, -0.450000, 1
-0.450000, -0.450000, 1
-0.300000, -0.450000, 3
-0.150000, -0.450000, 8
-0.000000, -0.450000, 3
0.150000, -0.450000, 3
0.300000, -0.450000, 3
0.450000, -0.450000, 3
0.600000, -0.450000, 4
0.750000, -0.450000, 1
0.900000, -0.450000, 1
1.050000, -0.450000, 1
1.200000, -0.450000, 1
1.350000, -0.450000, 3
1.500000, -0.450000, 3
1.650000, -0.450000, 5
1.800000, -0.450000, 4
1.950000, -0.450000, 9
2.100000, -0.450000, 1
2.250000, -0.450000, 5
2.400000, -0.450000, 5
2.550000, -0.450000, 5
2.700000, -0.450000, 5
2.850000, -0.450000, 5
3.000000, -0.450000, 5
3.150000, -0.450000, 5
3.300000, -0.450000, 5
3.450000, -0.450000, 5
3.600000, -0.450000, 5
3.750000, -0.450000, 5
3.900000, -0.450000, 5
4.050000, -0.450000, 5
4.200000, -0.450000, 5
4.350000, -0.450000, 5
4.500000, -0.450000, 5
4.650000, -0.450000, 5
4.800000, -0.450000, 5
4.950000, -0.450000, 5
5.100000, -0.450000, 5
5.250000, -0.450000, 5
5.400000, -0.450000, 5
5.550000, -0.450000, 5
5.700000, -0.450000, 5
5.850000, -0.450000, 5
6.000000, -0.450000, 5
6.150000, -0.450000, 5
6.300000, -0.450000, 5
6.450000, -0.450000, 5
6.600000, -0.450000, 5
6.750000, -0.450000, 5
6.900000, -0.450000, 5
7.050000, -0.450000, 5
7.200000, -0.450000, 5
7.350000, -0.450000, 5
7.500000, -0.450000, 5
7.650000, -0.450000, 5
7.800000, -0.450000, 5
7.950000, -0.450000, 5
8.100000, -0.450000, 5
8.250000, -0.450000, 5
8.400000, -0.450000, 5
8.550000, -0.450000, 5
8.700000, -0.450000, 5
8.850000, -0.450000, 5
9.000000, -0.450000, 5
9.150000, -0.450000, 5
9.300000, -0.450000, 5
9.450000, -0.450000, 5
9.600000, -0.450000, 5
9.750000, -0.450000, 5
9.900000, -0.450000, 5
10.050000, -0.450000, 5
10.200000, -0.450000, 5
10.350000, -0.450000, 5
10.500000, -0.450000, 5
10.650000, -0.450000, 5
10.800000, -0.450000, 5
10.950000, -0.450000, 5
11.100000, -0.450000, 5
11.250000, -0.450000, 5
11.400000, -0.450000, 5
11.550000, -0.450000, 5
11.700000, -0.450000, 5
11.850000, -0.450000, 5
12.000000, -0.450000, 5
12.150000, -0.450000, 5
12.300000, -0.450000, 5
12.450000, -0.450000, 5
12.600000, -0.450000, 5
12.750000, -0.450000, 5
12.900000, -0.450000, 5
13.050000, -0.450000, 5
13.200000, -0.450000, 5
13.350000, -0.450000, 5
13.500000, -0.450000, 5
13.650000, -0.450000, 5
13.800000, -0.450000, 5
13.950000, -0.450000, 5
14.100000, -0.450000, 5
14.250000, -0.450000, 5
14.400000, -0.450000, 5
14.550000, -0.450000, 5
14.700000, -0.450000, 5
14.850000, -0.450000, 5
-15.000000, -0.400000, 11
-14.850000, -0.400000, 11
-14.700000, -0.400000, 11
-14.550000, -0.400000, 11
-14.400000, -0.400000, 11
-14.250000, -0.400000, 11
-14.100000, -0.400000, 11
-13.950000, -0.400000, 11
-13.800000, -0.400000, 11
-13.650000, -0.400000, 11
-13.500000, -0.400000, 11
-13.350000, -0.400000, 11
-13.200000, -0.400000, 11
-13.050000, -0.400000, 11
-12.900000, -0.400000, 11
-12.750000, -0.400000, 11
-12.600000, -0.400000, 11
-12.450000, -0.400000, 11
-12.300000, -0.400000, 11
-12.150000, -0.400000, 11
-12.000000, -0.400000, 11
-11.850000, -0.400000, 11
-11.700000, -0.400000, 11
-11.550000, -0.400000, 11
-11.400000, -0.400000, 11
-11.250000, -0.400000, 11
-11.100000, -0.400000, 11
-10.950000, -0.400000, 11
-10.800000, -0.400000, 11
-10.650000, -0.400000, 11
-10.500000, -0.400000, 11
-10.350000, -0.400000, 11
-10.200000, -0.400000, 11
-10.050000, -0.400000, 11
-9.900000, -0.400000, 11
-9.750000, -0.400000, 11
-9.600000, -0.400000, 11
-9.450000, -0.400000, 11
-9.300000, -0.400000, 11
-9.150000, -0.400000, 11
-9.000000, -0.400000, 11
-8.850000, -0.400000, 11
-8.700000, -0.400000, 11
-8.550000, -0.400000, 11
-8.400000, -0.400000, 11
-8.250000, -0.400000, 11
-8.100000, -0.400000, 11
-7.950000, -0.400000, 11
-7.800000, -0.400000, 11
-7.650000, -0.400000, 11
-7.500000, -0.400000, 11
-7.350000, -0.400000, 11
-7.200000, -0.400000, 11
-7.050000, -0.400000, 11
-6.900000, -0.400000, 11
-6.750000, -0.400000, 11
-6.600000, -0.400000, 11
-6.450000, -0.400000, 11
-6.300000, -0.400000, 11
-6.150000, -0.400000, 11
-6.000000, -0.400000, 11
-5.850000, -0.400000, 11
-5.700000, -0.400000, 11
-5.550000, -0.400000, 11
-5.400000, -0.400000, 11
-5.250000, -0.400000, 11
-5.100000, -0.400000, 11
-4.950000, -0.400000, 11
-4.800000, -0.400000, 11
-4.650000, -0.400000, 11
-4.500000, -0.400000, 11
-4.350000, -0.400000, 11
-4.200000, -0.400000, 0
-4.050000, -0.400000, 0
-3.900000, -0.400000, 0
-3.750000, -0.400000, 0
-3.600000, -0.400000, 0
-3.450000, -0.400000, 0
-3.300000, -0.400000, 0
-3.150000, -0.400000, 0
-3.000000, -0.400000, 0
-2.850000, -0.400000, 0
-2.700000, -0.400000, 0
-2.550000, -0.400000, 0
-2.400000, -0.400000, 0
-2.250000, -0.400000, 0
-2.100000, -0.400000, 0
-1.950000, -0.400000, 2
-1.800000, -0.400000, 2
-1.650000, -0.400000, 2
-1.500000, -0.400000, 2
-1.350000, -0.400000, 2
-1.200000, -0.400000, 2
-1.050000, -0.400000, 2
-0.900000, -0.400000, 3
-0.750000, -0.400000, 3
-0.600000, -0.400000, 4
-0.450000, -0.400000, 9
-0.300000, -0.400000, 8
-0.150000, -0.400000, 6
-0.000000, -0.400000, 3
0.150000, -0.400000, 3
0.300000, -0.400000, 3
0.450000, -0.400000, 3
0.600000, -0.400000, 3
0.750000, -0.400000, 1
0.900000, -0.400000, 1
1.050000, -0.400000, 1
1.200000, -0.400000, 1
1.350000, -0.400000, 3
1.500000, -0.400000, 2
1.650000, -0.400000, 4
1.800000, -0.400000, 4
1.950000, -0.400000, 5
2.100000, -0.400000, 5
2.250000, -0.400000, 5
2.400000, -0.400000, 5
2.550000, -0.400000, 5
2.700000, -0.400000, 5
2.850000, -0.400000, 5
3.000000, -0.400000, 5
3.150000, -0.400000, 5
3.300000, -0.400000, 5
3.450000, -0.400000, 5
3.600000, -0.400000, 5
3.750000, -0.400000, 5
3.900000, -0.400000, 5
4.050000, -0.400000, 5
4.200000, -0.400000, 5
4.350000, -0.400000, 5
4.500000, -0.400000, 5
4.650000, -0.400000, 5
4.800000, -0.400000, 5
4.950000, -0.400000, 5
5.100000, -0.400000, 5
5.250000, -0.400000, 5
5.400000, -0.400000, 5
5.550000, -0.400000, 5
5.700000, -0.400000, 5
5.850000, -0.400000, 5
6.000000, -0.400000, 5
6.150000, -0.400000, 5
6.300000, -0.400000, 5
6.450000, -0.400000, 5
6.600000, -0.400000, 5
6.750000, -0.400000, 5
6.900000, -0.400000, 5
7.050000, -0.400000, 5
7.200000, -0.400000, 5
7.350000, -0.400000, 5
7.500000, -0.400000, 5
7.650000, -0.400000, 5
7.800000, -0.400000, 5
7.950000, -0.400000, 5
8.100000, -0.400000, 5
8.250000, -0.400000, 5
8.400000, -0.400000, 5
8.550000, -0.400000, 5
8.700000, -0.400000, 5
8.850000, -0.400000, 5
9.000000, -0.400000, 5
9.150000, -0.400000, 5
9.300000, -0.400000, 5
9.450000, -0.400000, 5
9.600000, -0.400000, 5
9.750000, -0.400000, 5
9.900000, -0.400000, 5
10.050000, -0.400000, 5
10.200000, -0.400000, 5
10.350000, -0.400000, 5
10.500000, -0.400000, 5
10.650000, -0.400000, 5
10.800000, -0.400000, 5
10.950000, -0.400000, 5
11.100000, -0.400000, 5
11.250000, -0.400000, 5
11.400000, -0.400000, 5
11.550000, -0.400000, 5
11.700000, -0.400000, 5
11.850000, -0.400000, 5
12.000000, -0.400000, 5
12.150000, -0.400000, 5
12.300000, -0.400000, 5
12.450000, -0.400000, 5
12.600000, -0.400000, 5
12.750000, -0.400000, 5
12.900000, -0.400000, 5
13.050000, -0.400000, 5
13.200000, -0.400000, 5
13.350000, -0.400000, 5
13.500000, -0.400000, 5
13.650000, -0.400000, 5
13.800000, -0.400000, 5
13.950000, -0.400000, 5
14.100000, -0.400000, 5
14.250000, -0.400000, 5
14.400000, -0.400000, 5
14.550000, -0.400000, 5
14.700000, -0.400000, 5
14.850000, -0.400000, 5
-15.000000, -0.350000, 11
-14.850000, -0.350000, 11
-14.700000, -0.350000, 11
-14.550000, -0.350000, 11
-14.400000, -0.350000, 11
-14.250000, -0.350000, 11
-14.100000, -0.350000, 11
-13.950000, -0.350000, 11
-13.800000, -0.350000, 11
-13.650000, -0.350000, 11
-13.500000, -0.350000, 11
-13.350000, -0.350000, 11
-13.200000, -0.350000, 11
-13.050000, -0.350000, 11
-12.900000, -0.350000, 11
-12.750000, -0.350000, 11
-12.600000, -0.350000, 11
-12.450000, -0.350000, 11
-12.300000, -0.350000, 11
-12.150000, -0.350000, 11
-12.000000, -0.350000, 11
-11.850000, -0.350000, 11
-11.700000, -0.350000, 11
-11.550000, -0.350000, 11
-11.400000, -0.350000, 11
-11.250000, -0.350000, 11
-11.100000, -0.350000, 11
-10.950000, -0.350000, 11
-10.800000, -0.350000, 11
-10.650000, -0.350000, 11
-10.500000, -0.350000, 11
-10.350000, -0.350000, 11
-10.200000, -0.350000, 11
-10.050000, -0.350000, 11
-9.900000, -0.350000, 11
-9.750000, -0.350000, 11
-9.600000, -0.350000, 11
-9.450000, -0.350000, 11
-9.300000, -0.350000, 11
-9.150000, -0.350000, 11
-9.000000, -0.350000, 11
-8.850000, -0.350000, 11
-8.700000, -0.350000, 11
-8.550000, -0.350000, 11
-8.400000, -0.350000, 11
-8.250000, -0.350000, 11
-8.100000, -0.350000, 11
-7.950000, -0.350000, 11
-7.800000, -0.350000, 11
-7.650000, -0.350000, 11
-7.500000, -0.350000, 11
-7.350000, -0.350000, 11
-7.200000, -0.350000, 11
-7.050000, -0.350000, 11
-6.900000, -0.350000, 11
-6.750000, -0.350000, 11
-6.600000, -0.350000, 11
-6.450000, -0.350000, 11
-6.300000, -0.350000, 11
-6.150000, -0.350000, 11
-6.000000, -0.350000, 11
-5.850000, -0.350000, 11
-5.700000, -0.350000, 11
-5.550000, -0.350000, 11
-5.400000, -0.350000, 11
-5.250000, -0.350000, 11
-5.100000, -0.350000, 11
-4.950000, -0.350000, 11
-4.800000, -0.350000, 11
-4.650000, -0.350000, 11
-4.500000, -0.350000, 11
-4.350000, -0.350000, 11
-4.200000, -0.350000, 11
-4.050000, -0.350000, 0
-3.900000, -0.350000, 0
-3.750000, -0.350000, 0
-3.600000, -0.350000, 0
-3.450000, -0.350000, 0
-3.300000, -0.350000, 0
-3.150000, -0.350000, 0
-3.000000, -0.350000, 0
-2.850000, -0.350000, 0
-2.700000, -0.350000, 0
-2.550000, -0.350000, 0
-2.400000, -0.350000, 0
-2.250000, -0.350000, 0
-2.100000, -0.350000, 0
-1.950000, -0.350000, 0
-1.800000, -0.350000, 9
-1.650000, -0.350000, 2
-1.500000, -0.350000, 2
-1.350000, -0.350000, 2
-1.200000, -0.350000, 2
-1.050000, -0.350000, 2
-0.900000, -0.350000, 2
-0.750000, -0.350000, 1
-0.600000, -0.350000, 6
-0.450000, -0.350000, 5
-0.300000, -0.350000, 0
-0.150000, -0.350000, 3
-0.000000, -0.350000, 3
0.150000, -0.350000, 3
0.300000, -0.350000, 3
0.450000, -0.350000, 3
0.600000, -0.350000, 8
0.750000, -0.350000, 1
0.900000, -0.350000, 1
1.050000, -0.350000, 3
1.200000, -0.350000, 3
1.350000, -0.350000, 5
1.500000, -0.350000, 4
1.650000, -0.350000, 10
1.800000, -0.350000, 5
1.950000, -0.350000, 5
2.100000, -0.350000, 5
2.250000, -0.350000, 5
2.400000, -0.350000, 5
2.550000, -0.350000, 5
2.700000, -0.350000, 5
2.850000, -0.350000, 5
3.000000, -0.350000, 5
3.150000, -0.350000, 5
3.300000, -0.350000, 5
3.450000, -0.350000, 5
3.600000, -0.350000, 5
3.750000, -0.350000, 5
3.900000, -0.350000, 5
4.050000, -0.350000, 5
4.200000, -0.350000, 5
4.350000, -0.350000, 5
4.500000, -0.350000, 5
4.650000, -0.350000, 5
4.800000, -0.350000, 5
4.950000, -0.350000, 5
5.100000, -0.350000, 5
5.250000, -0.350000, 5
5.400000, -0.350000, 5
5.550000, -0.350000, 5
5.700000, -0.350000, 5
5.850000, -0.350000, 5
6.000000, -0.350000, 5
6.150000, -0.350000, 5
6.300000, -0.350000, 5
6.450000, -0.350000, 5
6.600000, -0.350000, 5
6.750000, -0.350000, 5
6.900000, -0.350000, 5
7.050000, -0.350000, 5
7.200000, -0.350000, 5
7.350000, -0.350000, 5
7.500000, -0.350000, 5
7.650000, -0.350000, 5
7.800000, -0.350000, 5
7.950000, -0.350000, 5
8.100000, -0.350000, 5
8.250000, -0.350000, 5
8.400000, -0.350000, 5
8.550000, -0.350000, 5
8.700000, -0.350000, 5
8.850000, -0.350000, 5
9.000000, -0.350000, 5
9.150000, -0.350000, 5
9.300000, -0.350000, 5
9.450000, -0.350000, 5
9.600000, -0.350000, 5
9.750000, -0.350000, 5
9.900000, -0.350000, 5
10.050000, -0.350000, 5
10.200000, -0.350000, 5
10.350000, -0.350000, 5
10.500000, -0.350000, 5
10.650000, -0.350000, 5
10.800000, -0.350000, 5
10.950000, -0.350000, 5
11.100000, -0.350000, 5
11.250000, -0.350000, 5
11.400000, -0.350000, 5
11.550000, -0.350000, 5
11.700000, -0.350000, 5
11.850000, -0.350000, 5
12.000000, -0.350000, 5
12.150000, -0.350000, 5
12.300000, -0.350000, 5
12.450000, -0.350000, 5
12.600000, -0.350000, 5
12.750000, -0.350000, 5
12.900000, -0.350000, 5
13.050000, -0.350000, 5
13.200000, -0.350000, 5
13.350000, -0.350000, 5
13.500000, -0.350000, 5
13.650000, -0.350000, 5
13.800000, -0.350000, 5
13.950000, -0.350000, 5
14.100000, -0.350000, 5
14.250000, -0.350000, 5
14.400000, -0.350000, 5
14.550000, -0.350000, 5
14.700000, -0.350000, 5
14.850000, -0.350000, 5
-15.000000, -0.300000, 11
-14.850000, -0.300000, 11
-14.700000, -0.300000, 11
-14.550000, -0.300000, 11
-14.400000, -0.300000, 11
-14.250000, -0.300000, 11
-14.100000, -0.300000, 11
-13.950000, -0.300000, 11
-13.800000, -0.300000, 11
-13.650000, -0.300000, 11
-13.500000, -0.300000, 11
-13.350000, -0.300000, 11
-13.200000, -0.300000, 11
-13.050000, -0.300000, 11
-12.900000, -0.300000, 11
-12.750000, -0.300000, 11
-12.600000, -0.300000, 11
-12.450000, -0.300000, 11
-12.300000, -0.300000, 11
-12.150000, -0.300000, 11
-12.000000, -0.300000, 11
-11.850000, -0.300000, 11
-11.700000, -0.300000, 11
-11.550000, -0.300000, 11
-11.400000, -0.300000, 11
-11.250000, -0.300000, 11
-11.100000, -0.300000, 11
-10.950000, -0.300000, 11
-10.800000, -0.300000, 11
-10.650000, -0.300000, 11
-10.500000, -0.300000, 11
-10.350000, -0.300000, 11
-10.200000, -0.300000, 11
-10.050000, -0.300000, 11
-9.900000, -0.300000, 11
-9.750000, -0.300000, 11
-9.600000, -0.300000, 11
-9.450000, -0.300000, 11
-9.300000, -0.300000, 11
-9.150000, -0.300000, 11
-9.000000, -0.300000, 11
-8.850000, -0.300000, 11
-8.700000, -0.300000, 11
-8.550000, -0.300000, 11
-8.400000, -0.300000, 11
-8.250000, -0.300000, 11
-8.100000, -0.300000, 11
-7.950000, -0.300000, 11
-7.800000, -0.300000, 11
-7.650000, -0.300000, 11
-7.500000, -0.300000, 11
-7.350000, -0.300000, 11
-7.200000, -0.300000, 11
-7.050000, -0.300000, 11
-6.900000, -0.300000, 11
-6.750000, -0.300000, 11
-6.600000, -0.300000, 11
-6.450000, -0.300000, 11
-6.300000, -0.300000, 11
-6.150000, -0.300000, 11
-6.000000, -0.300000, 11
-5.850000, -0.300000, 11
-5.700000, -0.300000, 11
-5.550000, -0.300000, 11
-5.400000, -0.300000, 11
-5.250000, -0.300000, 11
-5.100000, -0.300000, 11
-4.950000, -0.300000, 11
-4.800000, -0.300000, 11
-4.650000, -0.300000, 11
-4.500000, -0.300000, 11
-4.350000, -0.300000, 11
-4.200000, -0.300000, 11
-4.050000, -0.300000, 0
-3.900000, -0.300000, 0
-3.750000, -0.300000, 0
-3.600000, -0.300000, 0
-3.450000, -0.300000, 0
-3.300000, -0.300000, 0
-3.150000, -0.300000, 0
-3.000000, -0.300000, 0
-2.850000, -0.300000, 0
-2.700000, -0.300000, 0
-2.550000, -0.300000, 0
-2.400000, -0.300000, 0
-2.250000, -0.300000, 0
-2.100000, -0.300000, 0
-1.950000, -0.300000, 0
-1.800000, -0.300000, 0
-1.650000, -0.300000, 2
-1.500000, -0.300000, 2
-1.350000, -0.300000, 2
-1.200000, -0.300000, 2
-1.050000, -0.300000, 2
-0.900000, -0.300000, 2
-0.750000, -0.300000, 3
-0.600000, -0.300000, 5
-0.450000, -0.300000, 6
-0.300000, -0.300000, 9
-0.150000, -0.300000, 3
-0.000000, -0.300000, 1
0.150000, -0.300000, 3
0.300000, -0.300000, 8
0.450000, -0.300000, 3
0.600000, -0.300000, 8
0.750000, -0.300000, 3
0.900000, -0.300000, 3
1.050000, -0.300000, 3
1.200000, -0.300000, 3
1.350000, -0.300000, 7
1.500000, -0.300000, 3
1.650000, -0.300000, 5
1.800000, -0.300000, 5
1.950000, -0.300000, 5
2.100000, -0.300000, 5
2.250000, -0.300000, 5
2.400000, -0.300000, 5
2.550000, -0.300000, 5
2.700000, -0.300000, 5
2.850000, -0.300000, 5
3.000000, -0.300000, 5
3.150000, -0.300000, 5
3.300000, -0.300000, 5
3.450000, -0.300000, 5
3.600000, -0.300000, 5
3.750000, -0.300000, 5
3.900000, -0.300000, 5
4.050000, -0.300000, 5
4.200000, -0.300000, 5
4.350000, -0.300000, 5
4.500000, -0.300000, 5
4.650000, -0.300000, 5
4.800000, -0.300000, 5
4.950000, -0.300000, 5
5.100000, -0.300000, 5
5.250000, -0.300000, 5
5.400000, -0.300000, 5
5.550000, -0.300000, 5
5.700000, -0.300000, 5
5.850000, -0.300000, 5
6.000000, -0.300000, 5
6.150000, -0.300000, 5
6.300000, -0.300000, 5
6.450000, -0.300000, 5
6.600000, -0.300000, 5
6.750000, -0.300000, 5
6.900000, -0.300000, 5
7.050000, -0.300000, 5
7.200000, -0.300000, 5
7.350000, -0.300000, 5
7.500000, -0.300000, 5
7.650000, -0.300000, 5
7.800000, -0.300000, 5
7.950000, -0.300000, 5
8.100000, -0.300000, 5
8.250000, -0.300000, 5
8.400000, -0.300000, 5
8.550000, -0.300000, 5
8.700000, -0.300000, 5
8.850000, -0.300000, 5
9.000000, -0.300000, 5
9.150000, -0.300000, 5
9.300000, -0.300000, 5
9.450000, -0.300000, 5
9.600000, -0.300000, 5
9.750000, -0.300000, 5
9.900000, -0.300000, 5
10.050000, -0.300000, 5
10.200000, -0.300000, 5
10.350000, -0.300000, 5
10.500000, -0.300000, 5
10.650000, -0.300000, 5
10.800000, -0.300000, 5
10.950000, -0.300000, 5
11.100000, -0.300000, 5
11.250000, -0.300000, 5
11.400000, -0.300000, 5
11.550000, -0.300000, 5
11.700000, -0.300000, 5
11.850000, -0.300000, 5
12.000000, -0.300000, 5
12.150000, -0.300000, 5
12.300000, -0.300000, 5
12.450000, -0.300000, 5
12.600000, -0.300000, 5
12.750000, -0.300000, 5
12.900000, -0.300000, 5
13.050000, -0.300000, 5
13.200000, -0.300000, 5
13.350000, -0.300000, 5
13.500000, -0.300000, 5
13.650000, -0.300000, 5
13.800000, -0.300000, 5
13.950000, -0.300000, 5
14.100000, -0.300000, 5
14.250000, -0.300000, 5
14.400000, -0.300000, 5
14.550000, -0.300000, 5
14.700000, -0.300000, 5
14.850000, -0.300000, 5
-15.000000, -0.250000, 11
-14.850000, -0.250000, 11
-14.700000, -0.250000, 11
-14.550000, -0.250000, 11
-14.400000, -0.250000, 11
-14.250000, -0.250000, 11
-14.100000, -0.250000, 11
-13.950000, -0.250000, 11
-13.800000, -0.250000, 11
-13.650000, -0.250000, 11
-13.500000, -0.250000, 11
-13.350000, -0.250000, 11
-13.200000, -0.250000, 11
-13.050000, -0.250000, 11
-12.900000, -0.250000, 11
-12.750000, -0.250000, 11
-12.600000, -0.250000, 11
-12.450000, -0.250000, 11
-12.300000, -0.250000, 11
-12.150000, -0.250000, 11
-12.000000, -0.250000, 11
-11.850000, -0.250000, 11
-11.700000, -0.250000, 11
-11.550000, -0.250000, 11
-11.400000, -0.250000, 11
-11.250000, -0.250000, 11
-11.100000, -0.250000, 11
-10.950000, -0.250000, 11
-10.800000, -0.250000, 11
-10.650000, -0.250000, 11
-10.500000, -0.250000, 11
-10.350000, -0.250000, 11
-10.200000, -0.250000, 11
-10.050000, -0.250000, 11
-9.900000, -0.250000, 11
-9.750000, -0.250000, 11
-9.600000, -0.250000, 11
-9.450000, -0.250000, 11
-9.300000, -0.250000, 11
-9.150000, -0.250000, 11
-9.000000, -0.250000, 11
-8.850000, -0.250000, 11
-8.700000, -0.250000, 11
-8.550000, -0.250000, 11
-8.400000, -0.250000, 11
-8.250000, -0.250000, 11
-8.100000, -0.250000, 11
-7.950000, -0.250000, 11
-7.800000, -0.250000, 11
-7.650000, -0.250000, 11
-7.500000, -0.250000, 11
-7.350000, -0.250000, 11
-7.200000, -0.250000, 11
-7.050000, -0.250000, 11
-6.900000, -0.250000, 11
-6.750000, -0.250000, 11
-6.600000, -0.250000, 11
-6.450000, -0.250000, 11
-6.300000, -0.250000, 11
-6.150000, -0.250000, 11
-6.000000, -0.250000, 11
-5.850000, -0.250000, 11
-5.700000, -0.250000, 11
-5.550000, -0.250000, 11
-5.400000, -0.250000, 11
-5.250000, -0.250000, 11
-5.100000, -0.250000, 11
-4.950000, -0.250000, 11
-4.800000, -0.250000, 11
-4.650000, -0.250000, 11
-4.500000, -0.250000, 11
-4.350000, -0.250000, 11
-4.200000, -0.250000, 11
-4.050000, -0.250000, 0
-3.900000, -0.250000, 0
-3.750000, -0.250000, 0
-3.600000, -0.250000, 0
-3.450000, -0.250000, 0
-3.300000, -0.250000, 0
-3.150000, -0.250000, 0
-3.000000, -0.250000, 0
-2.850000, -0.250000, 0
-2.700000, -0.250000, 0
-2.550000, -0.250000, 0
-2.400000, -0.250000, 0
-2.250000, -0.250000, 0
-2.100000, -0.250000, 0
-1.950000, -0.250000, 0
-1.800000, -0.250000, 0
-1.650000, -0.250000, 7
-1.500000, -0.250000, 2
-1.350000, -0.250000, 2
-1.200000, -0.250000, 2
-1.050000, -0.250000, 2
-0.900000, -0.250000, 2
-0.750000, -0.250000, 2
-0.600000, -0.250000, 8
-0.450000, -0.250000, 10
-0.300000, -0.250000, 4
-0.150000, -0.250000, 3
-0.000000, -0.250000, 1
0.150000, -0.250000, 3
0.300000, -0.250000, 8
0.450000, -0.250000, 1
0.600000, -0.250000, 3
0.750000, -0.250000, 3
0.900000, -0.250000, 3
1.050000, -0.250000, 3
1.200000, -0.250000, 10
1.350000, -0.250000, 6
1.500000, -0.250000, 5
1.650000, -0.250000, 5
1.800000, -0.250000, 5
1.950000, -0.250000, 5
2.100000, -0.250000, 5
2.250000, -0.250000, 5
2.400000, -0.250000, 5
2.550000, -0.250000, 5
2.700000, -0.250000, 5
2.850000, -0.250000, 5
3.000000, -0.250000, 5
3.150000, -0.250000, 5
3.300000, -0.250000, 5
3.450000, -0.250000, 5
3.600000, -0.250000, 5
3.750000, -0.250000, 5
3.900000, -0.250000, 5
4.050000, -0.250000, 5
4.200000, -0.250000, 5
4.350000, -0.250000, 5
4.500000, -0.250000, 5
4.650000, -0.250000, 5
4.800000, -0.250000, 5
4.950000, -0.250000, 5
5.100000, -0.250000, 5
5.250000, -0.250000, 5
5.400000, -0.250000, 5
5.550000, -0.250000, 5
5.700000, -0.250000, 5
5.850000, -0.250000, 5
6.000000, -0.250000, 5
6.150000, -0.250000, 5
6.300000, -0.250000, 5
6.450000, -0.250000, 5
6.600000, -0.250000, 5
6.750000, -0.250000, 5
6.900000, -0.250000, 5
7.050000, -0.250000, 5
7.200000, -0.250000, 5
7.350000, -0.250000, 5
7.500000, -0.250000, 5
7.650000, -0.250000, 5
7.800000, -0.250000, 5
7.950000, -0.250000, 5
8.100000, -0.250000, 5
8.250000, -0.250000, 5
8.400000, -0.250000, 5
8.550000, -0.250000, 5
8.700000, -0.250000, 5
8.850000, -0.250000, 5
9.000000, -0.250000, 5
9.150000, -0.250000, 5
9.300000, -0.250000, 5
9.450000, -0.250000, 5
9.600000, -0.250000, 5
9.750000, -0.250000, 5
9.900000, -0.250000, 5
10.050000, -0.250000, 5
10.200000, -0.250000, 5
10.350000, -0.250000, 5
10.500000, -0.250000, 5
10.650000, -0.250000, 5
10.800000, -0.250000, 5
10.950000, -0.250000, 5
11.100000, -0.250000, 5
11.250000, -0.250000, 5
11.400000, -0.250000, 5
11.550000, -0.250000, 5
11.700000, -0.250000, 5
11.850000, -0.250000, 5
12.000000, -0.250000, 5
12.150000, -0.250000, 5
12.300000, -0.250000, 5
12.450000, -0.250000, 5
12.600000, -0.250000, 5
12.750000, -0.250000, 5
12.900000, -0.250000, 5
13.050000, -0.250000, 5
13.200000, -0.250000, 5
13.350000, -0.250000, 5
13.500000, -0.250000, 5
13.650000, -0.250000, 5
13.800000, -0.250000, 5
13.950000, -0.250000, 5
14.100000, -0.250000, 5
14.250000, -0.250000, 5
14.400000, -0.250000, 5
14.550000, -0.250000, 5
14.700000, -0.250000, 5
14.850000, -0.250000, 5
-15.000000, -0.200000, 11
-14.850000, -0.200000, 11
-14.700000, -0.200000, 11
-14.550000, -0.200000, 11
-14.400000, -0.200000, 11
-14.250000, -0.200000, 11
-14.100000, -0.200000, 11
-13.950000, -0.200000, 11
-13.800000, -0.200000, 11
-13.650000, -0.200000, 11
-13.500000, -0.200000, 11
-13.350000, -0.200000, 11
-13.200000, -0.200000, 11
-13.050000, -0.200000, 11
-12.900000, -0.200000, 11
-12.750000, -0.200000, 11
-12.600000, -0.200000, 11
-12.450000, -0.200000, 11
-12.300000, -0.200000, 11
-12.150000, -0.200000, 11
-12.000000, -0.200000, 11
-11.850000, -0.200000, 11
-11.700000, -0.200000, 11
-11.550000, -0.200000, 11
-11.400000, -0.200000, 11
-11.250000, -0.200000, 11
-11.100000, -0.200000, 11
-10.950000, -0.200000, 11
-10.800000, -0.200000, 11
-10.650000, -0.200000, 11
-10.500000, -0.200000, 11
-10.350000, -0.200000, 11
-10.200000, -0.200000, 11
-10.050000, -0.200000, 11
-9.900000, -0.200000, 11
-9.750000, -0.200000, 11
-9.600000, -0.200000, 11
-9.450000, -0.200000, 11
-9.300000, -0.200000, 11
-9.150000, -0.200000, 11
-9.000000, -0.200000, 11
-8.850000, -0.200000, 11
-8.700000, -0.200000, 11
-8.550000, -0.200000, 11
-8.400000, -0.200000, 11
-8.250000, -0.200000, 11
-8.100000, -0.200000, 11
-7.950000, -0.200000, 11
-7.800000, -0.200000, 11
-7.650000, -0.200000, 11
-7.500000, -0.200000, 11
-7.350000, -0.200000, 11
-7.200000, -0.200000, 11
-7.050000, -0.200000, 11
-6.900000, -0.200000, 11
-6.750000, -0.200000, 11
-6.600000, -0.200000, 11
-6.450000, -0.200000, 11
-6.300000, -0.200000, 11
-6.150000, -0.200000, 11
-6.000000, -0.200000, 11
-5.850000, -0.200000, 11
-5.700000, -0.200000, 11
-5.550000, -0.200000, 11
-5.400000, -0.200000, 11
-5.250000, -0.200000, 11
-5.100000, -0.200000, 11
-4.950000, -0.200000, 11
-4.800000, -0.200000, 11
-4.650000, -0.200000, 11
-4.500000, -0.200000, 11
-4.350000, -0.200000, 11
-4.200000, -0.200000, 11
-4.050000, -0.200000, 0
-3.900000, -0.200000, 0
-3.750000, -0.200000, 0
-3.600000, -0.200000, 0
-3.450000, -0.200000, 0
-3.300000, -0.200000, 0
-3.150000, -0.200000, 0
-3.000000, -0.200000, 0
-2.850000, -0.200000, 0
-2.700000, -0.200000, 0
-2.550000, -0.200000, 0
-2.400000, -0.200000, 0
-2.250000, -0.200000, 0
-2.100000, -0.200000, 0
-1.950000, -0.200000, 0
-1.800000, -0.200000, 0
-1.650000, -0.200000, 0
-1.500000, -0.200000, 2
-1.350000, -0.200000, 2
-1.200000, -0.200000, 2
-1.050000, -0.200000, 2
-0.900000, -0.200000, 2
-0.750000, -0.200000, 2
-0.600000, -0.200000, 1
-0.450000, -0.200000, 4
-0.300000, -0.200000, 10
-0.150000, -0.200000, 7
-0.000000, -0.200000, 1
0.150000, -0.200000, 3
0.300000, -0.200000, 8
0.450000, -0.200000, 3
0.600000, -0.200000, 3
0.750000, -0.200000, 3
0.900000, -0.200000, 3
1.050000, -0.200000, 2
1.200000, -0.200000, 2
1.350000, -0.200000, 5
1.500000, -0.200000, 5
1.650000, -0.200000, 5
1.800000, -0.200000, 5
1.950000, -0.200000, 5
2.100000, -0.200000, 5
2.250000, -0.200000, 5
2.400000, -0.200000, 5
2.550000, -0.200000, 5
2.700000, -0.200000, 5
2.850000, -0.200000, 5
3.000000, -0.200000, 5
3.150000, -0.200000, 5
3.300000, -0.200000, 5
3.450000, -0.200000, 5
3.600000, -0.200000, 5
3.750000, -0.200000, 5
3.900000, -0.200000, 5
4.050000, -0.200000, 5
4.200000, -0.200000, 5
4.350000, -0.200000, 5
4.500000, -0.200000, 5
4.650000, -0.200000, 5
4.800000, -0.200000, 5
4.950000, -0.200000, 5
5.100000, -0.200000, 5
5.250000, -0.200000, 5
5.400000, -0.200000, 5
5.550000, -0.200000, 5
5.700000, -0.200000, 5
5.850000, -0.200000, 5
6.000000, -0.200000, 5
6.150000, -0.200000, 5
6.300000, -0.200000, 5
6.450000, -0.200000, 5
6.600000, -0.200000, 5
6.750000, -0.200000, 5
6.900000, -0.200000, 5
7.050000, -0.200000, 5
7.200000, -0.200000, 5
7.350000, -0.200000, 5
7.500000, -0.200000, 5
7.650000, -0.200000, 5
7.800000, -0.200000, 5
7.950000, -0.200000, 5
8.100000, -0.200000, 5
8.250000, -0.200000, 5
8.400000, -0.200000, 5
8.550000, -0.200000, 5
8.700000, -0.200000, 5
8.850000, -0.200000, 5
9.000000, -0.200000, 5
9.150000, -0.200000, 5
9.300000, -0.200000, 5
9.450000, -0.200000, 5
9.600000, -0.200000, 5
9.750000, -0.200000, 5
9.900000, -0.200000, 5
10.050000, -0.200000, 5
10.200000, -0.200000, 5
10.350000, -0.200000, 5
10.500000, -0.200000, 5
10.650000, -0.200000, 5
10.800000, -0.200000, 5
10.950000, -0.200000, 5
11.100000, -0.200000, 5
11.250000, -0.200000, 5
11.400000, -0.200000, 5
11.550000, -0.200000, 5
11.700000, -0.200000, 5
11.850000, -0.200000, 5
12.000000, -0.200000, 5
12.150000, -0.200000, 5
12.300000, -0.200000, 5
12.450000, -0.200000, 5
12.600000, -0.200000, 5
12.750000, -0.200000, 5
12.900000, -0.200000, 5
13.050000, -0.200000, 5
13.200000, -0.200000, 5
13.350000, -0.200000, 5
13.500000, -0.200000, 5
13.650000, -0.200000, 5
13.800000, -0.200000, 5
13.950000, -0.200000, 5
14.100000, -0.200000, 5
14.250000, -0.200000, 5
14.400000, -0.200000, 5
14.550000, -0.200000, 5
14.700000, -0.200000, 5
14.850000, -0.200000, 5
-15.000000, -0.150000, 11
-14.850000, -0.150000, 11
-14.700000, -0.150000, 11
-14.550000, -0.150000, 11
-14.400000, -0.150000, 11
-14.250000, -0.150000, 11
-14.100000, -0.150000, 11
-13.950000, -0.150000, 11
-13.800000, -0.150000, 11
-13.650000, -0.150000, 11
-13.500000, -0.150000, 11
-13.350000, -0.150000, 11
-13.200000, -0.150000, 11
-13.050000, -0.150000, 11
-12.900000, -0.150000, 11
-12.750000, -0.150000, 11
-12.600000, -0.150000, 11
-12.450000, -0.150000, 11
-12.300000, -0.150000, 11
-12.150000, -0.150000, 11
-12.000000, -0.150000, 11
-11.850000, -0.150000, 11
-11.700000, -0.150000, 11
-11.550000, -0.150000, 11
-11.400000, -0.150000, 11
-11.250000, -0.150000, 11
-11.100000, -0.150000, 11
-10.950000, -0.150000, 11
-10.800000, -0.150000, 11
-10.650000, -0.150000, 11
-10.500000, -0.150000, 11
-10.350000, -0.150000, 11
-10.200000, -0.150000, 11
-10.050000, -0.150000, 11
-9.900000, -0.150000, 11
-9.750000, -0.150000, 11
-9.600000, -0.150000, 11
-9.450000, -0.150000, 11
-9.300000, -0.150000, 11
-9.150000, -0.150000, 11
-9.000000, -0.150000, 11
-8.850000, -0.150000, 11
-8.700000, -0.150000, 11
-8.550000, -0.150000, 11
-8.400000, -0.150000, 11
-8.250000, -0.150000, 11
-8.100000, -0.150000, 11
-7.950000, -0.150000, 11
-7.800000, -0.150000, 11
-7.650000, -0.150000, 11
-7.500000, -0.150000, 11
-7.350000, -0.150000, 11
-7.200000, -0.150000, 11
-7.050000, -0.150000, 11
-6.900000, -0.150000, 11
-6.750000, -0.150000, 11
-6.600000, -0.150000, 11
-6.450000, -0.150000, 11
-6.300000, -0.150000, 11
-6.150000, -0.150000, 11
-6.000000, -0.150000, 11
-5.850000, -0.150000, 11
-5.700000, -0.150000, 11
-5.550000, -0.150000, 11
-5.400000, -0.150000, 11
-5.250000, -0.150000, 11
-5.100000, -0.150000, 11
-4.950000, -0.150000, 11
-4.800000, -0.150000, 11
-4.650000, -0.150000, 11
-4.500000, -0.150000, 11
-4.350000, -0.150000, 11
-4.200000, -0.150000, 11
-4.050000, -0.150000, 0
-3.900000, -0.150000, 0
-3.750000, -0.150000, 0
-3.600000, -0.150000, 0
-3.450000, -0.150000, 0
-3.300000, -0.150000, 0
-3.150000, -0.150000, 0
-3.000000, -0.150000, 0
-2.850000, -0.150000, 0
-2.700000, -0.150000, 0
-2.550000, -0.150000, 0
-2.400000, -0.150000, 0
-2.250000, -0.150000, 0
-2.100000, -0.150000, 0
-1.950000, -0.150000, 0
-1.800000, -0.150000, 0
-1.650000, -0.150000, 0
-1.500000, -0.150000, 2
-1.350000, -0.150000, 2
-1.200000, -0.150000, 2
-1.050000, -0.150000, 2
-0.900000, -0.150000, 2
-0.750000, -0.150000, 2
-0.600000, -0.150000, 2
-0.450000, -0.150000, 4
-0.300000, -0.150000, 6
-0.150000, -0.150000, 10
-0.000000, -0.150000, 1
0.150000, -0.150000, 1
0.300000, -0.150000, 8
0.450000, -0.150000, 10
0.600000, -0.150000, 3
0.750000, -0.150000, 8
0.900000, -0.150000, 8
1.050000, -0.150000, 10
1.200000, -0.150000, 5
1.350000, -0.150000, 5
1.500000, -0.150000, 5
1.650000, -0.150000, 5
1.800000, -0.150000, 5
1.950000, -0.150000, 5
2.100000, -0.150000, 5
2.250000, -0.150000, 5
2.400000, -0.150000, 5
2.550000, -0.150000, 5
2.700000, -0.150000, 5
2.850000, -0.150000, 5
3.000000, -0.150000, 5
3.150000, -0.150000, 5
3.300000, -0.150000, 5
3.450000, -0.150000, 5
3.600000, -0.150000, 5
3.750000, -0.150000, 5
3.900000, -0.150000, 5
4.050000, -0.150000, 5
4.200000, -0.150000, 5
4.350000, -0.150000, 5
4.500000, -0.150000, 5
4.650000, -0.150000, 5
4.800000, -0.150000, 5
4.950000, -0.150000, 5
5.100000, -0.150000, 5
5.250000, -0.150000, 5
5.400000, -0.150000, 5
5.550000, -0.150000, 5
5.700000, -0.150000, 5
5.850000, -0.150000, 5
6.000000, -0.150000, 5
6.150000, -0.150000, 5
6.300000, -0.150000, 5
6.450000, -0.150000, 5
6.600000, -0.150000, 5
6.750000, -0.150000, 5
6.900000, -0.150000, 5
7.050000, -0.150000, 5
7.200000, -0.150000, 5
7.350000, -0.150000, 5
7.500000, -0.150000, 5
7.650000, -0.150000, 5
7.800000, -0.150000, 5
7.950000, -0.150000, 5
8.100000, -0.150000, 5
8.250000, -0.150000, 5
8.400000, -0.150000, 5
8.550000, -0.150000, 5
8.700000, -0.150000, 5
8.850000, -0.150000, 5
9.000000, -0.150000, 5
9.150000, -0.150000, 5
9.300000, -0.150000, 5
9.450000, -0.150000, 5
9.600000, -0.150000, 5
9.750000, -0.150000, 5
9.900000, -0.150000, 5
10.050000, -0.150000, 5
10.200000, -0.150000, 5
10.350000, -0.150000, 5
10.500000, -0.150000, 5
10.650000, -0.150000, 5
10.800000, -0.150000, 5
10.950000, -0.150000, 5
11.100000, -0.150000, 5
11.250000, -0.150000, 5
11.400000, -0.150000, 5
11.550000, -0.150000, 5
11.700000, -0.150000, 5
11.850000, -0.150000, 5
12.000000, -0.150000, 5
12.150000, -0.150000, 5
12.300000, -0.150000, 5
12.450000, -0.150000, 5
12.600000, -0.150000, 5
12.750000, -0.150000, 5
12.900000, -0.150000, 5
13.050000, -0.150000, 5
13.200000, -0.150000, 5
13.350000, -0.150000, 5
13.500000, -0.150000, 5
13.650000, -0.150000, 5
13.800000, -0.150000, 5
13.950000, -0.150000, 5
14.100000, -0.150000, 5
14.250000, -0.150000, 5
14.400000, -0.150000, 5
14.550000, -0.150000, 5
14.700000, -0.150000, 5
14.850000, -0.150000, 5
-15.000000, -0.100000, 11
-14.850000, -0.100000, 11
-14.700000, -0.100000, 11
-14.550000, -0.100000, 11
-14.400000, -0.100000, 11
-14.250000, -0.100000, 11
-14.100000, -0.100000, 11
-13.950000, -0.100000, 11
-13.800000, -0.100000, 11
-13.650000, -0.100000, 11
-13.500000, -0.100000, 11
-13.350000, -0.100000, 11
-13.200000, -0.100000, 11
-13.050000, -0.100000, 11
-12.900000, -0.100000, 11
-12.750000, -0.100000, 11
-12.600000, -0.100000, 11
-12.450000, -0.100000, 11
-12.300000, -0.100000, 11
-12.150000, -0.100000, 11
-12.000000, -0.100000, 11
-11.850000, -0.100000, 11
-11.700000, -0.100000, 11
-11.550000, -0.100000, 11
-11.400000, -0.100000, 11
-11.250000, -0.100000, 11
-11.100000, -0.100000, 11
-10.950000, -0.100000, 11
-10.800000, -0.100000, 11
-10.650000, -0.100000, 11
-10.500000, -0.100000, 11
-10.350000, -0.100000, 11
-10.200000, -0.100000, 11
-10.050000, -0.100000, 11
-9.900000, -0.100000, 11
-9.750000, -0.100000, 11
-9.600000, -0.100000, 11
-9.450000, -0.100000, 11
-9.300000, -0.100000, 11
-9.150000, -0.100000, 11
-9.000000, -0.100000, 11
-8.850000, -0.100000, 11
-8.700000, -0.100000, 11
-8.550000, -0.100000, 11
-8.400000, -0.100000, 11
-8.250000, -0.100000, 11
-8.100000, -0.100000, 11
-7.950000, -0.100000, 11
-7.800000, -0.100000, 11
-7.650000, -0.100000, 11
-7.500000, -0.100000, 11
-7.350000, -0.100000, 11
-7.200000, -0.100000, 11
-7.050000, -0.100000, 11
-6.900000, -0.100000, 11
-6.750000, -0.100000, 11
-6.600000, -0.100000, 11
-6.450000, -0.100000, 11
-6.300000, -0.100000, 11
-6.150000, -0.100000, 11
-6.000000, -0.100000, 11
-5.850000, -0.100000, 11
-5.700000, -0.100000, 11
-5.550000, -0.100000, 11
-5.400000, -0.100000, 11
-5.250000, -0.100000, 11
-5.100000, -0.100000, 11
-4.950000, -0.100000, 11
-4.800000, -0.100000, 11
-4.650000, -0.100000, 11
-4.500000, -0.100000, 11
-4.350000, -0.100000, 11
-4.200000, -0.100000, 11
-4.050000, -0.100000, 0
-3.900000, -0.100000, 0
-3.750000, -0.100000, 0
-3.600000, -0.100000, 0
-3.450000, -0.100000, 0
-3.300000, -0.100000, 0
-3.150000, -0.100000, 0
-3.000000, -0.100000, 0
-2.850000, -0.100000, 0
-2.700000, -0.100000, 0
-2.550000, -0.100000, 0
-2.400000, -0.100000, 0
-2.250000, -0.100000, 0
-2.100000, -0.100000, 0
-1.950000, -0.100000, 0
-1.800000, -0.100000, 0
-1.650000, -0.100000, 0
-1.500000, -0.100000, 2
-1.350000, -0.100000, 2
-1.200000, -0.100000, 2
-1.050000, -0.100000, 2
-0.900000, -0.100000, 2
-0.750000, -0.100000, 2
-0.600000, -0.100000, 2
-0.450000, -0.100000, 4
-0.300000, -0.100000, 6
-0.150000, -0.100000, 5
-0.000000, -0.100000, 2
0.150000, -0.100000, 1
0.300000, -0.100000, 8
0.450000, -0.100000, 7
0.600000, -0.100000, 3
0.750000, -0.100000, 3
0.900000, -0.100000, 2
1.050000, -0.100000, 3
1.200000, -0.100000, 5
1.350000, -0.100000, 5
1.500000, -0.100000, 5
1.650000, -0.100000, 5
1.800000, -0.100000, 5
1.950000, -0.100000, 5
2.100000, -0.100000, 5
2.250000, -0.100000, 5
2.400000, -0.100000, 5
2.550000, -0.100000, 5
2.700000, -0.100000, 5
2.850000, -0.100000, 5
3.000000, -0.100000, 5
3.150000, -0.100000, 5
3.300000, -0.100000, 5
3.450000, -0.100000, 5
3.600000, -0.100000, 5
3.750000, -0.100000, 5
3.900000, -0.100000, 5
4.050000, -0.100000, 5
4.200000, -0.100000, 5
4.350000, -0.100000, 5
4.500000, -0.100000, 5
4.650000, -0.100000, 5
4.800000, -0.100000, 5
4.950000, -0.100000, 5
5.100000, -0.100000, 5
5.250000, -0.100000, 5
5.400000, -0.100000, 5
5.550000, -0.100000, 5
5.700000, -0.100000, 5
5.850000, -0.100000, 5
6.000000, -0.100000, 5
6.150000, -0.100000, 5
6.300000, -0.100000, 5
6.450000, -0.100000, 5
6.600000, -0.100000, 5
6.750000, -0.100000, 5
6.900000, -0.100000, 5
7.050000, -0.100000, 5
7.200000, -0.100000, 5
7.350000, -0.100000, 5
7.500000, -0.100000, 5
7.650000, -0.100000, 5
7.800000, -0.100000, 5
7.950000, -0.100000, 5
8.100000, -0.100000, 5
8.250000, -0.100000, 5
8.400000, -0.100000, 5
8.550000, -0.100000, 5
8.700000, -0.100000, 5
8.850000, -0.100000, 5
9.000000, -0.100000, 5
9.150000, -0.100000, 5
9.300000, -0.100000, 5
9.450000, -0.100000, 5
9.600000, -0.100000, 5
9.750000, -0.100000, 5
9.900000, -0.100000, 5
10.050000, -0.100000, 5
10.200000, -0.100000, 5
10.350000, -0.100000, 5
10.500000, -0.100000, 5
10.650000, -0.100000, 5
10.800000, -0.100000, 5
10.950000, -0.100000, 5
11.100000, -0.100000, 5
11.250000, -0.100000, 5
11.400000, -0.100000, 5
11.550000, -0.100000, 5
11.700000, -0.100000, 5
11.850000, -0.100000, 5
12.000000, -0.100000, 5
12.150000, -0.100000, 5
12.300000, -0.100000, 5
12.450000, -0.100000, 5
12.600000, -0.100000, 5
12.750000, -0.100000, 5
12.900000, -0.100000, 5
13.050000, -0.100000, 5
13.200000, -0.100000, 5
13.350000, -0.100000, 5
13.500000, -0.100000, 5
13.650000, -0.100000, 5
13.800000, -0.100000, 5
13.950000, -0.100000, 5
14.100000, -0.100000, 5
14.250000, -0.100000, 5
14.400000, -0.100000, 5
14.550000, -0.100000, 5
14.700000, -0.100000, 5
14.850000, -0.100000, 5
-15.000000, -0.050000, 11
-14.850000, -0.050000, 11
-14.700000, -0.050000, 11
-14.550000, -0.050000, 11
-14.400000, -0.050000, 11
-14.250000, -0.050000, 11
-14.100000, -0.050000, 11
-13.950000, -0.050000, 11
-13.800000, -0.050000, 11
-13.650000, -0.050000, 11
-13.500000, -0.050000, 11
-13.350000, -0.050000, 11
-13.200000, -0.050000, 11
-13.050000, -0.050000, 11
-12.900000, -0.050000, 11
-12.750000, -0.050000, 11
-12.600000, -0.050000, 11
-12.450000, -0.050000, 11
-12.300000, -0.050000, 11
-12.150000, -0.050000, 11
-12.000000, -0.050000, 11
-11.850000, -0.050000, 11
-11.700000, -0.050000, 11
-11.550000, -0.050000, 11
-11.400000, -0.050000, 11
-11.250000, -0.050000, 11
-11.100000, -0.050000, 11
-10.950000, -0.050000, 11
-10.800000, -0.050000, 11
-10.650000, -0.050000, 11
-10.500000, -0.050000, 11
-10.350000, -0.050000, 11
-10.200000, -0.050000, 11
-10.050000, -0.050000, 11
-9.900000, -0.050000, 11
-9.750000, -0.050000, 11
-9.600000, -0.050000, 11
-9.450000, -0.050000, 11
-9.300000, -0.050000, 11
-9.150000, -0.050000, 11
-9.000000, -0.050000, 11
-8.850000, -0.050000, 11
-8.700000, -0.050000, 11
-8.550000, -0.050000, 11
-8.400000, -0.050000, 11
-8.250000, -0.050000, 11
-8.100000, -0.050000, 11
-7.950000, -0.050000, 11
-7.800000, -0.050000, 11
-7.650000, -0.050000, 11
-7.500000, -0.050000, 11
-7.350000, -0.050000, 11
-7.200000, -0.050000, 11
-7.050000, -0.050000, 11
-6.900000, -0.050000, 11
-6.750000, -0.050000, 11
-6.600000, -0.050000, 11
-6.450000, -0.050000, 11
-6.300000, -0.050000, 11
-6.150000, -0.050000, 11
-6.000000, -0.050000, 11
-5.850000, -0.050000, 11
-5.700000, -0.050000, 11
-5.550000, -0.050000, 11
-5.400000, -0.050000, 11
-5.250000, -0.050000, 11
-5.100000, -0.050000, 11
-4.950000, -0.050000, 11
-4.800000, -0.050000, 11
-4.650000, -0.050000, 11
-4.500000, -0.050000, 11
-4.350000, -0.050000, 11
-4.200000, -0.050000, 11
-4.050000, -0.050000, 11
-3.900000, -0.050000, 2
-3.750000, -0.050000, 0
-3.600000, -0.050000, 0
-3.450000, -0.050000, 0
-3.300000, -0.050000, 0
-3.150000, -0.050000, 0
-3.000000, -0.050000, 0
-2.850000, -0.050000, 0
-2.700000, -0.050000, 0
-2.550000, -0.050000, 0
-2.400000, -0.050000, 0
-2.250000, -0.050000, 0
-2.100000, -0.050000, 0
-1.950000, -0.050000, 0
-1.800000, -0.050000, 0
-1.650000, -0.050000, 0
-1.500000, -0.050000, 2
-1.350000, -0.050000, 2
-1.200000, -0.050000, 2
-1.050000, -0.050000, 2
-0.900000, -0.050000, 2
-0.750000, -0.050000, 2
-0.600000, -0.050000, 2
-0.450000, -0.050000, 9
-0.300000, -0.050000, 4
-0.150000, -0.050000, 5
-0.000000, -0.050000, 5
0.150000, -0.050000, 3
0.300000, -0.050000, 3
0.450000, -0.050000, 1
0.600000, -0.050000, 10
0.750000, -0.050000, 3
0.900000, -0.050000, 2
1.050000, -0.050000, 0
1.200000, -0.050000, 5
1.350000, -0.050000, 5
1.500000, -0.050000, 5
1.650000, -0.050000, 5
1.800000, -0.050000, 5
1.950000, -0.050000, 5
2.100000, -0.050000, 5
2.250000, -0.050000, 5
2.400000, -0.050000, 5
2.550000, -0.050000, 5
2.700000, -0.050000, 5
2.850000, -0.050000, 5
3.000000, -0.050000, 5
3.150000, -0.050000, 5
3.300000, -0.050000, 5
3.450000, -0.050000, 5
3.600000, -0.050000, 5
3.750000, -0.050000, 5
3.900000, -0.050000, 5
4.050000, -0.050000, 5
4.200000, -0.050000, 5
4.350000, -0.050000, 5
4.500000, -0.050000, 5
4.650000, -0.050000, 5
4.800000, -0.050000, 5
4.950000, -0.050000, 5
5.100000, -0.050000, 5
5.250000, -0.050000, 5
5.400000, -0.050000, 5
5.550000, -0.050000, 5
5.700000, -0.050000, 5
5.850000, -0.050000, 5
6.000000, -0.050000, 5
6.150000, -0.050000, 5
6.300000, -0.050000, 5
6.450000, -0.050000, 5
6.600000, -0.050000, 5
6.750000, -0.050000, 5
6.900000, -0.050000, 5
7.050000, -0.050000, 5
7.200000, -0.050000, 5
7.350000, -0.050000, 5
7.500000, -0.050000, 5
7.650000, -0.050000, 5
7.800000, -0.050000, 5
7.950000, -0.050000, 5
8.100000, -0.050000, 5
8.250000, -0.050000, 5
8.400000, -0.050000, 5
8.550000, -0.050000, 5
8.700000, -0.050000, 5
8.850000, -0.050000, 5
9.000000, -0.050000, 5
9.150000, -0.050000, 5
9.300000, -0.050000, 5
9.450000, -0.050000, 5
9.600000, -0.050000, 5
9.750000, -0.050000, 5
9.900000, -0.050000, 5
10.050000, -0.050000, 5
10.200000, -0.050000, 5
10.350000, -0.050000, 5
10.500000, -0.050000, 5
10.650000, -0.050000, 5
10.800000, -0.050000, 5
10.950000, -0.050000, 5
11.100000, -0.050000, 5
11.250000, -0.050000, 5
11.400000, -0.050000, 5
11.550000, -0.050000, 5
11.700000, -0.050000, 5
11.850000, -0.050000, 5
12.000000, -0.050000, 5
12.150000, -0.050000, 5
12.300000, -0.050000, 5
12.450000, -0.050000, 5
12.600000, -0.050000, 5
12.750000, -0.050000, 5
12.900000, -0.050000, 5
13.050000, -0.050000, 5
13.200000, -0.050000, 5
13.350000, -0.050000, 5
13.500000, -0.050000, 5
13.650000, -0.050000, 5
13.800000, -0.050000, 5
13.950000, -0.050000, 5
14.100000, -0.050000, 5
14.250000, -0.050000, 5
14.400000, -0.050000, 5
14.550000, -0.050000, 5
14.700000, -0.050000, 5
14.850000, -0.050000, 5
-15.000000, 0.000000, 11
-14.850000, 0.000000, 11
-14.700000, 0.000000, 11
-14.550000, 0.000000, 11
-14.400000, 0.000000, 11
-14.250000, 0.000000, 11
-14.100000, 0.000000, 11
-13.950000, 0.000000, 11
-13.800000, 0.000000, 11
-13.650000, 0.000000, 11
-13.500000, 0.000000, 11
-13.350000, 0.000000, 11
-13.200000, 0.000000, 11
-13.050000, 0.000000, 11
-12.900000, 0.000000, 11
-12.750000, 0.000000, 11
-12.600000, 0.000000, 11
-12.450000, 0.000000, 11
-12.300000, 0.000000, 11
-12.150000, 0.000000, 11
-12.000000, 0.000000, 11
-11.850000, 0.000000, 11
-11.700000, 0.000000, 11
-11.550000, 0.000000, 11
-11.400000, 0.000000, 11
-11.250000, 0.000000, 11
-11.100000, 0.000000, 11
-10.950000, 0.000000, 11
-10.800000, 0.000000, 11
-10.650000, 0.000000, 11
-10.500000, 0.000000, 11
-10.350000, 0.000000, 11
-10.200000, 0.000000, 11
-10.050000, 0.000000, 11
-9.900000, 0.000000, 11
-9.750000, 0.000000, 11
-9.600000, 0.000000, 11
-9.450000, 0.000000, 11
-9.300000, 0.000000, 11
-9.150000, 0.000000, 11
-9.000000, 0.000000, 11
-8.850000, 0.000000, 11
-8.700000, 0.000000, 11
-8.550000, 0.000000, 11
-8.400000, 0.000000, 11
-8.250000, 0.000000, 11
-8.100000, 0.000000, 11
-7.950000, 0.000000, 11
-7.800000, 0.000000, 11
-7.650000, 0.000000, 11
-7.500000, 0.000000, 11
-7.350000, 0.000000, 11
-7.200000, 0.000000, 11
-7.050000, 0.000000, 11
-6.900000, 0.000000, 11
-6.750000, 0.000000, 11
-6.600000, 0.000000, 11
-6.450000, 0.000000, 11
-6.300000, 0.000000, 11
-6.150000, 0.000000, 11
-6.000000, 0.000000, 11
-5.850000, 0.000000, 11
-5.700000, 0.000000, 11
-5.550000, 0.000000, 11
-5.400000, 0.000000, 11
-5.250000, 0.000000, 11
-5.100000, 0.000000, 11
-4.950000, 0.000000, 11
-4.800000, 0.000000, 11
-4.650000, 0.000000, 11
-4.500000, 0.000000, 11
-4.350000, 0.000000, 11
-4.200000, 0.000000, 11
-4.050000, 0.000000, 11
-3.900000, 0.000000, 0
-3.750000, 0.000000, 0
-3.600000, 0.000000, 0
-3.450000, 0.000000, 0
-3.300000, 0.000000, 0
-3.150000, 0.000000, 0
-3.000000, 0.000000, 0
-2.850000, 0.000000, 0
-2.700000, 0.000000, 0
-2.550000, 0.000000, 0
-2.400000, 0.000000, 0
-2.250000, 0.000000, 0
-2.100000, 0.000000, 0
-1.950000, 0.000000, 0
-1.800000, 0.000000, 0
-1.650000, 0.000000, 0
-1.500000, 0.000000, 0
-1.350000, 0.000000, 2
-1.200000, 0.000000, 2
-1.050000, 0.000000, 2
-0.900000, 0.000000, 2
-0.750000, 0.000000, 2
-0.600000, 0.000000, 2
-0.450000, 0.000000, 11
-0.300000, 0.000000, 5
-0.150000, 0.000000, 5
-0.000000, 0.000000, 5
0.150000, 0.000000, 5
0.300000, 0.000000, 11
0.450000, 0.000000, 2
0.600000, 0.000000, 5
0.750000, 0.000000, 5
0.900000, 0.000000, 11
1.050000, 0.000000, 5
1.200000, 0.000000, 5
1.350000, 0.000000, 5
1.500000, 0.000000, 5
1.650000, 0.000000, 5
1.800000, 0.000000, 5
1.950000, 0.000000, 5
2.100000, 0.000000, 5
2.250000, 0.000000, 5
2.400000, 0.000000, 5
2.550000, 0.000000, 5
2.700000, 0.000000, 5
2.850000, 0.000000, 5
3.000000, 0.000000, 5
3.150000, 0.000000, 5
3.300000, 0.000000, 5
3.450000, 0.000000, 5
3.600000, 0.000000, 5
3.750000, 0.000000, 5
3.900000, 0.000000, 5
4.050000, 0.000000, 5
4.200000, 0.000000, 5
4.350000, 0.000000, 5
4.500000, 0.000000, 5
4.650000, 0.000000, 5
4.800000, 0.000000, 5
4.950000, 0.000000, 5
5.100000, 0.000000, 5
5.250000, 0.000000, 5
5.400000, 0.000000, 5
5.550000, 0.000000, 5
5.700000, 0.000000, 5
5.850000, 0.000000, 5
6.000000, 0.000000, 5
6.150000, 0.000000, 5
6.300000, 0.000000, 5
6.450000, 0.000000, 5
6.600000, 0.000000, 5
6.750000, 0.000000, 5
6.900000, 0.000000, 5
7.050000, 0.000000, 5
7.200000, 0.000000, 5
7.350000, 0.000000, 5
7.500000, 0.000000, 5
7.650000, 0.000000, 5
7.800000, 0.000000, 5
7.950000, 0.000000, 5
8.100000, 0.000000, 5
8.250000, 0.000000, 5
8.400000, 0.000000, 5
8.550000, 0.000000, 5
8.700000, 0.000000, 5
8.850000, 0.000000, 5
9.000000, 0.000000, 5
9.150000, 0.000000, 5
9.300000, 0.000000, 5
9.450000, 0.000000, 5
9.600000, 0.000000, 5
9.750000, 0.000000, 5
9.900000, 0.000000, 5
10.050000, 0.000000, 5
10.200000, 0.000000, 5
10.350000, 0.000000, 5
10.500000, 0.000000, 5
10.650000, 0.000000, 5
10.800000, 0.000000, 5
10.950000, 0.000000, 5
11.100000, 0.000000, 5
11.250000, 0.000000, 5
11.400000, 0.000000, 5
11.550000, 0.000000, 5
11.700000, 0.000000, 5
11.850000, 0.000000, 5
12.000000, 0.000000, 5
12.150000, 0.000000, 5
12.300000, 0.000000, 5
12.450000, 0.000000, 5
12.600000, 0.000000, 5
12.750000, 0.000000, 5
12.900000, 0.000000, 5
13.050000, 0.000000, 5
13.200000, 0.000000, 5
13.350000, 0.000000, 5
13.500000, 0.000000, 5
13.650000, 0.000000, 5
13.800000, 0.000000, 5
13.950000, 0.000000, 5
14.100000, 0.000000, 5
14.250000, 0.000000, 5
14.400000, 0.000000, 5
14.550000, 0.000000, 5
14.700000, 0.000000, 5
14.850000, 0.000000, 5
-15.000000, 0.050000, 11
-14.850000, 0.050000, 11
-14.700000, 0.050000, 11
-14.550000, 0.050000, 11
-14.400000, 0.050000, 11
-14.250000, 0.050000, 11
-14.100000, 0.050000, 11
-13.950000, 0.050000, 11
-13.800000, 0.050000, 11
-13.650000, 0.050000, 11
-13.500000, 0.050000, 11
-13.350000, 0.050000, 11
-13.200000, 0.050000, 11
-13.050000, 0.050000, 11
-12.900000, 0.050000, 11
-12.750000, 0.050000, 11
-12.600000, 0.050000, 11
-12.450000, 0.050000, 11
-12.300000, 0.050000, 11
-12.150000, 0.050000, 11
-12.000000, 0.050000, 11
-11.850000, 0.050000, 11
-11.700000, 0.050000, 11
-11.550000, 0.050000, 11
-11.400000, 0.050000, 11
-11.250000, 0.050000, 11
-11.100000, 0.050000, 11
-10.950000, 0.050000, 11
-10.800000, 0.050000, 11
-10.650000, 0.050000, 11
-10.500000, 0.050000, 11
-10.350000, 0.050000, 11
-10.200000, 0.050000, 11
-10.050000, 0.050000, 11
-9.900000, 0.050000, 11
-9.750000, 0.050000, 11
-9.600000, 0.050000, 11
-9.450000, 0.050000, 11
-9.300000, 0.050000, 11
-9.150000, 0.050000, 11
-9.000000, 0.050000, 11
-8.850000, 0.050000, 11
-8.700000, 0.050000, 11
-8.550000, 0.050000, 11
-8.400000, 0.050000, 11
-8.250000, 0.050000, 11
-8.100000, 0.050000, 11
-7.950000, 0.050000, 11
-7.800000, 0.050000, 11
-7.650000, 0.050000, 11
-7.500000, 0.050000, 11
-7.350000, 0.050000, 11
-7.200000, 0.050000, 11
-7.050000, 0.050000, 11
-6.900000, 0.050000, 11
-6.750000, 0.050000, 11
-6.600000, 0.050000, 11
-6.450000, 0.050000, 11
-6.300000, 0.050000, 11
-6.150000, 0.050000, 11
-6.000000, 0.050000, 11
-5.850000, 0.050000, 11
-5.700000, 0.050000, 11
-5.550000, 0.050000, 11
-5.400000, 0.050000, 11
-5.250000, 0.050000, 11
-5.100000, 0.050000, 11
-4.950000, 0.050000, 11
-4.800000, 0.050000, 11
-4.650000, 0.050000, 11
-4.500000, 0.050000, 11
-4.350000, 0.050000, 11
-4.200000, 0.050000, 11
-4.050000, 0.050000, 11
-3.900000, 0.050000, 2
-3.750000, 0.050000, 0
-3.600000, 0.050000, 0
-3.450000, 0.050000, 0
-3.300000, 0.050000, 0
-3.150000, 0.050000, 0
-3.000000, 0.050000, 0
-2.850000, 0.050000, 0
-2.700000, 0.050000, 0
-2.550000, 0.050000, 0
-2.400000, 0.050000, 0
-2.250000, 0.050000, 0
-2.100000, 0.050000, 0
-1.950000, 0.050000, 0
-1.800000, 0.050000, 0
-1.650000, 0.050000, 0
-1.500000, 0.050000, 2
-1.350000, 0.050000, 2
-1.200000, 0.050000, 2
-1.050000, 0.050000, 2
-0.900000, 0.050000, 2
-0.750000, 0.050000, 2
-0.600000, 0.050000, 2
-0.450000, 0.050000, 7
-0.300000, 0.050000, 3
-0.150000, 0.050000, 5
-0.000000, 0.050000, 5
0.150000, 0.050000, 4
0.300000, 0.050000, 4
0.450000, 0.050000, 6
0.600000, 0.050000, 8
0.750000, 0.050000, 4
0.900000, 0.050000, 2
1.050000, 0.050000, 0
1.200000, 0.050000, 5
1.350000, 0.050000, 5
1.500000, 0.050000, 5
1.650000, 0.050000, 5
1.800000, 0.050000, 5
1.950000, 0.050000, 5
2.100000, 0.050000, 5
2.250000, 0.050000, 5
2.400000, 0.050000, 5
2.550000, 0.050000, 5
2.700000, 0.050000, 5
2.850000, 0.050000, 5
3.000000, 0.050000, 5
3.150000, 0.050000, 5
3.300000, 0.050000, 5
3.450000, 0.050000, 5
3.600000, 0.050000, 5
3.750000, 0.050000, 5
3.900000, 0.050000, 5
4.050000, 0.050000, 5
4.200000, 0.050000, 5
4.350000, 0.050000, 5
4.500000, 0.050000, 5
4.650000, 0.050000, 5
4.800000, 0.050000, 5
4.950000, 0.050000, 5
5.100000, 0.050000, 5
5.250000, 0.050000, 5
5.400000, 0.050000, 5
5.550000, 0.050000, 5
5.700000, 0.050000, 5
5.850000, 0.050000, 5
6.000000, 0.050000, 5
6.150000, 0.050000, 5
6.300000, 0.050000, 5
6.450000, 0.050000, 5
6.600000, 0.050000, 5
6.750000, 0.050000, 5
6.900000, 0.050000, 5
7.050000, 0.050000, 5
7.200000, 0.050000, 5
7.350000, 0.050000, 5
7.500000, 0.050000, 5
7.650000, 0.050000, 5
7.800000, 0.050000, 5
7.950000, 0.050000, 5
8.100000, 0.050000, 5
8.250000, 0.050000, 5
8.400000, 0.050000, 5
8.550000, 0.050000, 5
8.700000, 0.050000, 5
8.850000, 0.050000, 5
9.000000, 0.050000, 5
9.150000, 0.050000, 5
9.300000, 0.050000, 5
9.450000, 0.050000, 5
9.600000, 0.050000, 5
9.750000, 0.050000, 5
9.900000, 0.050000, 5
10.050000, 0.050000, 5
10.200000, 0.050000, 5
10.350000, 0.050000, 5
10.500000, 0.050000, 5
10.650000, 0.050000, 5
10.800000, 0.050000, 5
10.950000, 0.050000, 5
11.100000, 0.050000, 5
11.250000, 0.050000, 5
11.400000, 0.050000, 5
11.550000, 0.050000, 5
11.700000, 0.050000, 5
11.850000, 0.050000, 5
12.000000, 0.050000, 5
12.150000, 0.050000, 5
12.300000, 0.050000, 5
12.450000, 0.050000, 5
12.600000, 0.050000, 5
12.750000, 0.050000, 5
12.900000, 0.050000, 5
13.050000, 0.050000, 5
13.200000, 0.050000, 5
13.350000, 0.050000, 5
13.500000, 0.050000, 5
13.650000, 0.050000, 5
13.800000, 0.050000, 5
13.950000, 0.050000, 5
14.100000, 0.050000, 5
14.250000, 0.050000, 5
14.400000, 0.050000, 5
14.550000, 0.050000, 5
14.700000, 0.050000, 5
14.850000, 0.050000, 5
-15.000000, 0.100000, 11
-14.850000, 0.100000, 11
-14.700000, 0.100000, 11
-14.550000, 0.100000, 11
-14.400000, 0.100000, 11
-14.250000, 0.100000, 11
-14.100000, 0.100000, 11
-13.950000, 0.100000, 11
-13.800000, 0.100000, 11
-13.650000, 0.100000, 11
-13.500000, 0.100000, 11
-13.350000, 0.100000, 11
-13.200000, 0.100000, 11
-13.050000, 0.100000, 11
-12.900000, 0.100000, 11
-12.750000, 0.100000, 11
-12.600000, 0.100000, 11
-12.450000, 0.100000, 11
-12.300000, 0.100000, 11
-12.150000, 0.100000, 11
-12.000000, 0.100000, 11
-11.850000, 0.100000, 11
-11.700000, 0.100000, 11
-11.550000, 0.100000, 11
-11.400000, 0.100000, 11
-11.250000, 0.100000, 11
-11.100000, 0.100000, 11
-10.950000, 0.100000, 11
-10.800000, 0.100000, 11
-10.650000, 0.100000, 11
-10.500000, 0.100000, 11
-10.350000, 0.100000, 11
-10.200000, 0.100000, 11
-10.050000, 0.100000, 11
-9.900000, 0.100000, 11
-9.750000, 0.100000, 11
-9.600000, 0.100000, 11
-9.450000, 0.100000, 11
-9.300000, 0.100000, 11
-9.150000, 0.100000, 11
-9.000000, 0.100000, 11
-8.850000, 0.100000, 11
-8.700000, 0.100000, 11
-8.550000, 0.100000, 11
-8.400000, 0.100000, 11
-8.250000, 0.100000, 11
-8.100000, 0.100000, 11
-7.950000, 0.100000, 11
-7.800000, 0.100000, 11
-7.650000, 0.100000, 11
-7.500000, 0.100000, 11
-7.350000, 0.100000, 11
-7.200000, 0.100000, 11
-7.050000, 0.100000, 11
-6.900000, 0.100000, 11
-6.750000, 0.100000, 11
-6.600000, 0.100000, 11
-6.450000, 0.100000, 11
-6.300000, 0.100000, 11
-6.150000, 0.100000, 11
-6.000000, 0.100000, 11
-5.850000, 0.100000, 11
-5.700000, 0.100000, 11
-5.550000, 0.100000, 11
-5.400000, 0.100000, 11
-5.250000, 0.100000, 11
-5.100000, 0.100000, 11
-4.950000, 0.100000, 11
-4.800000, 0.100000, 11
-4.650000, 0.100000, 11
-4.500000, 0.100000, 11
-4.350000, 0.100000, 11
-4.200000, 0.100000, 11
-4.050000, 0.100000, 0
-3.900000, 0.100000, 0
-3.750000, 0.100000, 0
-3.600000, 0.100000, 0
-3.450000, 0.100000, 0
-3.300000, 0.100000, 0
-3.150000, 0.100000, 0
-3.000000, 0.100000, 0
-2.850000, 0.100000, 0
-2.700000, 0.100000, 0
-2.550000, 0.100000, 0
-2.400000, 0.100000, 0
-2.250000, 0.100000, 0
-2.100000, 0.100000, 0
-1.950000, 0.100000, 0
-1.800000, 0.100000, 0
-1.650000, 0.100000, 0
-1.500000, 0.100000, 2
-1.350000, 0.100000, 2
-1.200000, 0.100000, 2
-1.050000, 0.100000, 2
-0.900000, 0.100000, 2
-0.750000, 0.100000, 2
-0.600000, 0.100000, 2
-0.450000, 0.100000, 3
-0.300000, 0.100000, 1
-0.150000, 0.100000, 5
-0.000000, 0.100000, 2
0.150000, 0.100000, 6
0.300000, 0.100000, 10
0.450000, 0.100000, 9
0.600000, 0.100000, 4
0.750000, 0.100000, 4
0.900000, 0.100000, 2
1.050000, 0.100000, 4
1.200000, 0.100000, 5
1.350000, 0.100000, 5
1.500000, 0.100000, 5
1.650000, 0.100000, 5
1.800000, 0.100000, 5
1.950000, 0.100000, 5
2.100000, 0.100000, 5
2.250000, 0.100000, 5
2.400000, 0.100000, 5
2.550000, 0.100000, 5
2.700000, 0.100000, 5
2.850000, 0.100000, 5
3.000000, 0.100000, 5
3.150000, 0.100000, 5
3.300000, 0.100000, 5
3.450000, 0.100000, 5
3.600000, 0.100000, 5
3.750000, 0.100000, 5
3.900000, 0.100000, 5
4.050000, 0.100000, 5
4.200000, 0.100000, 5
4.350000, 0.100000, 5
4.500000, 0.100000, 5
4.650000, 0.100000, 5
4.800000, 0.100000, 5
4.950000, 0.100000, 5
5.100000, 0.100000, 5
5.250000, 0.100000, 5
5.400000, 0.100000, 5
5.550000, 0.100000, 5
5.700000, 0.100000, 5
5.850000, 0.100000, 5
6.000000, 0.100000, 5
6.150000, 0.100000, 5
6.300000, 0.100000, 5
6.450000, 0.100000, 5
6.600000, 0.100000, 5
6.750000, 0.100000, 5
6.900000, 0.100000, 5
7.050000, 0.100000, 5
7.200000, 0.100000, 5
7.350000, 0.100000, 5
7.500000, 0.100000, 5
7.650000, 0.100000, 5
7.800000, 0.100000, 5
7.950000, 0.100000, 5
8.100000, 0.100000, 5
8.250000, 0.100000, 5
8.400000, 0.100000, 5
8.550000, 0.100000, 5
8.700000, 0.100000, 5
8.850000, 0.100000, 5
9.000000, 0.100000, 5
9.150000, 0.100000, 5
9.300000, 0.100000, 5
9.450000, 0.100000, 5
9.600000, 0.100000, 5
9.750000, 0.100000, 5
9.900000, 0.100000, 5
10.050000, 0.100000, 5
10.200000, 0.100000, 5
10.350000, 0.100000, 5
10.500000, 0.100000, 5
10.650000, 0.100000, 5
10.800000, 0.100000, 5
10.950000, 0.100000, 5
11.100000, 0.100000, 5
11.250000, 0.100000, 5
11.400000, 0.100000, 5
11.550000, 0.100000, 5
11.700000, 0.100000, 5
11.850000, 0.100000, 5
12.000000, 0.100000, 5
12.150000, 0.100000, 5
12.300000, 0.100000, 5
12.450000, 0.100000, 5
12.600000, 0.100000, 5
12.750000, 0.100000, 5
12.900000, 0.100000, 5
13.050000, 0.100000, 5
13.200000, 0.100000, 5
13.350000, 0.100000, 5
13.500000, 0.100000, 5
13.650000, 0.100000, 5
13.800000, 0.100000, 5
13.950000, 0.100000, 5
14.100000, 0.100000, 5
14.250000, 0.100000, 5
14.400000, 0.100000, 5
14.550000, 0.100000, 5
14.700000, 0.100000, 5
14.850000, 0.100000, 5
-15.000000, 0.150000, 11
-14.850000, 0.150000, 11
-14.700000, 0.150000, 11
-14.550000, 0.150000, 11
-14.400000, 0.150000, 11
-14.250000, 0.150000, 11
-14.100000, 0.150000, 11
-13.950000, 0.150000, 11
-13.800000, 0.150000, 11
-13.650000, 0.150000, 11
-13.500000, 0.150000, 11
-13.350000, 0.150000, 11
-13.200000, 0.150000, 11
-13.050000, 0.150000, 11
-12.900000, 0.150000, 11
-12.750000, 0.150000, 11
-12.600000, 0.150000, 11
-12.450000, 0.150000, 11
-12.300000, 0.150000, 11
-12.150000, 0.150000, 11
-12.000000, 0.150000, 11
-11.850000, 0.150000, 11
-11.700000, 0.150000, 11
-11.550000, 0.150000, 11
-11.400000, 0.150000, 11
-11.250000, 0.150000, 11
-11.100000, 0.150000, 11
-10.950000, 0.150000, 11
-10.800000, 0.150000, 11
-10.650000, 0.150000, 11
-10.500000, 0.150000, 11
-10.350000, 0.150000, 11
-10.200000, 0.150000, 11
-10.050000, 0.150000, 11
-9.900000, 0.150000, 11
-9.750000, 0.150000, 11
-9.600000, 0.150000, 11
-9.450000, 0.150000, 11
-9.300000, 0.150000, 11
-9.150000, 0.150000, 11
-9.000000, 0.150000, 11
-8.850000, 0.150000, 11
-8.700000, 0.150000, 11
-8.550000, 0.150000, 11
-8.400000, 0.150000, 11
-8.250000, 0.150000, 11
-8.100000, 0.150000, 11
-7.950000, 0.150000, 11
-7.800000, 0.150000, 11
-7.650000, 0.150000, 11
-7.500000, 0.150000, 11
-7.350000, 0.150000, 11
-7.200000, 0.150000, 11
-7.050000, 0.150000, 11
-6.900000, 0.150000, 11
-6.750000, 0.150000, 11
-6.600000, 0.150000, 11
-6.450000, 0.150000, 11
-6.300000, 0.150000, 11
-6.150000, 0.150000, 11
-6.000000, 0.150000, 11
-5.850000, 0.150000, 11
-5.700000, 0.150000, 11
-5.550000, 0.150000, 11
-5.400000, 0.150000, 11
-5.250000, 0.150000, 11
-5.100000, 0.150000, 11
-4.950000, 0.150000, 11
-4.800000, 0.150000, 11
-4.650000, 0.150000, 11
-4.500000, 0.150000, 11
-4.350000, 0.150000, 11
-4.200000, 0.150000, 11
-4.050000, 0.150000, 0
-3.900000, 0.150000, 0
-3.750000, 0.150000, 0
-3.600000, 0.150000, 0
-3.450000, 0.150000, 0
-3.300000, 0.150000, 0
-3.150000, 0.150000, 0
-3.000000, 0.150000, 0
-2.850000, 0.150000, 0
-2.700000, 0.150000, 0
-2.550000, 0.150000, 0
-2.400000, 0.150000, 0
-2.250000, 0.150000, 0
-2.100000, 0.150000, 0
-1.950000, 0.150000, 0
-1.800000, 0.150000, 0
-1.650000, 0.150000, 0
-1.500000, 0.150000, 2
-1.350000, 0.150000, 2
-1.200000, 0.150000, 2
-1.050000, 0.150000, 2
-0.900000, 0.150000, 2
-0.750000, 0.150000, 2
-0.600000, 0.150000, 2
-0.450000, 0.150000, 3
-0.300000, 0.150000, 1
-0.150000, 0.150000, 8
-0.000000, 0.150000, 6
0.150000, 0.150000, 6
0.300000, 0.150000, 10
0.450000, 0.150000, 8
0.600000, 0.150000, 4
0.750000, 0.150000, 10
0.900000, 0.150000, 10
1.050000, 0.150000, 8
1.200000, 0.150000, 5
1.350000, 0.150000, 5
1.500000, 0.150000, 5
1.650000, 0.150000, 5
1.800000, 0.150000, 5
1.950000, 0.150000, 5
2.100000, 0.150000, 5
2.250000, 0.150000, 5
2.400000, 0.150000, 5
2.550000, 0.150000, 5
2.700000, 0.150000, 5
2.850000, 0.150000, 5
3.000000, 0.150000, 5
3.150000, 0.150000, 5
3.300000, 0.150000, 5
3.450000, 0.150000, 5
3.600000, 0.150000, 5
3.750000, 0.150000, 5
3.900000, 0.150000, 5
4.050000, 0.150000, 5
4.200000, 0.150000, 5
4.350000, 0.150000, 5
4.500000, 0.150000, 5
4.650000, 0.150000, 5
4.800000, 0.150000, 5
4.950000, 0.150000, 5
5.100000, 0.150000, 5
5.250000, 0.150000, 5
5.400000, 0.150000, 5
5.550000, 0.150000, 5
5.700000, 0.150000, 5
5.850000, 0.150000, 5
6.000000, 0.150000, 5
6.150000, 0.150000, 5
6.300000, 0.150000, 5
6.450000, 0.150000, 5
6.600000, 0.150000, 5
6.750000, 0.150000, 5
6.900000, 0.150000, 5
7.050000, 0.150000, 5
7.200000, 0.150000, 5
7.350000, 0.150000, 5
7.500000, 0.150000, 5
7.650000, 0.150000, 5
7.800000, 0.150000, 5
7.950000, 0.150000, 5
8.100000, 0.150000, 5
8.250000, 0.150000, 5
8.400000, 0.150000, 5
8.550000, 0.150000, 5
8.700000, 0.150000, 5
8.850000, 0.150000, 5
9.000000, 0.150000, 5
9.150000, 0.150000, 5
9.300000, 0.150000, 5
9.450000, 0.150000, 5
9.600000, 0.150000, 5
9.750000, 0.150000, 5
9.900000, 0.150000, 5
10.050000, 0.150000, 5
10.200000, 0.150000, 5
10.350000, 0.150000, 5
10.500000, 0.150000, 5
10.650000, 0.150000, 5
10.800000, 0.150000, 5
10.950000, 0.150000, 5
11.100000, 0.150000, 5
11.250000, 0.150000, 5
11.400000, 0.150000, 5
11.550000, 0.150000, 5
11.700000, 0.150000, 5
11.850000, 0.150000, 5
12.000000, 0.150000, 5
12.150000, 0.150000, 5
12.300000, 0.150000, 5
12.450000, 0.150000, 5
12.600000, 0.150000, 5
12.750000, 0.150000, 5
12.900000, 0.150000, 5
13.050000, 0.150000, 5
13.200000, 0.150000, 5
13.350000, 0.150000, 5
13.500000, 0.150000, 5
13.650000, 0.150000, 5
13.800000, 0.150000, 5
13.950000, 0.150000, 5
14.100000, 0.150000, 5
14.250000, 0.150000, 5
14.400000, 0.150000, 5
14.550000, 0.150000, 5
14.700000, 0.150000, 5
14.850000, 0.150000, 5
-15.000000, 0.200000, 11
-14.850000, 0.200000, 11
-14.700000, 0.200000, 11
-14.550000, 0.200000, 11
-14.400000, 0.200000, 11
-14.250000, 0.200000, 11
-14.100000, 0.200000, 11
-13.950000, 0.200000, 11
-13.800000, 0.200000, 11
-13.650000, 0.200000, 11
-13.500000, 0.200000, 11
-13.350000, 0.200000, 11
-13.200000, 0.200000, 11
-13.050000, 0.200000, 11
-12.900000, 0.200000, 11
-12.750000, 0.200000, 11
-12.600000, 0.200000, 11
-12.450000, 0.200000, 11
-12.300000, 0.200000, 11
-12.150000, 0.200000, 11
-12.000000, 0.200000, 11
-11.850000, 0.200000, 11
-11.700000, 0.200000, 11
-11.550000, 0.200000, 11
-11.400000, 0.200000, 11
-11.250000, 0.200000, 11
-11.100000, 0.200000, 11
-10.950000, 0.200000, 11
-10.800000, 0.200000, 11
-10.650000, 0.200000, 11
-10.500000, 0.200000, 11
-10.350000, 0.200000, 11
-10.200000, 0.200000, 11
-10.050000, 0.200000, 11
-9.900000, 0.200000, 11
-9.750000, 0.200000, 11
-9.600000, 0.200000, 11
-9.450000, 0.200000, 11
-9.300000, 0.200000, 11
-9.150000, 0.200000, 11
-9.000000, 0.200000, 11
-8.850000, 0.200000, 11
-8.700000, 0.200000, 11
-8.550000, 0.200000, 11
-8.400000, 0.200000, 11
-8.250000, 0.200000, 11
-8.100000, 0.200000, 11
-7.950000, 0.200000, 11
-7.800000, 0.200000, 11
-7.650000, 0.200000, 11
-7.500000, 0.200000, 11
-7.350000, 0.200000, 11
-7.200000, 0.200000, 11
-7.050000, 0.200000, 11
-6.900000, 0.200000, 11
-6.750000, 0.200000, 11
-6.600000, 0.200000, 11
-6.450000, 0.200000, 11
-6.300000, 0.200000, 11
-6.150000, 0.200000, 11
-6.000000, 0.200000, 11
-5.850000, 0.200000, 11
-5.700000, 0.200000, 11
-5.550000, 0.200000, 11
-5.400000, 0.200000, 11
-5.250000, 0.200000, 11
-5.100000, 0.200000, 11
-4.950000, 0.200000, 11
-4.800000, 0.200000, 11
-4.650000, 0.200000, 11
-4.500000, 0.200000, 11
-4.350000, 0.200000, 11
-4.200000, 0.200000, 11
-4.050000, 0.200000, 0
-3.900000, 0.200000, 0
-3.750000, 0.200000, 0
-3.600000, 0.200000, 0
-3.450000, 0.200000, 0
-3.300000, 0.200000, 0
-3.150000, 0.200000, 0
-3.000000, 0.200000, 0
-2.850000, 0.200000, 0
-2.700000, 0.200000, 0
-2.550000, 0.200000, 0
-2.400000, 0.200000, 0
-2.250000, 0.200000, 0
-2.100000, 0.200000, 0
-1.950000, 0.200000, 0
-1.800000, 0.200000, 0
-1.650000, 0.200000, 0
-1.500000, 0.200000, 2
-1.350000, 0.200000, 2
-1.200000, 0.200000, 2
-1.050000, 0.200000, 2
-0.900000, 0.200000, 2
-0.750000, 0.200000, 2
-0.600000, 0.200000, 6
-0.450000, 0.200000, 3
-0.300000, 0.200000, 8
-0.150000, 0.200000, 9
-0.000000, 0.200000, 6
0.150000, 0.200000, 4
0.300000, 0.200000, 10
0.450000, 0.200000, 4
0.600000, 0.200000, 4
0.750000, 0.200000, 4
0.900000, 0.200000, 4
1.050000, 0.200000, 2
1.200000, 0.200000, 2
1.350000, 0.200000, 5
1.500000, 0.200000, 5
1.650000, 0.200000, 5
1.800000, 0.200000, 5
1.950000, 0.200000, 5
2.100000, 0.200000, 5
2.250000, 0.200000, 5
2.400000, 0.200000, 5
2.550000, 0.200000, 5
2.700000, 0.200000, 5
2.850000, 0.200000, 5
3.000000, 0.200000, 5
3.150000, 0.200000, 5
3.300000, 0.200000, 5
3.450000, 0.200000, 5
3.600000, 0.200000, 5
3.750000, 0.200000, 5
3.900000, 0.200000, 5
4.050000, 0.200000, 5
4.200000, 0.200000, 5
4.350000, 0.200000, 5
4.500000, 0.200000, 5
4.650000, 0.200000, 5
4.800000, 0.200000, 5
4.950000, 0.200000, 5
5.100000, 0.200000, 5
5.250000, 0.200000, 5
5.400000, 0.200000, 5
5.550000, 0.200000, 5
5.700000, 0.200000, 5
5.850000, 0.200000, 5
6.000000, 0.200000, 5
6.150000, 0.200000, 5
6.300000, 0.200000, 5
6.450000, 0.200000, 5
6.600000, 0.200000, 5
6.750000, 0.200000, 5
6.900000, 0.200000, 5
7.050000, 0.200000, 5
7.200000, 0.200000, 5
7.350000, 0.200000, 5
7.500000, 0.200000, 5
7.650000, 0.200000, 5
7.800000, 0.200000, 5
7.950000, 0.200000, 5
8.100000, 0.200000, 5
8.250000, 0.200000, 5
8.400000, 0.200000, 5
8.550000, 0.200000, 5
8.700000, 0.200000, 5
8.850000, 0.200000, 5
9.000000, 0.200000, 5
9.150000, 0.200000, 5
9.300000, 0.200000, 5
9.450000, 0.200000, 5
9.600000, 0.200000, 5
9.750000, 0.200000, 5
9.900000, 0.200000, 5
10.050000, 0.200000, 5
10.200000, 0.200000, 5
10.350000, 0.200000, 5
10.500000, 0.200000, 5
10.650000, 0.200000, 5
10.800000, 0.200000, 5
10.950000, 0.200000, 5
11.100000, 0.200000, 5
11.250000, 0.200000, 5
11.400000, 0.200000, 5
11.550000, 0.200000, 5
11.700000, 0.200000, 5
11.850000, 0.200000, 5
12.000000, 0.200000, 5
12.150000, 0.200000, 5
12.300000, 0.200000, 5
12.450000, 0.200000, 5
12.600000, 0.200000, 5
12.750000, 0.200000, 5
12.900000, 0.200000, 5
13.050000, 0.200000, 5
13.200000, 0.200000, 5
13.350000, 0.200000, 5
13.500000, 0.200000, 5
13.650000, 0.200000, 5
13.800000, 0.200000, 5
13.950000, 0.200000, 5
14.100000, 0.200000, 5
14.250000, 0.200000, 5
14.400000, 0.200000, 5
14.550000, 0.200000, 5
14.700000, 0.200000, 5
14.850000, 0.200000, 5
-15.000000, 0.250000, 11
-14.850000, 0.250000, 11
-14.700000, 0.250000, 11
-14.550000, 0.250000, 11
-14.400000, 0.250000, 11
-14.250000, 0.250000, 11
-14.100000, 0.250000, 11
-13.950000, 0.250000, 11
-13.800000, 0.250000, 11
-13.650000, 0.250000, 11
-13.500000, 0.250000, 11
-13.350000, 0.250000, 11
-13.200000, 0.250000, 11
-13.050000, 0.250000, 11
-12.900000, 0.250000, 11
-12.750000, 0.250000, 11
-12.600000, 0.250000, 11
-12.450000, 0.250000, 11
-12.300000, 0.250000, 11
-12.150000, 0.250000, 11
-12.000000, 0.250000, 11
-11.850000, 0.250000, 11
-11.700000, 0.250000, 11
-11.550000, 0.250000, 11
-11.400000, 0.250000, 11
-11.250000, 0.250000, 11
-11.100000, 0.250000, 11
-10.950000, 0.250000, 11
-10.800000, 0.250000, 11
-10.650000, 0.250000, 11
-10.500000, 0.250000, 11
-10.350000, 0.250000, 11
-10.200000, 0.250000, 11
-10.050000, 0.250000, 11
-9.900000, 0.250000, 11
-9.750000, 0.250000, 11
-9.600000, 0.250000, 11
-9.450000, 0.250000, 11
-9.300000, 0.250000, 11
-9.150000, 0.250000, 11
-9.000000, 0.250000, 11
-8.850000, 0.250000, 11
-8.700000, 0.250000, 11
-8.550000, 0.250000, 11
-8.400000, 0.250000, 11
-8.250000, 0.250000, 11
-8.100000, 0.250000, 11
-7.950000, 0.250000, 11
-7.800000, 0.250000, 11
-7.650000, 0.250000, 11
-7.500000, 0.250000, 11
-7.350000, 0.250000, 11
-7.200000, 0.250000, 11
-7.050000, 0.250000, 11
-6.900000, 0.250000, 11
-6.750000, 0.250000, 11
-6.600000, 0.250000, 11
-6.450000, 0.250000, 11
-6.300000, 0.250000, 11
-6.150000, 0.250000, 11
-6.000000, 0.250000, 11
-5.850000, 0.250000, 11
-5.700000, 0.250000, 11
-5.550000, 0.250000, 11
-5.400000, 0.250000, 11
-5.250000, 0.250000, 11
-5.100000, 0.250000, 11
-4.950000, 0.250000, 11
-4.800000, 0.250000, 11
-4.650000, 0.250000, 11
-4.500000, 0.250000, 11
-4.350000, 0.250000, 11
-4.200000, 0.250000, 11
-4.050000, 0.250000, 0
-3.900000, 0.250000, 0
-3.750000, 0.250000, 0
-3.600000, 0.250000, 0
-3.450000, 0.250000, 0
-3.300000, 0.250000, 0
-3.150000, 0.250000, 0
-3.000000, 0.250000, 0
-2.850000, 0.250000, 0
-2.700000, 0.250000, 0
-2.550000, 0.250000, 0
-2.400000, 0.250000, 0
-2.250000, 0.250000, 0
-2.100000, 0.250000, 0
-1.950000, 0.250000, 0
-1.800000, 0.250000, 0
-1.650000, 0.250000, 9
-1.500000, 0.250000, 2
-1.350000, 0.250000, 2
-1.200000, 0.250000, 2
-1.050000, 0.250000, 2
-0.900000, 0.250000, 2
-0.750000, 0.250000, 2
-0.600000, 0.250000, 10
-0.450000, 0.250000, 8
-0.300000, 0.250000, 3
-0.150000, 0.250000, 4
-0.000000, 0.250000, 6
0.150000, 0.250000, 4
0.300000, 0.250000, 10
0.450000, 0.250000, 6
0.600000, 0.250000, 4
0.750000, 0.250000, 4
0.900000, 0.250000, 4
1.050000, 0.250000, 4
1.200000, 0.250000, 8
1.350000, 0.250000, 1
1.500000, 0.250000, 5
1.650000, 0.250000, 5
1.800000, 0.250000, 5
1.950000, 0.250000, 5
2.100000, 0.250000, 5
2.250000, 0.250000, 5
2.400000, 0.250000, 5
2.550000, 0.250000, 5
2.700000, 0.250000, 5
2.850000, 0.250000, 5
3.000000, 0.250000, 5
3.150000, 0.250000, 5
3.300000, 0.250000, 5
3.450000, 0.250000, 5
3.600000, 0.250000, 5
3.750000, 0.250000, 5
3.900000, 0.250000, 5
4.050000, 0.250000, 5
4.200000, 0.250000, 5
4.350000, 0.250000, 5
4.500000, 0.250000, 5
4.650000, 0.250000, 5
4.800000, 0.250000, 5
4.950000, 0.250000, 5
5.100000, 0.250000, 5
5.250000, 0.250000, 5
5.400000, 0.250000, 5
5.550000, 0.250000, 5
5.700000, 0.250000, 5
5.850000, 0.250000, 5
6.000000, 0.250000, 5
6.150000, 0.250000, 5
6.300000, 0.250000, 5
6.450000, 0.250000, 5
6.600000, 0.250000, 5
6.750000, 0.250000, 5
6.900000, 0.250000, 5
7.050000, 0.250000, 5
7.200000, 0.250000, 5
7.350000, 0.250000, 5
7.500000, 0.250000, 5
7.650000, 0.250000, 5
7.800000, 0.250000, 5
7.950000, 0.250000, 5
8.100000, 0.250000, 5
8.250000, 0.250000, 5
8.400000, 0.250000, 5
8.550000, 0.250000, 5
8.700000, 0.250000, 5
8.850000, 0.250000, 5
9.000000, 0.250000, 5
9.150000, 0.250000, 5
9.300000, 0.250000, 5
9.450000, 0.250000, 5
9.600000, 0.250000, 5
9.750000, 0.250000, 5
9.900000, 0.250000, 5
10.050000, 0.250000, 5
10.200000, 0.250000, 5
10.350000, 0.250000, 5
10.500000, 0.250000, 5
10.650000, 0.250000, 5
10.800000, 0.250000, 5
10.950000, 0.250000, 5
11.100000, 0.250000, 5
11.250000, 0.250000, 5
11.400000, 0.250000, 5
11.550000, 0.250000, 5
11.700000, 0.250000, 5
11.850000, 0.250000, 5
12.000000, 0.250000, 5
12.150000, 0.250000, 5
12.300000, 0.250000, 5
12.450000, 0.250000, 5
12.600000, 0.250000, 5
12.750000, 0.250000, 5
12.900000, 0.250000, 5
13.050000, 0.250000, 5
13.200000, 0.250000, 5
13.350000, 0.250000, 5
13.500000, 0.250000, 5
13.650000, 0.250000, 5
13.800000, 0.250000, 5
13.950000, 0.250000, 5
14.100000, 0.250000, 5
14.250000, 0.250000, 5
14.400000, 0.250000, 5
14.550000, 0.250000, 5
14.700000, 0.250000, 5
14.850000, 0.250000, 5
-15.000000, 0.300000, 11
-14.850000, 0.300000, 11
-14.700000, 0.300000, 11
-14.550000, 0.300000, 11
-14.400000, 0.300000, 11
-14.250000, 0.300000, 11
-14.100000, 0.300000, 11
-13.950000, 0.300000, 11
-13.800000, 0.300000, 11
-13.650000, 0.300000, 11
-13.500000, 0.300000, 11
-13.350000, 0.300000, 11
-13.200000, 0.300000, 11
-13.050000, 0.300000, 11
-12.900000, 0.300000, 11
-12.750000, 0.300000, 11
-12.600000, 0.300000, 11
-12.450000, 0.300000, 11
-12.300000, 0.300000, 11
-12.150000, 0.300000, 11
-12.000000, 0.300000, 11
-11.850000, 0.300000, 11
-11.700000, 0.300000, 11
-11.550000, 0.300000, 11
-11.400000, 0.300000, 11
-11.250000, 0.300000, 11
-11.100000, 0.300000, 11
-10.950000, 0.300000, 11
-10.800000, 0.300000, 11
-10.650000, 0.300000, 11
-10.500000, 0.300000, 11
-10.350000, 0.300000, 11
-10.200000, 0.300000, 11
-10.050000, 0.300000, 11
-9.900000, 0.300000, 11
-9.750000, 0.300000, 11
-9.600000, 0.300000, 11
-9.450000, 0.300000, 11
-9.300000, 0.300000, 11
-9.150000, 0.300000, 11
-9.000000, 0.300000, 11
-8.850000, 0.300000, 11
-8.700000, 0.300000, 11
-8.550000, 0.300000, 11
-8.400000, 0.300000, 11
-8.250000, 0.300000, 11
-8.100000, 0.300000, 11
-7.950000, 0.300000, 11
-7.800000, 0.300000, 11
-7.650000, 0.300000, 11
-7.500000, 0.300000, 11
-7.350000, 0.300000, 11
-7.200000, 0.300000, 11
-7.050000, 0.300000, 11
-6.900000, 0.300000, 11
-6.750000, 0.300000, 11
-6.600000, 0.300000, 11
-6.450000, 0.300000, 11
-6.300000, 0.300000, 11
-6.150000, 0.300000, 11
-6.000000, 0.300000, 11
-5.850000, 0.300000, 11
-5.700000, 0.300000, 11
-5.550000, 0.300000, 11
-5.400000, 0.300000, 11
-5.250000, 0.300000, 11
-5.100000, 0.300000, 11
-4.950000, 0.300000, 11
-4.800000, 0.300000, 11
-4.650000, 0.300000, 11
-4.500000, 0.300000, 11
-4.350000, 0.300000, 11
-4.200000, 0.300000, 11
-4.050000, 0.300000, 0
-3.900000, 0.300000, 0
-3.750000, 0.300000, 0
-3.600000, 0.300000, 0
-3.450000, 0.300000, 0
-3.300000, 0.300000, 0
-3.150000, 0.300000, 0
-3.000000, 0.300000, 0
-2.850000, 0.300000, 0
-2.700000, 0.300000, 0
-2.550000, 0.300000, 0
-2.400000, 0.300000, 0
-2.250000, 0.300000, 0
-2.100000, 0.300000, 0
-1.950000, 0.300000, 0
-1.800000, 0.300000, 0
-1.650000, 0.300000, 2
-1.500000, 0.300000, 2
-1.350000, 0.300000, 2
-1.200000, 0.300000, 2
-1.050000, 0.300000, 2
-0.900000, 0.300000, 2
-0.750000, 0.300000, 4
-0.600000, 0.300000, 5
-0.450000, 0.300000, 1
-0.300000, 0.300000, 7
-0.150000, 0.300000, 4
-0.000000, 0.300000, 6
0.150000, 0.300000, 4
0.300000, 0.300000, 10
0.450000, 0.300000, 4
0.600000, 0.300000, 10
0.750000, 0.300000, 4
0.900000, 0.300000, 4
1.050000, 0.300000, 4
1.200000, 0.300000, 4
1.350000, 0.300000, 9
1.500000, 0.300000, 4
1.650000, 0.300000, 5
1.800000, 0.300000, 5
1.950000, 0.300000, 5
2.100000, 0.300000, 5
2.250000, 0.300000, 5
2.400000, 0.300000, 5
2.550000, 0.300000, 5
2.700000, 0.300000, 5
2.850000, 0.300000, 5
3.000000, 0.300000, 5
3.150000, 0.300000, 5
3.300000, 0.300000, 5
3.450000, 0.300000, 5
3.600000, 0.300000, 5
3.750000, 0.300000, 5
3.900000, 0.300000, 5
4.050000, 0.300000, 5
4.200000, 0.300000, 5
4.350000, 0.300000, 5
4.500000, 0.300000, 5
4.650000, 0.300000, 5
4.800000, 0.300000, 5
4.950000, 0.300000, 5
5.100000, 0.300000, 5
5.250000, 0.300000, 5
5.400000, 0.300000, 5
5.550000, 0.300000, 5
5.700000, 0.300000, 5
5.850000, 0.300000, 5
6.000000, 0.300000, 5
6.150000, 0.300000, 5
6.300000, 0.300000, 5
6.450000, 0.300000, 5
6.600000, 0.300000, 5
6.750000, 0.300000, 5
6.900000, 0.300000, 5
7.050000, 0.300000, 5
7.200000, 0.300000, 5
7.350000, 0.300000, 5
7.500000, 0.300000, 5
7.650000, 0.300000, 5
7.800000, 0.300000, 5
7.950000, 0.300000, 5
8.100000, 0.300000, 5
8.250000, 0.300000, 5
8.400000, 0.300000, 5
8.550000, 0.300000, 5
8.700000, 0.300000, 5
8.850000, 0.300000, 5
9.000000, 0.300000, 5
9.150000, 0.300000, 5
9.300000, 0.300000, 5
9.450000, 0.300000, 5
9.600000, 0.300000, 5
9.750000, 0.300000, 5
9.900000, 0.300000, 5
10.050000, 0.300000, 5
10.200000, 0.300000, 5
10.350000, 0.300000, 5
10.500000, 0.300000, 5
10.650000, 0.300000, 5
10.800000, 0.300000, 5
10.950000, 0.300000, 5
11.100000, 0.300000, 5
11.250000, 0.300000, 5
11.400000, 0.300000, 5
11.550000, 0.300000, 5
11.700000, 0.300000, 5
11.850000, 0.300000, 5
12.000000, 0.300000, 5
12.150000, 0.300000, 5
12.300000, 0.300000, 5
12.450000, 0.300000, 5
12.600000, 0.300000, 5
12.750000, 0.300000, 5
12.900000, 0.300000, 5
13.050000, 0.300000, 5
13.200000, 0.300000, 5
13.350000, 0.300000, 5
13.500000, 0.300000, 5
13.650000, 0.300000, 5
13.800000, 0.300000, 5
13.950000, 0.300000, 5
14.100000, 0.300000, 5
14.250000, 0.300000, 5
14.400000, 0.300000, 5
14.550000, 0.300000, 5
14.700000, 0.300000, 5
14.850000, 0.300000, 5
-15.000000, 0.350000, 11
-14.850000, 0.350000, 11
-14.700000, 0.350000, 11
-14.550000, 0.350000, 11
-14.400000, 0.350000, 11
-14.250000, 0.350000, 11
-14.100000, 0.350000, 11
-13.950000, 0.350000, 11
-13.800000, 0.350000, 11
-13.650000, 0.350000, 11
-13.500000, 0.350000, 11
-13.350000, 0.350000, 11
-13.200000, 0.350000, 11
-13.050000, 0.350000, 11
-12.900000, 0.350000, 11
-12.750000, 0.350000, 11
-12.600000, 0.350000, 11
-12.450000, 0.350000, 11
-12.300000, 0.350000, 11
-12.150000, 0.350000, 11
-12.000000, 0.350000, 11
-11.850000, 0.350000, 11
-11.700000, 0.350000, 11
-11.550000, 0.350000, 11
-11.400000, 0.350000, 11
-11.250000, 0.350000, 11
-11.100000, 0.350000, 11
-10.950000, 0.350000, 11
-10.800000, 0.350000, 11
-10.650000, 0.350000, 11
-10.500000, 0.350000, 11
-10.350000, 0.350000, 11
-10.200000, 0.350000, 11
-10.050000, 0.350000, 11
-9.900000, 0.350000, 11
-9.750000, 0.350000, 11
-9.600000, 0.350000, 11
-9.450000, 0.350000, 11
-9.300000, 0.350000, 11
-9.150000, 0.350000, 11
-9.000000, 0.350000, 11
-8.850000, 0.350000, 11
-8.700000, 0.350000, 11
-8.550000, 0.350000, 11
-8.400000, 0.350000, 11
-8.250000, 0.350000, 11
-8.100000, 0.350000, 11
-7.950000, 0.350000, 11
-7.800000, 0.350000, 11
-7.650000, 0.350000, 11
-7.500000, 0.350000, 11
-7.350000, 0.350000, 11
-7.200000, 0.350000, 11
-7.050000, 0.350000, 11
-6.900000, 0.350000, 11
-6.750000, 0.350000, 11
-6.600000, 0.350000, 11
-6.450000, 0.350000, 11
-6.300000, 0.350000, 11
-6.150000, 0.350000, 11
-6.000000, 0.350000, 11
-5.850000, 0.350000, 11
-5.700000, 0.350000, 11
-5.550000, 0.350000, 11
-5.400000, 0.350000, 11
-5.250000, 0.350000, 11
-5.100000, 0.350000, 11
-4.950000, 0.350000, 11
-4.800000, 0.350000, 11
-4.650000, 0.350000, 11
-4.500000, 0.350000, 11
-4.350000, 0.350000, 11
-4.200000, 0.350000, 11
-4.050000, 0.350000, 0
-3.900000, 0.350000, 0
-3.750000, 0.350000, 0
-3.600000, 0.350000, 0
-3.450000, 0.350000, 0
-3.300000, 0.350000, 0
-3.150000, 0.350000, 0
-3.000000, 0.350000, 0
-2.850000, 0.350000, 0
-2.700000, 0.350000, 0
-2.550000, 0.350000, 0
-2.400000, 0.350000, 0
-2.250000, 0.350000, 0
-2.100000, 0.350000, 0
-1.950000, 0.350000, 0
-1.800000, 0.350000, 7
-1.650000, 0.350000, 2
-1.500000, 0.350000, 2
-1.350000, 0.350000, 2
-1.200000, 0.350000, 2
-1.050000, 0.350000, 2
-0.900000, 0.350000, 2
-0.750000, 0.350000, 6
-0.600000, 0.350000, 1
-0.450000, 0.350000, 5
-0.300000, 0.350000, 0
-0.150000, 0.350000, 4
-0.000000, 0.350000, 4
0.150000, 0.350000, 4
0.300000, 0.350000, 4
0.450000, 0.350000, 4
0.600000, 0.350000, 10
0.750000, 0.350000, 6
0.900000, 0.350000, 6
1.050000, 0.350000, 4
1.200000, 0.350000, 4
1.350000, 0.350000, 5
1.500000, 0.350000, 3
1.650000, 0.350000, 8
1.800000, 0.350000, 5
1.950000, 0.350000, 5
2.100000, 0.350000, 5
2.250000, 0.350000, 5
2.400000, 0.350000, 5
2.550000, 0.350000, 5
2.700000, 0.350000, 5
2.850000, 0.350000, 5
3.000000, 0.350000, 5
3.150000, 0.350000, 5
3.300000, 0.350000, 5
3.450000, 0.350000, 5
3.600000, 0.350000, 5
3.750000, 0.350000, 5
3.900000, 0.350000, 5
4.050000, 0.350000, 5
4.200000, 0.350000, 5
4.350000, 0.350000, 5
4.500000, 0.350000, 5
4.650000, 0.350000, 5
4.800000, 0.350000, 5
4.950000, 0.350000, 5
5.100000, 0.350000, 5
5.250000, 0.350000, 5
5.400000, 0.350000, 5
5.550000, 0.350000, 5
5.700000, 0.350000, 5
5.850000, 0.350000, 5
6.000000, 0.350000, 5
6.150000, 0.350000, 5
6.300000, 0.350000, 5
6.450000, 0.350000, 5
6.600000, 0.350000, 5
6.750000, 0.350000, 5
6.900000, 0.350000, 5
7.050000, 0.350000, 5
7.200000, 0.350000, 5
7.350000, 0.350000, 5
7.500000, 0.350000, 5
7.650000, 0.350000, 5
7.800000, 0.350000, 5
7.950000, 0.350000, 5
8.100000, 0.350000, 5
8.250000, 0.350000, 5
8.400000, 0.350000, 5
8.550000, 0.350000, 5
8.700000, 0.350000, 5
8.850000, 0.350000, 5
9.000000, 0.350000, 5
9.150000, 0.350000, 5
9.300000, 0.350000, 5
9.450000, 0.350000, 5
9.600000, 0.350000, 5
9.750000, 0.350000, 5
9.900000, 0.350000, 5
10.050000, 0.350000, 5
10.200000, 0.350000, 5
10.350000, 0.350000, 5
10.500000, 0.350000, 5
10.650000, 0.350000, 5
10.800000, 0.350000, 5
10.950000, 0.350000, 5
11.100000, 0.350000, 5
11.250000, 0.350000, 5
11.400000, 0.350000, 5
11.550000, 0.350000, 5
11.700000, 0.350000, 5
11.850000, 0.350000, 5
12.000000, 0.350000, 5
12.150000, 0.350000, 5
12.300000, 0.350000, 5
12.450000, 0.350000, 5
12.600000, 0.350000, 5
12.750000, 0.350000, 5
12.900000, 0.350000, 5
13.050000, 0.350000, 5
13.200000, 0.350000, 5
13.350000, 0.350000, 5
13.500000, 0.350000, 5
13.650000, 0.350000, 5
13.800000, 0.350000, 5
13.950000, 0.350000, 5
14.100000, 0.350000, 5
14.250000, 0.350000, 5
14.400000, 0.350000, 5
14.550000, 0.350000, 5
14.700000, 0.350000, 5
14.850000, 0.350000, 5
-15.000000, 0.400000, 11
-14.850000, 0.400000, 11
-14.700000, 0.400000, 11
-14.550000, 0.400000, 11
-14.400000, 0.400000, 11
-14.250000, 0.400000, 11
-14.100000, 0.400000, 11
-13.950000, 0.400000, 11
-13.800000, 0.400000, 11
-13.650000, 0.400000, 11
-13.500000, 0.400000, 11
-13.350000, 0.400000, 11
-13.200000, 0.400000, 11
-13.050000, 0.400000, 11
-12.900000, 0.400000, 11
-12.750000, 0.400000, 11
-12.600000, 0.400000, 11
-12.450000, 0.400000, 11
-12.300000, 0.400000, 11
-12.150000, 0.400000, 11
-12.000000, 0.400000, 11
-11.850000, 0.400000, 11
-11.700000, 0.400000, 11
-11.550000, 0.400000, 11
-11.400000, 0.400000, 11
-11.250000, 0.400000, 11
-11.100000, 0.400000, 11
-10.950000, 0.400000, 11
-10.800000, 0.400000, 11
-10.650000, 0.400000, 11
-10.500000, 0.400000, 11
-10.350000, 0.400000, 11
-10.200000, 0.400000, 11
-10.050000, 0.400000, 11
-9.900000, 0.400000, 11
-9.750000, 0.400000, 11
-9.600000, 0.400000, 11
-9.450000, 0.400000, 11
-9.300000, 0.400000, 11
-9.150000, 0.400000, 11
-9.000000, 0.400000, 11
-8.850000, 0.400000, 11
-8.700000, 0.400000, 11
-8.550000, 0.400000, 11
-8.400000, 0.400000, 11
-8.250000, 0.400000, 11
-8.100000, 0.400000, 11
-7.950000, 0.400000, 11
-7.800000, 0.400000, 11
-7.650000, 0.400000, 11
-7.500000, 0.400000, 11
-7.350000, 0.400000, 11
-7.200000, 0.400000, 11
-7.050000, 0.400000, 11
-6.900000, 0.400000, 11
-6.750000, 0.400000, 11
-6.600000, 0.400000, 11
-6.450000, 0.400000, 11
-6.300000, 0.400000, 11
-6.150000, 0.400000, 11
-6.000000, 0.400000, 11
-5.850000, 0.400000, 11
-5.700000, 0.400000, 11
-5.550000, 0.400000, 11
-5.400000, 0.400000, 11
-5.250000, 0.400000, 11
-5.100000, 0.400000, 11
-4.950000, 0.400000, 11
-4.800000, 0.400000, 11
-4.650000, 0.400000, 11
-4.500000, 0.400000, 11
-4.350000, 0.400000, 11
-4.200000, 0.400000, 0
-4.050000, 0.400000, 0
-3.900000, 0.400000, 0
-3.750000, 0.400000, 0
-3.600000, 0.400000, 0
-3.450000, 0.400000, 0
-3.300000, 0.400000, 0
-3.150000, 0.400000, 0
-3.000000, 0.400000, 0
-2.850000, 0.400000, 0
-2.700000, 0.400000, 0
-2.550000, 0.400000, 0
-2.400000, 0.400000, 0
-2.250000, 0.400000, 0
-2.100000, 0.400000, 0
-1.950000, 0.400000, 2
-1.800000, 0.400000, 2
-1.650000, 0.400000, 2
-1.500000, 0.400000, 2
-1.350000, 0.400000, 2
-1.200000, 0.400000, 2
-1.050000, 0.400000, 2
-0.900000, 0.400000, 4
-0.750000, 0.400000, 4
-0.600000, 0.400000, 3
-0.450000, 0.400000, 7
-0.300000, 0.400000, 10
-0.150000, 0.400000, 1
-0.000000, 0.400000, 4
0.150000, 0.400000, 4
0.300000, 0.400000, 4
0.450000, 0.400000, 4
0.600000, 0.400000, 4
0.750000, 0.400000, 6
0.900000, 0.400000, 6
1.050000, 0.400000, 6
1.200000, 0.400000, 6
1.350000, 0.400000, 4
1.500000, 0.400000, 2
1.650000, 0.400000, 3
1.800000, 0.400000, 3
1.950000, 0.400000, 5
2.100000, 0.400000, 5
2.250000, 0.400000, 5
2.400000, 0.400000, 5
2.550000, 0.400000, 5
2.700000, 0.400000, 5
2.850000, 0.400000, 5
3.000000, 0.400000, 5
3.150000, 0.400000, 5
3.300000, 0.400000, 5
3.450000, 0.400000, 5
3.600000, 0.400000, 5
3.750000, 0.400000, 5
3.900000, 0.400000, 5
4.050000, 0.400000, 5
4.200000, 0.400000, 5
4.350000, 0.400000, 5
4.500000, 0.400000, 5
4.650000, 0.400000, 5
4.800000, 0.400000, 5
4.950000, 0.400000, 5
5.100000, 0.400000, 5
5.250000, 0.400000, 5
5.400000, 0.400000, 5
5.550000, 0.400000, 5
5.700000, 0.400000, 5
5.850000, 0.400000, 5
6.000000, 0.400000, 5
6.150000, 0.400000, 5
6.300000, 0.400000, 5
6.450000, 0.400000, 5
6.600000, 0.400000, 5
6.750000, 0.400000, 5
6.900000, 0.400000, 5
7.050000, 0.400000, 5
7.200000, 0.400000, 5
7.350000, 0.400000, 5
7.500000, 0.400000, 5
7.650000, 0.400000, 5
7.800000, 0.400000, 5
7.950000, 0.400000, 5
8.100000, 0.400000, 5
8.250000, 0.400000, 5
8.400000, 0.400000, 5
8.550000, 0.400000, 5
8.700000, 0.400000, 5
8.850000, 0.400000, 5
9.000000, 0.400000, 5
9.150000, 0.400000, 5
9.300000, 0.400000, 5
9.450000, 0.400000, 5
9.600000, 0.400000, 5
9.750000, 0.400000, 5
9.900000, 0.400000, 5
10.050000, 0.400000, 5
10.200000, 0.400000, 5
10.350000, 0.400000, 5
10.500000, 0.400000, 5
10.650000, 0.400000, 5
10.800000, 0.400000, 5
10.950000, 0.400000, 5
11.100000, 0.400000, 5
11.250000, 0.400000, 5
11.400000, 0.400000, 5
11.550000, 0.400000, 5
11.700000, 0.400000, 5
11.850000, 0.400000, 5
12.000000, 0.400000, 5
12.150000, 0.400000, 5
12.300000, 0.400000, 5
12.450000, 0.400000, 5
12.600000, 0.400000, 5
12.750000, 0.400000, 5
12.900000, 0.400000, 5
13.050000, 0.400000, 5
13.200000, 0.400000, 5
13.350000, 0.400000, 5
13.500000, 0.400000, 5
13.650000, 0.400000, 5
13.800000, 0.400000, 5
13.950000, 0.400000, 5
14.100000, 0.400000, 5
14.250000, 0.400000, 5
14.400000, 0.400000, 5
14.550000, 0.400000, 5
14.700000, 0.400000, 5
14.850000, 0.400000, 5
-15.000000, 0.450000, 11
-14.850000, 0.450000, 11
-14.700000, 0.450000, 11
-14.550000, 0.450000, 11
-14.400000, 0.450000, 11
-14.250000, 0.450000, 11
-14.100000, 0.450000, 11
-13.950000, 0.450000, 11
-13.800000, 0.450000, 11
-13.650000, 0.450000, 11
-13.500000, 0.450000, 11
-13.350000, 0.450000, 11
-13.200000, 0.450000, 11
-13.050000, 0.450000, 11
-12.900000, 0.450000, 11
-12.750000, 0.450000, 11
-12.600000, 0.450000, 11
-12.450000, 0.450000, 11
-12.300000, 0.450000, 11
-12.150000, 0.450000, 11
-12.000000, 0.450000, 11
-11.850000, 0.450000, 11
-11.700000, 0.450000, 11
-11.550000, 0.450000, 11
-11.400000, 0.450000, 11
-11.250000, 0.450000, 11
-11.100000, 0.450000, 11
-10.950000, 0.450000, 11
-10.800000, 0.450000, 11
-10.650000, 0.450000, 11
-10.500000, 0.450000, 11
-10.350000, 0.450000, 11
-10.200000, 0.450000, 11
-10.050000, 0.450000, 11
-9.900000, 0.450000, 11
-9.750000, 0.450000, 11
-9.600000, 0.450000, 11
-9.450000, 0.450000, 11
-9.300000, 0.450000, 11
-9.150000, 0.450000, 11
-9.000000, 0.450000, 11
-8.850000, 0.450000, 11
-8.700000, 0.450000, 11
-8.550000, 0.450000, 11
-8.400000, 0.450000, 11
-8.250000, 0.450000, 11
-8.100000, 0.450000, 11
-7.950000, 0.450000, 11
-7.800000, 0.450000, 11
-7.650000, 0.450000, 11
-7.500000, 0.450000, 11
-7.350000, 0.450000, 11
-7.200000, 0.450000, 11
-7.050000, 0.450000, 11
-6.900000, 0.450000, 11
-6.750000, 0.450000, 11
-6.600000, 0.450000, 11
-6.450000, 0.450000, 11
-6.300000, 0.450000, 11
-6.150000, 0.450000, 11
-6.000000, 0.450000, 11
-5.850000, 0.450000, 11
-5.700000, 0.450000, 11
-5.550000, 0.450000, 11
-5.400000, 0.450000, 11
-5.250000, 0.450000, 11
-5.100000, 0.450000, 11
-4.950000, 0.450000, 11
-4.800000, 0.450000, 11
-4.650000, 0.450000, 11
-4.500000, 0.450000, 11
-4.350000, 0.450000, 11
-4.200000, 0.450000, 0
-4.050000, 0.450000, 0
-3.900000, 0.450000, 0
-3.750000, 0.450000, 0
-3.600000, 0.450000, 0
-3.450000, 0.450000, 0
-3.300000, 0.450000, 0
-3.150000, 0.450000, 0
-3.000000, 0.450000, 0
-2.850000, 0.450000, 0
-2.700000, 0.450000, 0
-2.550000, 0.450000, 0
-2.400000, 0.450000, 0
-2.250000, 0.450000, 0
-2.100000, 0.450000, 2
-1.950000, 0.450000, 2
-1.800000, 0.450000, 2
-1.650000, 0.450000, 2
-1.500000, 0.450000, 2
-1.350000, 0.450000, 2
-1.200000, 0.450000, 2
-1.050000, 0.450000, 2
-0.900000, 0.450000, 4
-0.750000, 0.450000, 5
-0.600000, 0.450000, 6
-0.450000, 0.450000, 6
-0.300000, 0.450000, 4
-0.150000, 0.450000, 10
-0.000000, 0.450000, 4
0.150000, 0.450000, 4
0.300000, 0.450000, 4
0.450000, 0.450000, 4
0.600000, 0.450000, 3
0.750000, 0.450000, 6
0.900000, 0.450000, 6
1.050000, 0.450000, 6
1.200000, 0.450000, 6
1.350000, 0.450000, 4
1.500000, 0.450000, 4
1.650000, 0.450000, 5
1.800000, 0.450000, 3
1.950000, 0.450000, 7
2.100000, 0.450000, 6
2.250000, 0.450000, 5
2.400000, 0.450000, 5
2.550000, 0.450000, 5
2.700000, 0.450000, 5
2.850000, 0.450000, 5
3.000000, 0.450000, 5
3.150000, 0.450000, 5
3.300000, 0.450000, 5
3.450000, 0.450000, 5
3.600000, 0.450000, 5
3.750000, 0.450000, 5
3.900000, 0.450000, 5
4.050000, 0.450000, 5
4.200000, 0.450000, 5
4.350000, 0.450000, 5
4.500000, 0.450000, 5
4.650000, 0.450000, 5
4.800000, 0.450000, 5
4.950000, 0.450000, 5
5.100000, 0.450000, 5
5.250000, 0.450000, 5
5.400000, 0.450000, 5
5.550000, 0.450000, 5
5.700000, 0.450000, 5
5.850000, 0.450000, 5
6.000000, 0.450000, 5
6.150000, 0.450000, 5
6.300000, 0.450000, 5
6.450000, 0.450000, 5
6.600000, 0.450000, 5
6.750000, 0.450000, 5
6.900000, 0.450000, 5
7.050000, 0.450000, 5
7.200000, 0.450000, 5
7.350000, 0.450000, 5
7.500000, 0.450000, 5
7.650000, 0.450000, 5
7.800000, 0.450000, 5
7.950000, 0.450000, 5
8.100000, 0.450000, 5
8.250000, 0.450000, 5
8.400000, 0.450000, 5
8.550000, 0.450000, 5
8.700000, 0.450000, 5
8.850000, 0.450000, 5
9.000000, 0.450000, 5
9.150000, 0.450000, 5
9.300000, 0.450000, 5
9.450000, 0.450000, 5
9.600000, 0.450000, 5
9.750000, 0.450000, 5
9.900000, 0.450000, 5
10.050000, 0.450000, 5
10.200000, 0.450000, 5
10.350000, 0.450000, 5
10.500000, 0.450000, 5
10.650000, 0.450000, 5
10.800000, 0.450000, 5
10.950000, 0.450000, 5
11.100000, 0.450000, 5
11.250000, 0.450000, 5
11.400000, 0.450000, 5
11.550000, 0.450000, 5
11.700000, 0.450000, 5
11.850000, 0.450000, 5
12.000000, 0.450000, 5
12.150000, 0.450000, 5
12.300000, 0.450000, 5
12.450000, 0.450000, 5
12.600000, 0.450000, 5
12.750000, 0.450000, 5
12.900000, 0.450000, 5
13.050000, 0.450000, 5
13.200000, 0.450000, 5
13.350000, 0.450000, 5
13.500000, 0.450000, 5
13.650000, 0.450000, 5
13.800000, 0.450000, 5
13.950000, 0.450000, 5
14.100000, 0.450000, 5
14.250000, 0.450000, 5
14.400000, 0.450000, 5
14.550000, 0.450000, 5
14.700000, 0.450000, 5
14.850000, 0.450000, 5
-15.000000, 0.500000, 11
-14.850000, 0.500000, 11
-14.700000, 0.500000, 11
-14.550000, 0.500000, 11
-14.400000, 0.500000, 11
-14.250000, 0.500000, 11
-14.100000, 0.500000, 11
-13.950000, 0.500000, 11
-13.800000, 0.500000, 11
-13.650000, 0.500000, 11
-13.500000, 0.500000, 11
-13.350000, 0.500000, 11
-13.200000, 0.500000, 11
-13.050000, 0.500000, 11
-12.900000, 0.500000, 11
-12.750000, 0.500000, 11
-12.600000, 0.500000, 11
-12.450000, 0.500000, 11
-12.300000, 0.500000, 11
-12.150000, 0.500000, 11
-12.000000, 0.500000, 11
-11.850000, 0.500000, 11
-11.700000, 0.500000, 11
-11.550000, 0.500000, 11
-11.400000, 0.500000, 11
-11.250000, 0.500000, 11
-11.100000, 0.500000, 11
-10.950000, 0.500000, 11
-10.800000, 0.500000, 11
-10.650000, 0.500000, 11
-10.500000, 0.500000, 11
-10.350000, 0.500000, 11
-10.200000, 0.500000, 11
-10.050000, 0.500000, 11
-9.900000, 0.500000, 11
-9.750000, 0.500000, 11
-9.600000, 0.500000, 11
-9.450000, 0.500000, 11
-9.300000, 0.500000, 11
-9.150000, 0.500000, 11
-9.000000, 0.500000, 11
-8.850000, 0.500000, 11
-8.700000, 0.500000, 11
-8.550000, 0.500000, 11
-8.400000, 0.500000, 11
-8.250000, 0.500000, 11
-8.100000, 0.500000, 11
-7.950000, 0.500000, 11
-7.800000, 0.500000, 11
-7.650000, 0.500000, 11
-7.500000, 0.500000, 11
-7.350000, 0.500000, 11
-7.200000, 0.500000, 11
-7.050000, 0.500000, 11
-6.900000, 0.500000, 11
-6.750000, 0.500000, 11
-6.600000, 0.500000, 11
-6.450000, 0.500000, 11
-6.300000, 0.500000, 11
-6.150000, 0.500000, 11
-6.000000, 0.500000, 11
-5.850000, 0.500000, 11
-5.700000, 0.500000, 11
-5.550000, 0.500000, 11
-5.400000, 0.500000, 11
-5.250000, 0.500000, 11
-5.100000, 0.500000, 11
-4.950000, 0.500000, 11
-4.800000, 0.500000, 11
-4.650000, 0.500000, 11
-4.500000, 0.500000, 11
-4.350000, 0.500000, 11
-4.200000, 0.500000, 0
-4.050000, 0.500000, 0
-3.900000, 0.500000, 0
-3.750000, 0.500000, 0
-3.600000, 0.500000, 0
-3.450000, 0.500000, 0
-3.300000, 0.500000, 0
-3.150000, 0.500000, 0
-3.000000, 0.500000, 0
-2.850000, 0.500000, 0
-2.700000, 0.500000, 0
-2.550000, 0.500000, 0
-2.400000, 0.500000, 0
-2.250000, 0.500000, 2
-2.100000, 0.500000, 2
-1.950000, 0.500000, 2
-1.800000, 0.500000, 2
-1.650000, 0.500000, 2
-1.500000, 0.500000, 2
-1.350000, 0.500000, 2
-1.200000, 0.500000, 2
-1.050000, 0.500000, 3
-0.900000, 0.500000, 5
-0.750000, 0.500000, 2
-0.600000, 0.500000, 10
-0.450000, 0.500000, 4
-0.300000, 0.500000, 4
-0.150000, 0.500000, 0
-0.000000, 0.500000, 4
0.150000, 0.500000, 4
0.300000, 0.500000, 4
0.450000, 0.500000, 4
0.600000, 0.500000, 4
0.750000, 0.500000, 6
0.900000, 0.500000, 6
1.050000, 0.500000, 6
1.200000, 0.500000, 6
1.350000, 0.500000, 6
1.500000, 0.500000, 4
1.650000, 0.500000, 4
1.800000, 0.500000, 5
1.950000, 0.500000, 1
2.100000, 0.500000, 4
2.250000, 0.500000, 10
2.400000, 0.500000, 4
2.550000, 0.500000, 5
2.700000, 0.500000, 5
2.850000, 0.500000, 5
3.000000, 0.500000, 5
3.150000, 0.500000, 5
3.300000, 0.500000, 5
3.450000, 0.500000, 5
3.600000, 0.500000, 5
3.750000, 0.500000, 5
3.900000, 0.500000, 5
4.050000, 0.500000, 5
4.200000, 0.500000, 5
4.350000, 0.500000, 5
4.500000, 0.500000, 5
4.650000, 0.500000, 5
4.800000, 0.500000, 5
4.950000, 0.500000, 5
5.100000, 0.500000, 5
5.250000, 0.500000, 5
5.400000, 0.500000, 5
5.550000, 0.500000, 5
5.700000, 0.500000, 5
5.850000, 0.500000, 5
6.000000, 0.500000, 5
6.150000, 0.500000, 5
6.300000, 0.500000, 5
6.450000, 0.500000, 5
6.600000, 0.500000, 5
6.750000, 0.500000, 5
6.900000, 0.500000, 5
7.050000, 0.500000, 5
7.200000, 0.500000, 5
7.350000, 0.500000, 5
7.500000, 0.500000, 5
7.650000, 0.500000, 5
7.800000, 0.500000, 5
7.950000, 0.500000, 5
8.100000, 0.500000, 5
8.250000, 0.500000, 5
8.400000, 0.500000, 5
8.550000, 0.500000, 5
8.700000, 0.500000, 5
8.850000, 0.500000, 5
9.000000, 0.500000, 5
9.150000, 0.500000, 5
9.300000, 0.500000, 5
9.450000, 0.500000, 5
9.600000, 0.500000, 5
9.750000, 0.500000, 5
9.900000, 0.500000, 5
10.050000, 0.500000, 5
10.200000, 0.500000, 5
10.350000, 0.500000, 5
10.500000, 0.500000, 5
10.650000, 0.500000, 5
10.800000, 0.500000, 5
10.950000, 0.500000, 5
11.100000, 0.500000, 5
11.250000, 0.500000, 5
11.400000, 0.500000, 5
11.550000, 0.500000, 5
11.700000, 0.500000, 5
11.850000, 0.500000, 5
12.000000, 0.500000, 5
12.150000, 0.500000, 5
12.300000, 0.500000, 5
12.450000, 0.500000, 5
12.600000, 0.500000, 5
12.750000, 0.500000, 5
12.900000, 0.500000, 5
13.050000, 0.500000, 5
13.200000, 0.500000, 5
13.350000, 0.500000, 5
13.500000, 0.500000, 5
13.650000, 0.500000, 5
13.800000, 0.500000, 5
13.950000, 0.500000, 5
14.100000, 0.500000, 5
14.250000, 0.500000, 5
14.400000, 0.500000, 5
14.550000, 0.500000, 5
14.700000, 0.500000, 5
14.850000, 0.500000, 5
-15.000000, 0.550000, 11
-14.850000, 0.550000, 11
-14.700000, 0.550000, 11
-14.550000, 0.550000, 11
-14.400000, 0.550000, 11
-14.250000, 0.550000, 11
-14.100000, 0.550000, 11
-13.950000, 0.550000, 11
-13.800000, 0.550000, 11
-13.650000, 0.550000, 11
-13.500000, 0.550000, 11
-13.350000, 0.550000, 11
-13.200000, 0.550000, 11
-13.050000, 0.550000, 11
-12.900000, 0.550000, 11
-12.750000, 0.550000, 11
-12.600000, 0.550000, 11
-12.450000, 0.550000, 11
-12.300000, 0.550000, 11
-12.150000, 0.550000, 11
-12.000000, 0.550000, 11
-11.850000, 0.550000, 11
-11.700000, 0.550000, 11
-11.550000, 0.550000, 11
-11.400000, 0.550000, 11
-11.250000, 0.550000, 11
-11.100000, 0.550000, 11
-10.950000, 0.550000, 11
-10.800000, 0.550000, 11
-10.650000, 0.550000, 11
-10.500000, 0.550000, 11
-10.350000, 0.550000, 11
-10.200000, 0.550000, 11
-10.050000, 0.550000, 11
-9.900000, 0.550000, 11
-9.750000, 0.550000, 11
-9.600000, 0.550000, 11
-9.450000, 0.550000, 11
-9.300000, 0.550000, 11
-9.150000, 0.550000, 11
-9.000000, 0.550000, 11
-8.850000, 0.550000, 11
-8.700000, 0.550000, 11
-8.550000, 0.550000, 11
-8.400000, 0.550000, 11
-8.250000, 0.550000, 11
-8.100000, 0.550000, 11
-7.950000, 0.550000, 11
-7.800000, 0.550000, 11
-7.650000, 0.550000, 11
-7.500000, 0.550000, 11
-7.350000, 0.550000, 11
-7.200000, 0.550000, 11
-7.050000, 0.550000, 11
-6.900000, 0.550000, 11
-6.750000, 0.550000, 11
-6.600000, 0.550000, 11
-6.450000, 0.550000, 11
-6.300000, 0.550000, 11
-6.150000, 0.550000, 11
-6.000000, 0.550000, 11
-5.850000, 0.550000, 11
-5.700000, 0.550000, 11
-5.550000, 0.550000, 11
-5.400000, 0.550000, 11
-5.250000, 0.550000, 11
-5.100000, 0.550000, 11
-4.950000, 0.550000, 11
-4.800000, 0.550000, 11
-4.650000, 0.550000, 11
-4.500000, 0.550000, 11
-4.350000, 0.550000, 0
-4.200000, 0.550000, 0
-4.050000, 0.550000, 0
-3.900000, 0.550000, 0
-3.750000, 0.550000, 0
-3.600000, 0.550000, 0
-3.450000, 0.550000, 0
-3.300000, 0.550000, 0
-3.150000, 0.550000, 0
-3.000000, 0.550000, 0
-2.850000, 0.550000, 0
-2.700000, 0.550000, 0
-2.550000, 0.550000, 0
-2.400000, 0.550000, 1
-2.250000, 0.550000, 2
-2.100000, 0.550000, 2
-1.950000, 0.550000, 2
-1.800000, 0.550000, 2
-1.650000, 0.550000, 2
-1.500000, 0.550000, 2
-1.350000, 0.550000, 2
-1.200000, 0.550000, 2
-1.050000, 0.550000, 5
-0.900000, 0.550000, 9
-0.750000, 0.550000, 4
-0.600000, 0.550000, 4
-0.450000, 0.550000, 10
-0.300000, 0.550000, 4
-0.150000, 0.550000, 4
-0.000000, 0.550000, 4
0.150000, 0.550000, 4
0.300000, 0.550000, 4
0.450000, 0.550000, 4
0.600000, 0.550000, 4
0.750000, 0.550000, 6
0.900000, 0.550000, 6
1.050000, 0.550000, 6
1.200000, 0.550000, 6
1.350000, 0.550000, 6
1.500000, 0.550000, 10
1.650000, 0.550000, 4
1.800000, 0.550000, 4
1.950000, 0.550000, 8
2.100000, 0.550000, 0
2.250000, 0.550000, 2
2.400000, 0.550000, 1
2.550000, 0.550000, 6
2.700000, 0.550000, 5
2.850000, 0.550000, 5
3.000000, 0.550000, 5
3.150000, 0.550000, 5
3.300000, 0.550000, 5
3.450000, 0.550000, 5
3.600000, 0.550000, 5
3.750000, 0.550000, 5
3.900000, 0.550000, 5
4.050000, 0.550000, 5
4.200000, 0.550000, 5
4.350000, 0.550000, 5
4.500000, 0.550000, 5
4.650000, 0.550000, 5
4.800000, 0.550000, 5
4.950000, 0.550000, 5
5.100000, 0.550000, 5
5.250000, 0.550000, 5
5.400000, 0.550000, 5
5.550000, 0.550000, 5
5.700000, 0.550000, 5
5.850000, 0.550000, 5
6.000000, 0.550000, 5
6.150000, 0.550000, 5
6.300000, 0.550000, 5
6.450000, 0.550000, 5
6.600000, 0.550000, 5
6.750000, 0.550000, 5
6.900000, 0.550000, 5
7.050000, 0.550000, 5
7.200000, 0.550000, 5
7.350000, 0.550000, 5
7.500000, 0.550000, 5
7.650000, 0.550000, 5
7.800000, 0.550000, 5
7.950000, 0.550000, 5
8.100000, 0.550000, 5
8.250000, 0.550000, 5
8.400000, 0.550000, 5
8.550000, 0.550000, 5
8.700000, 0.550000, 5
8.850000, 0.550000, 5
9.000000, 0.550000, 5
9.150000, 0.550000, 5
9.300000, 0.550000, 5
9.450000, 0.550000, 5
9.600000, 0.550000, 5
9.750000, 0.550000, 5
9.900000, 0.550000, 5
10.050000, 0.550000, 5
10.200000, 0.550000, 5
10.350000, 0.550000, 5
10.500000, 0.550000, 5
10.650000, 0.550000, 5
10.800000, 0.550000, 5
10.950000, 0.550000, 5
11.100000, 0.550000, 5
11.250000, 0.550000, 5
11.400000, 0.550000, 5
11.550000, 0.550000, 5
11.700000, 0.550000, 5
11.850000, 0.550000, 5
12.000000, 0.550000, 5
12.150000, 0.550000, 5
12.300000, 0.550000, 5
12.450000, 0.550000, 5
12.600000, 0.550000, 5
12.750000, 0.550000, 5
12.900000, 0.550000, 5
13.050000, 0.550000, 5
13.200000, 0.550000, 5
13.350000, 0.550000, 5
13.500000, 0.550000, 5
13.650000, 0.550000, 5
13.800000, 0.550000, 5
13.950000, 0.550000, 5
14.100000, 0.550000, 5
14.250000, 0.550000, 5
14.400000, 0.550000, 5
14.550000, 0.550000, 5
14.700000, 0.550000, 5
14.850000, 0.550000, 5
-15.000000, 0.600000, 11
-14.850000, 0.600000, 11
-14.700000, 0.600000, 11
-14.550000, 0.600000, 11
-14.400000, 0.600000, 11
-14.250000, 0.600000, 11
-14.100000, 0.600000, 11
-13.950000, 0.600000, 11
-13.800000, 0.600000, 11
-13.650000, 0.600000, 11
-13.500000, 0.600000, 11
-13.350000, 0.600000, 11
-13.200000, 0.600000, 11
-13.050000, 0.600000, 11
-12.900000, 0.600000, 11
-12.750000, 0.600000, 11
-12.600000, 0.600000, 11
-12.450000, 0.600000, 11
-12.300000, 0.600000, 11
-12.150000, 0.600000, 11
-12.000000, 0.600000, 11
-11.850000, 0.600000, 11
-11.700000, 0.600000, 11
-11.550000, 0.600000, 11
-11.400000, 0.600000, 11
-11.250000, 0.600000, 11
-11.100000, 0.600000, 11
-10.950000, 0.600000, 11
-10.800000, 0.600000, 11
-10.650000, 0.600000, 11
-10.500000, 0.600000, 11
-10.350000, 0.600000, 11
-10.200000, 0.600000, 11
-10.050000, 0.600000, 11
-9.900000, 0.600000, 11
-9.750000, 0.600000, 11
-9.600000, 0.600000, 11
-9.450000, 0.600000, 11
-9.300000, 0.600000, 11
-9.150000, 0.600000, 11
-9.000000, 0.600000, 11
-8.850000, 0.600000, 11
-8.700000, 0.600000, 11
-8.550000, 0.600000, 11
-8.400000, 0.600000, 11
-8.250000, 0.600000, 11
-8.100000, 0.600000, 11
-7.950000, 0.600000, 11
-7.800000, 0.600000, 11
-7.650000, 0.600000, 11
-7.500000, 0.600000, 11
-7.350000, 0.600000, 11
-7.200000, 0.600000, 11
-7.050000, 0.600000, 11
-6.900000, 0.600000, 11
-6.750000, 0.600000, 11
-6.600000, 0.600000, 11
-6.450000, 0.600000, 11
-6.300000, 0.600000, 11
-6.150000, 0.600000, 11
-6.000000, 0.600000, 11
-5.850000, 0.600000, 11
-5.700000, 0.600000, 11
-5.550000, 0.600000, 11
-5.400000, 0.600000, 11
-5.250000, 0.600000, 11
-5.100000, 0.600000, 11
-4.950000, 0.600000, 11
-4.800000, 0.600000, 11
-4.650000, 0.600000, 11
-4.500000, 0.600000, 0
-4.350000, 0.600000, 9
-4.200000, 0.600000, 0
-4.050000, 0.600000, 0
-3.900000, 0.600000, 0
-3.750000, 0.600000, 0
-3.600000, 0.600000, 0
-3.450000, 0.600000, 0
-3.300000, 0.600000, 0
-3.150000, 0.600000, 0
-3.000000, 0.600000, 0
-2.850000, 0.600000, 0
-2.700000, 0.600000, 0
-2.550000, 0.600000, 2
-2.400000, 0.600000, 2
-2.250000, 0.600000, 2
-2.100000, 0.600000, 2
-1.950000, 0.600000, 2
-1.800000, 0.600000, 2
-1.650000, 0.600000, 2
-1.500000, 0.600000, 2
-1.350000, 0.600000, 2
-1.200000, 0.600000, 5
-1.050000, 0.600000, 5
-0.900000, 0.600000, 4
-0.750000, 0.600000, 4
-0.600000, 0.600000, 4
-0.450000, 0.600000, 2
-0.300000, 0.600000, 6
-0.150000, 0.600000, 4
-0.000000, 0.600000, 4
0.150000, 0.600000, 4
0.300000, 0.600000, 4
0.450000, 0.600000, 4
0.600000, 0.600000, 10
0.750000, 0.600000, 6
0.900000, 0.600000, 6
1.050000, 0.600000, 6
1.200000, 0.600000, 6
1.350000, 0.600000, 6
1.500000, 0.600000, 6
1.650000, 0.600000, 4
1.800000, 0.600000, 4
1.950000, 0.600000, 4
2.100000, 0.600000, 3
2.250000, 0.600000, 11
2.400000, 0.600000, 3
2.550000, 0.600000, 8
2.700000, 0.600000, 4
2.850000, 0.600000, 6
3.000000, 0.600000, 3
3.150000, 0.600000, 5
3.300000, 0.600000, 5
3.450000, 0.600000, 5
3.600000, 0.600000, 5
3.750000, 0.600000, 5
3.900000, 0.600000, 5
4.050000, 0.600000, 5
4.200000, 0.600000, 5
4.350000, 0.600000, 5
4.500000, 0.600000, 5
4.650000, 0.600000, 5
4.800000, 0.600000, 5
4.950000, 0.600000, 5
5.100000, 0.600000, 5
5.250000, 0.600000, 5
5.400000, 0.600000, 5
5.550000, 0.600000, 5
5.700000, 0.600000, 5
5.850000, 0.600000, 5
6.000000, 0.600000, 5
6.150000, 0.600000, 5
6.300000, 0.600000, 5
6.450000, 0.600000, 5
6.600000, 0.600000, 5
6.750000, 0.600000, 5
6.900000, 0.600000, 5
7.050000, 0.600000, 5
7.200000, 0.600000, 5
7.350000, 0.600000, 5
7.500000, 0.600000, 5
7.650000, 0.600000, 5
7.800000, 0.600000, 5
7.950000, 0.600000, 5
8.100000, 0.600000, 5
8.250000, 0.600000, 5
8.400000, 0.600000, 5
8.550000, 0.600000, 5
8.700000, 0.600000, 5
8.850000, 0.600000, 5
9.000000, 0.600000, 5
9.150000, 0.600000, 5
9.300000, 0.600000, 5
9.450000, 0.600000, 5
9.600000, 0.600000, 5
9.750000, 0.600000, 5
9.900000, 0.600000, 5
10.050000, 0.600000, 5
10.200000, 0.600000, 5
10.350000, 0.600000, 5
10.500000, 0.600000, 5
10.650000, 0.600000, 5
10.800000, 0.600000, 5
10.950000, 0.600000, 5
11.100000, 0.600000, 5
11.250000, 0.600000, 5
11.400000, 0.600000, 5
11.550000, 0.600000, 5
11.700000, 0.600000, 5
11.850000, 0.600000, 5
12.000000, 0.600000, 5
12.150000, 0.600000, 5
12.300000, 0.600000, 5
12.450000, 0.600000, 5
12.600000, 0.600000, 5
12.750000, 0.600000, 5
12.900000, 0.600000, 5
13.050000, 0.600000, 5
13.200000, 0.600000, 5
13.350000, 0.600000, 5
13.500000, 0.600000, 5
13.650000, 0.600000, 5
13.800000, 0.600000, 5
13.950000, 0.600000, 5
14.100000, 0.600000, 5
14.250000, 0.600000, 5
14.400000, 0.600000, 5
14.550000, 0.600000, 5
14.700000, 0.600000, 5
14.850000, 0.600000, 5
-15.000000, 0.650000, 11
-14.850000, 0.650000, 11
-14.700000, 0.650000, 11
-14.550000, 0.650000, 11
-14.400000, 0.650000, 11
-14.250000, 0.650000, 11
-14.100000, 0.650000, 11
-13.950000, 0.650000, 11
-13.800000, 0.650000, 11
-13.650000, 0.650000, 11
-13.500000, 0.650000, 11
-13.350000, 0.650000, 11
-13.200000, 0.650000, 11
-13.050000, 0.650000, 11
-12.900000, 0.650000, 11
-12.750000, 0.650000, 11
-12.600000, 0.650000, 11
-12.450000, 0.650000, 11
-12.300000, 0.650000, 11
-12.150000, 0.650000, 11
-12.000000, 0.650000, 11
-11.850000, 0.650000, 11
-11.700000, 0.650000, 11
-11.550000, 0.650000, 11
-11.400000, 0.650000, 11
-11.250000, 0.650000, 11
-11.100000, 0.650000, 11
-10.950000, 0.650000, 11
-10.800000, 0.650000, 11
-10.650000, 0.650000, 11
-10.500000, 0.650000, 11
-10.350000, 0.650000, 11
-10.200000, 0.650000, 11
-10.050000, 0.650000, 11
-9.900000, 0.650000, 11
-9.750000, 0.650000, 11
-9.600000, 0.650000, 11
-9.450000, 0.650000, 11
-9.300000, 0.650000, 11
-9.150000, 0.650000, 11
-9.000000, 0.650000, 11
-8.850000, 0.650000, 11
-8.700000, 0.650000, 11
-8.550000, 0.650000, 11
-8.400000, 0.650000, 11
-8.250000, 0.650000, 11
-8.100000, 0.650000, 11
-7.950000, 0.650000, 11
-7.800000, 0.650000, 11
-7.650000, 0.650000, 11
-7.500000, 0.650000, 11
-7.350000, 0.650000, 11
-7.200000, 0.650000, 11
-7.050000, 0.650000, 11
-6.900000, 0.650000, 11
-6.750000, 0.650000, 11
-6.600000, 0.650000, 11
-6.450000, 0.650000, 11
-6.300000, 0.650000, 11
-6.150000, 0.650000, 11
-6.000000, 0.650000, 11
-5.850000, 0.650000, 11
-5.700000, 0.650000, 11
-5.550000, 0.650000, 11
-5.400000, 0.650000, 11
-5.250000, 0.650000, 11
-5.100000, 0.650000, 11
-4.950000, 0.650000, 11
-4.800000, 0.650000, 11
-4.650000, 0.650000, 11
-4.500000, 0.650000, 0
-4.350000, 0.650000, 0
-4.200000, 0.650000, 0
-4.050000, 0.650000, 0
-3.900000, 0.650000, 0
-3.750000, 0.650000, 0
-3.600000, 0.650000, 0
-3.450000, 0.650000, 0
-3.300000, 0.650000, 0
-3.150000, 0.650000, 0
-3.000000, 0.650000, 0
-2.850000, 0.650000, 0
-2.700000, 0.650000, 0
-2.550000, 0.650000, 9
-2.400000, 0.650000, 2
-2.250000, 0.650000, 2
-2.100000, 0.650000, 2
-1.950000, 0.650000, 2
-1.800000, 0.650000, 2
-1.650000, 0.650000, 2
-1.500000, 0.650000, 2
-1.350000, 0.650000, 2
-1.200000, 0.650000, 10
-1.050000, 0.650000, 6
-0.900000, 0.650000, 4
-0.750000, 0.650000, 4
-0.600000, 0.650000, 5
-0.450000, 0.650000, 3
-0.300000, 0.650000, 6
-0.150000, 0.650000, 4
-0.000000, 0.650000, 4
0.150000, 0.650000, 4
0.300000, 0.650000, 4
0.450000, 0.650000, 4
0.600000, 0.650000, 4
0.750000, 0.650000, 6
0.900000, 0.650000, 6
1.050000, 0.650000, 6
1.200000, 0.650000, 6
1.350000, 0.650000, 6
1.500000, 0.650000, 6
1.650000, 0.650000, 6
1.800000, 0.650000, 10
1.950000, 0.650000, 4
2.100000, 0.650000, 4
2.250000, 0.650000, 9
2.400000, 0.650000, 1
2.550000, 0.650000, 3
2.700000, 0.650000, 4
2.850000, 0.650000, 1
3.000000, 0.650000, 6
3.150000, 0.650000, 5
3.300000, 0.650000, 5
3.450000, 0.650000, 5
3.600000, 0.650000, 5
3.750000, 0.650000, 5
3.900000, 0.650000, 5
4.050000, 0.650000, 5
4.200000, 0.650000, 5
4.350000, 0.650000, 5
4.500000, 0.650000, 5
4.650000, 0.650000, 5
4.800000, 0.650000, 5
4.950000, 0.650000, 5
5.100000, 0.650000, 5
5.250000, 0.650000, 5
5.400000, 0.650000, 5
5.550000, 0.650000, 5
5.700000, 0.650000, 5
5.850000, 0.650000, 5
6.000000, 0.650000, 5
6.150000, 0.650000, 5
6.300000, 0.650000, 5
6.450000, 0.650000, 5
6.600000, 0.650000, 5
6.750000, 0.650000, 5
6.900000, 0.650000, 5
7.050000, 0.650000, 5
7.200000, 0.650000, 5
7.350000, 0.650000, 5
7.500000, 0.650000, 5
7.650000, 0.650000, 5
7.800000, 0.650000, 5
7.950000, 0.650000, 5
8.100000, 0.650000, 5
8.250000, 0.650000, 5
8.400000, 0.650000, 5
8.550000, 0.650000, 5
8.700000, 0.650000, 5
8.850000, 0.650000, 5
9.000000, 0.650000, 5
9.150000, 0.650000, 5
9.300000, 0.650000, 5
9.450000, 0.650000, 5
9.600000, 0.650000, 5
9.750000, 0.650000, 5
9.900000, 0.650000, 5
10.050000, 0.650000, 5
10.200000, 0.650000, 5
10.350000, 0.650000, 5
10.500000, 0.650000, 5
10.650000, 0.650000, 5
10.800000, 0.650000, 5
10.950000, 0.650000, 5
11.100000, 0.650000, 5
11.250000, 0.650000, 5
11.400000, 0.650000, 5
11.550000, 0.650000, 5
11.700000, 0.650000, 5
11.850000, 0.650000, 5
12.000000, 0.650000, 5
12.150000, 0.650000, 5
12.300000, 0.650000, 5
12.450000, 0.650000, 5
12.600000, 0.650000, 5
12.750000, 0.650000, 5
12.900000, 0.650000, 5
13.050000, 0.650000, 5
13.200000, 0.650000, 5
13.350000, 0.650000, 5
13.500000, 0.650000, 5
13.650000, 0.650000, 5
13.800000, 0.650000, 5
13.950000, 0.650000, 5
14.100000, 0.650000, 5
14.250000, 0.650000, 5
14.400000, 0.650000, 5
14.550000, 0.650000, 5
14.700000, 0.650000, 5
14.850000, 0.650000, 5
-15.000000, 0.700000, 11
-14.850000, 0.700000, 11
-14.700000, 0.700000, 11
-14.550000, 0.700000, 11
-14.400000, 0.700000, 11
-14.250000, 0.700000, 11
-14.100000, 0.700000, 11
-13.950000, 0.700000, 11
-13.800000, 0.700000, 11
-13.650000, 0.700000, 11
-13.500000, 0.700000, 11
-13.350000, 0.700000, 11
-13.200000, 0.700000, 11
-13.050000, 0.700000, 11
-12.900000, 0.700000, 11
-12.750000, 0.700000, 11
-12.600000, 0.700000, 11
-12.450000, 0.700000, 11
-12.300000, 0.700000, 11
-12.150000, 0.700000, 11
-12.000000, 0.700000, 11
-11.850000, 0.700000, 11
-11.700000, 0.700000, 11
-11.550000, 0.700000, 11
-11.400000, 0.700000, 11
-11.250000, 0.700000, 11
-11.100000, 0.700000, 11
-10.950000, 0.700000, 11
-10.800000, 0.700000, 11
-10.650000, 0.700000, 11
-10.500000, 0.700000, 11
-10.350000, 0.700000, 11
-10.200000, 0.700000, 11
-10.050000, 0.700000, 11
-9.900000, 0.700000, 11
-9.750000, 0.700000, 11
-9.600000, 0.700000, 11
-9.450000, 0.700000, 11
-9.300000, 0.700000, 11
-9.150000, 0.700000, 11
-9.000000, 0.700000, 11
-8.850000, 0.700000, 11
-8.700000, 0.700000, 11
-8.550000, 0.700000, 11
-8.400000, 0.700000, 11
-8.250000, 0.700000, 11
-8.100000, 0.700000, 11
-7.950000, 0.700000, 11
-7.800000, 0.700000, 11
-7.650000, 0.700000, 11
-7.500000, 0.700000, 11
-7.350000, 0.700000, 11
-7.200000, 0.700000, 11
-7.050000, 0.700000, 11
-6.900000, 0.700000, 11
-6.750000, 0.700000, 11
-6.600000, 0.700000, 11
-6.450000, 0.700000, 11
-6.300000, 0.700000, 11
-6.150000, 0.700000, 11
-6.000000, 0.700000, 11
-5.850000, 0.700000, 11
-5.700000, 0.700000, 11
-5.550000, 0.700000, 11
-5.400000, 0.700000, 11
-5.250000, 0.700000, 11
-5.100000, 0.700000, 11
-4.950000, 0.700000, 11
-4.800000, 0.700000, 11
-4.650000, 0.700000, 2
-4.500000, 0.700000, 0
-4.350000, 0.700000, 0
-4.200000, 0.700000, 0
-4.050000, 0.700000, 0
-3.900000, 0.700000, 0
-3.750000, 0.700000, 0
-3.600000, 0.700000, 0
-3.450000, 0.700000, 0
-3.300000, 0.700000, 0
-3.150000, 0.700000, 0
-3.000000, 0.700000, 0
-2.850000, 0.700000, 0
-2.700000, 0.700000, 2
-2.550000, 0.700000, 2
-2.400000, 0.700000, 2
-2.250000, 0.700000, 2
-2.100000, 0.700000, 2
-1.950000, 0.700000, 2
-1.800000, 0.700000, 2
-1.650000, 0.700000, 2
-1.500000, 0.700000, 2
-1.350000, 0.700000, 5
-1.200000, 0.700000, 5
-1.050000, 0.700000, 4
-0.900000, 0.700000, 1
-0.750000, 0.700000, 9
-0.600000, 0.700000, 9
-0.450000, 0.700000, 2
-0.300000, 0.700000, 10
-0.150000, 0.700000, 4
-0.000000, 0.700000, 4
0.150000, 0.700000, 4
0.300000, 0.700000, 4
0.450000, 0.700000, 4
0.600000, 0.700000, 4
0.750000, 0.700000, 4
0.900000, 0.700000, 6
1.050000, 0.700000, 6
1.200000, 0.700000, 6
1.350000, 0.700000, 6
1.500000, 0.700000, 6
1.650000, 0.700000, 6
1.800000, 0.700000, 7
1.950000, 0.700000, 4
2.100000, 0.700000, 4
2.250000, 0.700000, 4
2.400000, 0.700000, 6
2.550000, 0.700000, 1
2.700000, 0.700000, 0
2.850000, 0.700000, 3
3.000000, 0.700000, 4
3.150000, 0.700000, 3
3.300000, 0.700000, 9
3.450000, 0.700000, 5
3.600000, 0.700000, 5
3.750000, 0.700000, 5
3.900000, 0.700000, 5
4.050000, 0.700000, 5
4.200000, 0.700000, 5
4.350000, 0.700000, 5
4.500000, 0.700000, 5
4.650000, 0.700000, 5
4.800000, 0.700000, 5
4.950000, 0.700000, 5
5.100000, 0.700000, 5
5.250000, 0.700000, 5
5.400000, 0.700000, 5
5.550000, 0.700000, 5
5.700000, 0.700000, 5
5.850000, 0.700000, 5
6.000000, 0.700000, 5
6.150000, 0.700000, 5
6.300000, 0.700000, 5
6.450000, 0.700000, 5
6.600000, 0.700000, 5
6.750000, 0.700000, 5
6.900000, 0.700000, 5
7.050000, 0.700000, 5
7.200000, 0.700000, 5
7.350000, 0.700000, 5
7.500000, 0.700000, 5
7.650000, 0.700000, 5
7.800000, 0.700000, 5
7.950000, 0.700000, 5
8.100000, 0.700000, 5
8.250000, 0.700000, 5
8.400000, 0.700000, 5
8.550000, 0.700000, 5
8.700000, 0.700000, 5
8.850000, 0.700000, 5
9.000000, 0.700000, 5
9.150000, 0.700000, 5
9.300000, 0.700000, 5
9.450000, 0.700000, 5
9.600000, 0.700000, 5
9.750000, 0.700000, 5
9.900000, 0.700000, 5
10.050000, 0.700000, 5
10.200000, 0.700000, 5
10.350000, 0.700000, 5
10.500000, 0.700000, 5
10.650000, 0.700000, 5
10.800000, 0.700000, 5
10.950000, 0.700000, 5
11.100000, 0.700000, 5
11.250000, 0.700000, 5
11.400000, 0.700000, 5
11.550000, 0.700000, 5
11.700000, 0.700000, 5
11.850000, 0.700000, 5
12.000000, 0.700000, 5
12.150000, 0.700000, 5
12.300000, 0.700000, 5
12.450000, 0.700000, 5
12.600000, 0.700000, 5
12.750000, 0.700000, 5
12.900000, 0.700000, 5
13.050000, 0.700000, 5
13.200000, 0.700000, 5
13.350000, 0.700000, 5
13.500000, 0.700000, 5
13.650000, 0.700000, 5
13.800000, 0.700000, 5
13.950000, 0.700000, 5
14.100000, 0.700000, 5
14.250000, 0.700000, 5
14.400000, 0.700000, 5
14.550000, 0.700000, 5
14.700000, 0.700000, 5
14.850000, 0.700000, 5
-15.000000, 0.750000, 11
-14.850000, 0.750000, 11
-14.700000, 0.750000, 11
-14.550000, 0.750000, 11
-14.400000, 0.750000, 11
-14.250000, 0.750000, 11
-14.100000, 0.750000, 11
-13.950000, 0.750000, 11
-13.800000, 0.750000, 11
-13.650000, 0.750000, 11
-13.500000, 0.750000, 11
-13.350000, 0.750000, 11
-13.200000, 0.750000, 11
-13.050000, 0.750000, 11
-12.900000, 0.750000, 11
-12.750000, 0.750000, 11
-12.600000, 0.750000, 11
-12.450000, 0.750000, 11
-12.300000, 0.750000, 11
-12.150000, 0.750000, 11
-12.000000, 0.750000, 11
-11.850000, 0.750000, 11
-11.700000, 0.750000, 11
-11.550000, 0.750000, 11
-11.400000, 0.750000, 11
-11.250000, 0.750000, 11
-11.100000, 0.750000, 11
-10.950000, 0.750000, 11
-10.800000, 0.750000, 11
-10.650000, 0.750000, 11
-10.500000, 0.750000, 11
-10.350000, 0.750000, 11
-10.200000, 0.750000, 11
-10.050000, 0.750000, 11
-9.900000, 0.750000, 11
-9.750000, 0.750000, 11
-9.600000, 0.750000, 11
-9.450000, 0.750000, 11
-9.300000, 0.750000, 11
-9.150000, 0.750000, 11
-9.000000, 0.750000, 11
-8.850000, 0.750000, 11
-8.700000, 0.750000, 11
-8.550000, 0.750000, 11
-8.400000, 0.750000, 11
-8.250000, 0.750000, 11
-8.100000, 0.750000, 11
-7.950000, 0.750000, 11
-7.800000, 0.750000, 11
-7.650000, 0.750000, 11
-7.500000, 0.750000, 11
-7.350000, 0.750000, 11
-7.200000, 0.750000, 11
-7.050000, 0.750000, 11
-6.900000, 0.750000, 11
-6.750000, 0.750000, 11
-6.600000, 0.750000, 11
-6.450000, 0.750000, 11
-6.300000, 0.750000, 11
-6.150000, 0.750000, 11
-6.000000, 0.750000, 11
-5.850000, 0.750000, 11
-5.700000, 0.750000, 11
-5.550000, 0.750000, 11
-5.400000, 0.750000, 11
-5.250000, 0.750000, 11
-5.100000, 0.750000, 11
-4.950000, 0.750000, 11
-4.800000, 0.750000, 0
-4.650000, 0.750000, 0
-4.500000, 0.750000, 0
-4.350000, 0.750000, 0
-4.200000, 0.750000, 0
-4.050000, 0.750000, 0
-3.900000, 0.750000, 0
-3.750000, 0.750000, 0
-3.600000, 0.750000, 0
-3.450000, 0.750000, 0
-3.300000, 0.750000, 0
-3.150000, 0.750000, 0
-3.000000, 0.750000, 0
-2.850000, 0.750000, 0
-2.700000, 0.750000, 2
-2.550000, 0.750000, 2
-2.400000, 0.750000, 2
-2.250000, 0.750000, 2
-2.100000, 0.750000, 2
-1.950000, 0.750000, 2
-1.800000, 0.750000, 2
-1.650000, 0.750000, 2
-1.500000, 0.750000, 2
-1.350000, 0.750000, 6
-1.200000, 0.750000, 4
-1.050000, 0.750000, 4
-0.900000, 0.750000, 9
-0.750000, 0.750000, 9
-0.600000, 0.750000, 9
-0.450000, 0.750000, 1
-0.300000, 0.750000, 10
-0.150000, 0.750000, 4
-0.000000, 0.750000, 4
0.150000, 0.750000, 4
0.300000, 0.750000, 4
0.450000, 0.750000, 4
0.600000, 0.750000, 4
0.750000, 0.750000, 10
0.900000, 0.750000, 6
1.050000, 0.750000, 6
1.200000, 0.750000, 6
1.350000, 0.750000, 6
1.500000, 0.750000, 6
1.650000, 0.750000, 6
1.800000, 0.750000, 6
1.950000, 0.750000, 4
2.100000, 0.750000, 4
2.250000, 0.750000, 4
2.400000, 0.750000, 4
2.550000, 0.750000, 7
2.700000, 0.750000, 2
2.850000, 0.750000, 3
3.000000, 0.750000, 5
3.150000, 0.750000, 3
3.300000, 0.750000, 4
3.450000, 0.750000, 8
3.600000, 0.750000, 2
3.750000, 0.750000, 5
3.900000, 0.750000, 5
4.050000, 0.750000, 5
4.200000, 0.750000, 5
4.350000, 0.750000, 5
4.500000, 0.750000, 5
4.650000, 0.750000, 5
4.800000, 0.750000, 5
4.950000, 0.750000, 5
5.100000, 0.750000, 5
5.250000, 0.750000, 5
5.400000, 0.750000, 5
5.550000, 0.750000, 5
5.700000, 0.750000, 5
5.850000, 0.750000, 5
6.000000, 0.750000, 5
6.150000, 0.750000, 5
6.300000, 0.750000, 5
6.450000, 0.750000, 5
6.600000, 0.750000, 5
6.750000, 0.750000, 5
6.900000, 0.750000, 5
7.050000, 0.750000, 5
7.200000, 0.750000, 5
7.350000, 0.750000, 5
7.500000, 0.750000, 5
7.650000, 0.750000, 5
7.800000, 0.750000, 5
7.950000, 0.750000, 5
8.100000, 0.750000, 5
8.250000, 0.750000, 5
8.400000, 0.750000, 5
8.550000, 0.750000, 5
8.700000, 0.750000, 5
8.850000, 0.750000, 5
9.000000, 0.750000, 5
9.150000, 0.750000, 5
9.300000, 0.750000, 5
9.450000, 0.750000, 5
9.600000, 0.750000, 5
9.750000, 0.750000, 5
9.900000, 0.750000, 5
10.050000, 0.750000, 5
10.200000, 0.750000, 5
10.350000, 0.750000, 5
10.500000, 0.750000, 5
10.650000, 0.750000, 5
10.800000, 0.750000, 5
10.950000, 0.750000, 5
11.100000, 0.750000, 5
11.250000, 0.750000, 5
11.400000, 0.750000, 5
11.550000, 0.750000, 5
11.700000, 0.750000, 5
11.850000, 0.750000, 5
12.000000, 0.750000, 5
12.150000, 0.750000, 5
12.300000, 0.750000, 5
12.450000, 0.750000, 5
12.600000, 0.750000, 5
12.750000, 0.750000, 5
12.900000, 0.750000, 5
13.050000, 0.750000, 5
13.200000, 0.750000, 5
13.350000, 0.750000, 5
13.500000, 0.750000, 5
13.650000, 0.750000, 5
13.800000, 0.750000, 5
13.950000, 0.750000, 5
14.100000, 0.750000, 5
14.250000, 0.750000, 5
14.400000, 0.750000, 5
14.550000, 0.750000, 5
14.700000, 0.750000, 5
14.850000, 0.750000, 5
-15.000000, 0.800000, 11
-14.850000, 0.800000, 11
-14.700000, 0.800000, 11
-14.550000, 0.800000, 11
-14.400000, 0.800000, 11
-14.250000, 0.800000, 11
-14.100000, 0.800000, 11
-13.950000, 0.800000, 11
-13.800000, 0.800000, 11
-13.650000, 0.800000, 11
-13.500000, 0.800000, 11
-13.350000, 0.800000, 11
-13.200000, 0.800000, 11
-13.050000, 0.800000, 11
-12.900000, 0.800000, 11
-12.750000, 0.800000, 11
-12.600000, 0.800000, 11
-12.450000, 0.800000, 11
-12.300000, 0.800000, 11
-12.150000, 0.800000, 11
-12.000000, 0.800000, 11
-11.850000, 0.800000, 11
-11.700000, 0.800000, 11
-11.550000, 0.800000, 11
-11.400000, 0.800000, 11
-11.250000, 0.800000, 11
-11.100000, 0.800000, 11
-10.950000, 0.800000, 11
-10.800000, 0.800000, 11
-10.650000, 0.800000, 11
-10.500000, 0.800000, 11
-10.350000, 0.800000, 11
-10.200000, 0.800000, 11
-10.050000, 0.800000, 11
-9.900000, 0.800000, 11
-9.750000, 0.800000, 11
-9.600000, 0.800000, 11
-9.450000, 0.800000, 11
-9.300000, 0.800000, 11
-9.150000, 0.800000, 11
-9.000000, 0.800000, 11
-8.850000, 0.800000, 11
-8.700000, 0.800000, 11
-8.550000, 0.800000, 11
-8.400000, 0.800000, 11
-8.250000, 0.800000, 11
-8.100000, 0.800000, 11
-7.950000, 0.800000, 11
-7.800000, 0.800000, 11
-7.650000, 0.800000, 11
-7.500000, 0.800000, 11
-7.350000, 0.800000, 11
-7.200000, 0.800000, 11
-7.050000, 0.800000, 11
-6.900000, 0.800000, 11
-6.750000, 0.800000, 11
-6.600000, 0.800000, 11
-6.450000, 0.800000, 11
-6.300000, 0.800000, 11
-6.150000, 0.800000, 11
-6.000000, 0.800000, 11
-5.850000, 0.800000, 11
-5.700000, 0.800000, 11
-5.550000, 0.800000, 11
-5.400000, 0.800000, 11
-5.250000, 0.800000, 11
-5.100000, 0.800000, 11
-4.950000, 0.800000, 11
-4.800000, 0.800000, 0
-4.650000, 0.800000, 0
-4.500000, 0.800000, 0
-4.350000, 0.800000, 0
-4.200000, 0.800000, 0
-4.050000, 0.800000, 0
-3.900000, 0.800000, 0
-3.750000, 0.800000, 0
-3.600000, 0.800000, 0
-3.450000, 0.800000, 0
-3.300000, 0.800000, 0
-3.150000, 0.800000, 0
-3.000000, 0.800000, 0
-2.850000, 0.800000, 7
-2.700000, 0.800000, 2
-2.550000, 0.800000, 2
-2.400000, 0.800000, 2
-2.250000, 0.800000, 2
-2.100000, 0.800000, 2
-1.950000, 0.800000, 2
-1.800000, 0.800000, 2
-1.650000, 0.800000, 2
-1.500000, 0.800000, 1
-1.350000, 0.800000, 5
-1.200000, 0.800000, 10
-1.050000, 0.800000, 6
-0.900000, 0.800000, 9
-0.750000, 0.800000, 9
-0.600000, 0.800000, 9
-0.450000, 0.800000, 4
-0.300000, 0.800000, 4
-0.150000, 0.800000, 4
-0.000000, 0.800000, 4
0.150000, 0.800000, 4
0.300000, 0.800000, 4
0.450000, 0.800000, 4
0.600000, 0.800000, 4
0.750000, 0.800000, 5
0.900000, 0.800000, 6
1.050000, 0.800000, 6
1.200000, 0.800000, 6
1.350000, 0.800000, 6
1.500000, 0.800000, 6
1.650000, 0.800000, 6
1.800000, 0.800000, 6
1.950000, 0.800000, 6
2.100000, 0.800000, 4
2.250000, 0.800000, 10
2.400000, 0.800000, 4
2.550000, 0.800000, 4
2.700000, 0.800000, 9
2.850000, 0.800000, 5
3.000000, 0.800000, 2
3.150000, 0.800000, 8
3.300000, 0.800000, 5
3.450000, 0.800000, 5
3.600000, 0.800000, 6
3.750000, 0.800000, 6
3.900000, 0.800000, 6
4.050000, 0.800000, 5
4.200000, 0.800000, 5
4.350000, 0.800000, 5
4.500000, 0.800000, 5
4.650000, 0.800000, 5
4.800000, 0.800000, 5
4.950000, 0.800000, 5
5.100000, 0.800000, 5
5.250000, 0.800000, 5
5.400000, 0.800000, 5
5.550000, 0.800000, 5
5.700000, 0.800000, 5
5.850000, 0.800000, 5
6.000000, 0.800000, 5
6.150000, 0.800000, 5
6.300000, 0.800000, 5
6.450000, 0.800000, 5
6.600000, 0.800000, 5
6.750000, 0.800000, 5
6.900000, 0.800000, 5
7.050000, 0.800000, 5
7.200000, 0.800000, 5
7.350000, 0.800000, 5
7.500000, 0.800000, 5
7.650000, 0.800000, 5
7.800000, 0.800000, 5
7.950000, 0.800000, 5
8.100000, 0.800000, 5
8.250000, 0.800000, 5
8.400000, 0.800000, 5
8.550000, 0.800000, 5
8.700000, 0.800000, 5
8.850000, 0.800000, 5
9.000000, 0.800000, 5
9.150000, 0.800000, 5
9.300000, 0.800000, 5
9.450000, 0.800000, 5
9.600000, 0.800000, 5
9.750000, 0.800000, 5
9.900000, 0.800000, 5
10.050000, 0.800000, 5
10.200000, 0.800000, 5
10.350000, 0.800000, 5
10.500000, 0.800000, 5
10.650000, 0.800000, 5
10.800000, 0.800000, 5
10.950000, 0.800000, 5
11.100000, 0.800000, 5
11.250000, 0.800000, 5
11.400000, 0.800000, 5
11.550000, 0.800000, 5
11.700000, 0.800000, 5
11.850000, 0.800000, 5
12.000000, 0.800000, 5
12.150000, 0.800000, 5
12.300000, 0.800000, 5
12.450000, 0.800000, 5
12.600000, 0.800000, 5
12.750000, 0.800000, 5
12.900000, 0.800000, 5
13.050000, 0.800000, 5
13.200000, 0.800000, 5
13.350000, 0.800000, 5
13.500000, 0.800000, 5
13.650000, 0.800000, 5
13.800000, 0.800000, 5
13.950000, 0.800000, 5
14.100000, 0.800000, 5
14.250000, 0.800000, 5
14.400000, 0.800000, 5
14.550000, 0.800000, 5
14.700000, 0.800000, 5
14.850000, 0.800000, 5
-15.000000, 0.850000, 11
-14.850000, 0.850000, 11
-14.700000, 0.850000, 11
-14.550000, 0.850000, 11
-14.400000, 0.850000, 11
-14.250000, 0.850000, 11
-14.100000, 0.850000, 11
-13.950000, 0.850000, 11
-13.800000, 0.850000, 11
-13.650000, 0.850000, 11
-13.500000, 0.850000, 11
-13.350000, 0.850000, 11
-13.200000, 0.850000, 11
-13.050000, 0.850000, 11
-12.900000, 0.850000, 11
-12.750000, 0.850000, 11
-12.600000, 0.850000, 11
-12.450000, 0.850000, 11
-12.300000, 0.850000, 11
-12.150000, 0.850000, 11
-12.000000, 0.850000, 11
-11.850000, 0.850000, 11
-11.700000, 0.850000, 11
-11.550000, 0.850000, 11
-11.400000, 0.850000, 11
-11.250000, 0.850000, 11
-11.100000, 0.850000, 11
-10.950000, 0.850000, 11
-10.800000, 0.850000, 11
-10.650000, 0.850000, 11
-10.500000, 0.850000, 11
-10.350000, 0.850000, 11
-10.200000, 0.850000, 11
-10.050000, 0.850000, 11
-9.900000, 0.850000, 11
-9.750000, 0.850000, 11
-9.600000, 0.850000, 11
-9.450000, 0.850000, 11
-9.300000, 0.850000, 11
-9.150000, 0.850000, 11
-9.000000, 0.850000, 11
-8.850000, 0.850000, 11
-8.700000, 0.850000, 11
-8.550000, 0.850000, 11
-8.400000, 0.850000, 11
-8.250000, 0.850000, 11
-8.100000, 0.850000, 11
-7.950000, 0.850000, 11
-7.800000, 0.850000, 11
-7.650000, 0.850000, 11
-7.500000, 0.850000, 11
-7.350000, 0.850000, 11
-7.200000, 0.850000, 11
-7.050000, 0.850000, 11
-6.900000, 0.850000, 11
-6.750000, 0.850000, 11
-6.600000, 0.850000, 11
-6.450000, 0.850000, 11
-6.300000, 0.850000, 11
-6.150000, 0.850000, 11
-6.000000, 0.850000, 11
-5.850000, 0.850000, 11
-5.700000, 0.850000, 11
-5.550000, 0.850000, 11
-5.400000, 0.850000, 11
-5.250000, 0.850000, 11
-5.100000, 0.850000, 11
-4.950000, 0.850000, 0
-4.800000, 0.850000, 2
-4.650000, 0.850000, 0
-4.500000, 0.850000, 0
-4.350000, 0.850000, 0
-4.200000, 0.850000, 0
-4.050000, 0.850000, 0
-3.900000, 0.850000, 0
-3.750000, 0.850000, 0
-3.600000, 0.850000, 0
-3.450000, 0.850000, 0
-3.300000, 0.850000, 0
-3.150000, 0.850000, 0
-3.000000, 0.850000, 2
-2.850000, 0.850000, 0
-2.700000, 0.850000, 2
-2.550000, 0.850000, 2
-2.400000, 0.850000, 2
-2.250000, 0.850000, 2
-2.100000, 0.850000, 2
-1.950000, 0.850000, 2
-1.800000, 0.850000, 2
-1.650000, 0.850000, 2
-1.500000, 0.850000, 4
-1.350000, 0.850000, 6
-1.200000, 0.850000, 6
-1.050000, 0.850000, 9
-0.900000, 0.850000, 9
-0.750000, 0.850000, 9
-0.600000, 0.850000, 9
-0.450000, 0.850000, 11
-0.300000, 0.850000, 4
-0.150000, 0.850000, 4
-0.000000, 0.850000, 4
0.150000, 0.850000, 4
0.300000, 0.850000, 4
0.450000, 0.850000, 4
0.600000, 0.850000, 4
0.750000, 0.850000, 4
0.900000, 0.850000, 6
1.050000, 0.850000, 6
1.200000, 0.850000, 6
1.350000, 0.850000, 6
1.500000, 0.850000, 6
1.650000, 0.850000, 6
1.800000, 0.850000, 6
1.950000, 0.850000, 6
2.100000, 0.850000, 6
2.250000, 0.850000, 4
2.400000, 0.850000, 5
2.550000, 0.850000, 4
2.700000, 0.850000, 4
2.850000, 0.850000, 6
3.000000, 0.850000, 2
3.150000, 0.850000, 3
3.300000, 0.850000, 3
3.450000, 0.850000, 3
3.600000, 0.850000, 4
3.750000, 0.850000, 1
3.900000, 0.850000, 4
4.050000, 0.850000, 5
4.200000, 0.850000, 5
4.350000, 0.850000, 5
4.500000, 0.850000, 5
4.650000, 0.850000, 5
4.800000, 0.850000, 5
4.950000, 0.850000, 5
5.100000, 0.850000, 5
5.250000, 0.850000, 5
5.400000, 0.850000, 5
5.550000, 0.850000, 5
5.700000, 0.850000, 5
5.850000, 0.850000, 5
6.000000, 0.850000, 5
6.150000, 0.850000, 5
6.300000, 0.850000, 5
6.450000, 0.850000, 5
6.600000, 0.850000, 5
6.750000, 0.850000, 5
6.900000, 0.850000, 5
7.050000, 0.850000, 5
7.200000, 0.850000, 5
7.350000, 0.850000, 5
7.500000, 0.850000, 5
7.650000, 0.850000, 5
7.800000, 0.850000, 5
7.950000, 0.850000, 5
8.100000, 0.850000, 5
8.250000, 0.850000, 5
8.400000, 0.850000, 5
8.550000, 0.850000, 5
8.700000, 0.850000, 5
8.850000, 0.850000, 5
9.000000, 0.850000, 5
9.150000, 0.850000, 5
9.300000, 0.850000, 5
9.450000, 0.850000, 5
9.600000, 0.850000, 5
9.750000, 0.850000, 5
9.900000, 0.850000, 5
10.050000, 0.850000, 5
10.200000, 0.850000, 5
10.350000, 0.850000, 5
10.500000, 0.850000, 5
10.650000, 0.850000, 5
10.800000, 0.850000, 5
10.950000, 0.850000, 5
11.100000, 0.850000, 5
11.250000, 0.850000, 5
11.400000, 0.850000, 5
11.550000, 0.850000, 5
11.700000, 0.850000, 5
11.850000, 0.850000, 5
12.000000, 0.850000, 5
12.150000, 0.850000, 5
12.300000, 0.850000, 5
12.450000, 0.850000, 5
12.600000, 0.850000, 5
12.750000, 0.850000, 5
12.900000, 0.850000, 5
13.050000, 0.850000, 5
13.200000, 0.850000, 5
13.350000, 0.850000, 5
13.500000, 0.850000, 5
13.650000, 0.850000, 5
13.800000, 0.850000, 5
13.950000, 0.850000, 5
14.100000, 0.850000, 5
14.250000, 0.850000, 5
14.400000, 0.850000, 5
14.550000, 0.850000, 5
14.700000, 0.850000, 5
14.850000, 0.850000, 5
-15.000000, 0.900000, 11
-14.850000, 0.900000, 11
-14.700000, 0.900000, 11
-14.550000, 0.900000, 11
-14.400000, 0.900000, 11
-14.250000, 0.900000, 11
-14.100000, 0.900000, 11
-13.950000, 0.900000, 11
-13.800000, 0.900000, 11
-13.650000, 0.900000, 11
-13.500000, 0.900000, 11
-13.350000, 0.900000, 11
-13.200000, 0.900000, 11
-13.050000, 0.900000, 11
-12.900000, 0.900000, 11
-12.750000, 0.900000, 11
-12.600000, 0.900000, 11
-12.450000, 0.900000, 11
-12.300000, 0.900000, 11
-12.150000, 0.900000, 11
-12.000000, 0.900000, 11
-11.850000, 0.900000, 11
-11.700000, 0.900000, 11
-11.550000, 0.900000, 11
-11.400000, 0.900000, 11
-11.250000, 0.900000, 11
-11.100000, 0.900000, 11
-10.950000, 0.900000, 11
-10.800000, 0.900000, 11
-10.650000, 0.900000, 11
-10.500000, 0.900000, 11
-10.350000, 0.900000, 11
-10.200000, 0.900000, 11
-10.050000, 0.900000, 11
-9.900000, 0.900000, 11
-9.750000, 0.900000, 11
-9.600000, 0.900000, 11
-9.450000, 0.900000, 11
-9.300000, 0.900000, 11
-9.150000, 0.900000, 11
-9.000000, 0.900000, 11
-8.850000, 0.900000, 11
-8.700000, 0.900000, 11
-8.550000, 0.900000, 11
-8.400000, 0.900000, 11
-8.250000, 0.900000, 11
-8.100000, 0.900000, 11
-7.950000, 0.900000, 11
-7.800000, 0.900000, 11
-7.650000, 0.900000, 11
-7.500000, 0.900000, 11
-7.350000, 0.900000, 11
-7.200000, 0.900000, 11
-7.050000, 0.900000, 11
-6.900000, 0.900000, 11
-6.750000, 0.900000, 11
-6.600000, 0.900000, 11
-6.450000, 0.900000, 11
-6.300000, 0.900000, 11
-6.150000, 0.900000, 11
-6.000000, 0.900000, 11
-5.850000, 0.900000, 11
-5.700000, 0.900000, 11
-5.550000, 0.900000, 11
-5.400000, 0.900000, 11
-5.250000, 0.900000, 11
-5.100000, 0.900000, 0
-4.950000, 0.900000, 0
-4.800000, 0.900000, 0
-4.650000, 0.900000, 0
-4.500000, 0.900000, 0
-4.350000, 0.900000, 0
-4.200000, 0.900000, 0
-4.050000, 0.900000, 0
-3.900000, 0.900000, 0
-3.750000, 0.900000, 0
-3.600000, 0.900000, 0
-3.450000, 0.900000, 0
-3.300000, 0.900000, 0
-3.150000, 0.900000, 0
-3.000000, 0.900000, 2
-2.850000, 0.900000, 2
-2.700000, 0.900000, 2
-2.550000, 0.900000, 2
-2.400000, 0.900000, 2
-2.250000, 0.900000, 2
-2.100000, 0.900000, 2
-1.950000, 0.900000, 2
-1.800000, 0.900000, 2
-1.650000, 0.900000, 2
-1.500000, 0.900000, 5
-1.350000, 0.900000, 10
-1.200000, 0.900000, 2
-1.050000, 0.900000, 9
-0.900000, 0.900000, 9
-0.750000, 0.900000, 9
-0.600000, 0.900000, 9
-0.450000, 0.900000, 5
-0.300000, 0.900000, 4
-0.150000, 0.900000, 4
-0.000000, 0.900000, 4
0.150000, 0.900000, 4
0.300000, 0.900000, 4
0.450000, 0.900000, 4
0.600000, 0.900000, 4
0.750000, 0.900000, 4
0.900000, 0.900000, 10
1.050000, 0.900000, 6
1.200000, 0.900000, 6
1.350000, 0.900000, 6
1.500000, 0.900000, 6
1.650000, 0.900000, 6
1.800000, 0.900000, 6
1.950000, 0.900000, 6
2.100000, 0.900000, 6
2.250000, 0.900000, 6
2.400000, 0.900000, 2
2.550000, 0.900000, 4
2.700000, 0.900000, 4
2.850000, 0.900000, 4
3.000000, 0.900000, 10
3.150000, 0.900000, 6
3.300000, 0.900000, 2
3.450000, 0.900000, 8
3.600000, 0.900000, 1
3.750000, 0.900000, 1
3.900000, 0.900000, 10
4.050000, 0.900000, 1
4.200000, 0.900000, 8
4.350000, 0.900000, 5
4.500000, 0.900000, 5
4.650000, 0.900000, 5
4.800000, 0.900000, 5
4.950000, 0.900000, 5
5.100000, 0.900000, 5
5.250000, 0.900000, 5
5.400000, 0.900000, 5
5.550000, 0.900000, 5
5.700000, 0.900000, 5
5.850000, 0.900000, 5
6.000000, 0.900000, 5
6.150000, 0.900000, 5
6.300000, 0.900000, 5
6.450000, 0.900000, 5
6.600000, 0.900000, 5
6.750000, 0.900000, 5
6.900000, 0.900000, 5
7.050000, 0.900000, 5
7.200000, 0.900000, 5
7.350000, 0.900000, 5
7.500000, 0.900000, 5
7.650000, 0.900000, 5
7.800000, 0.900000, 5
7.950000, 0.900000, 5
8.100000, 0.900000, 5
8.250000, 0.900000, 5
8.400000, 0.900000, 5
8.550000, 0.900000, 5
8.700000, 0.900000, 5
8.850000, 0.900000, 5
9.000000, 0.900000, 5
9.150000, 0.900000, 5
9.300000, 0.900000, 5
9.450000, 0.900000, 5
9.600000, 0.900000, 5
9.750000, 0.900000, 5
9.900000, 0.900000, 5
10.050000, 0.900000, 5
10.200000, 0.900000, 5
10.350000, 0.900000, 5
10.500000, 0.900000, 5
10.650000, 0.900000, 5
10.800000, 0.900000, 5
10.950000, 0.900000, 5
11.100000, 0.900000, 5
11.250000, 0.900000, 5
11.400000, 0.900000, 5
11.550000, 0.900000, 5
11.700000, 0.900000, 5
11.850000, 0.900000, 5
12.000000, 0.900000, 5
12.150000, 0.900000, 5
12.300000, 0.900000, 5
12.450000, 0.900000, 5
12.600000, 0.900000, 5
12.750000, 0.900000, 5
12.900000, 0.900000, 5
13.050000, 0.900000, 5
13.200000, 0.900000, 5
13.350000, 0.900000, 5
13.500000, 0.900000, 5
13.650000, 0.900000, 5
13.800000, 0.900000, 5
13.950000, 0.900000, 5
14.100000, 0.900000, 5
14.250000, 0.900000, 5
14.400000, 0.900000, 5
14.550000, 0.900000, 5
14.700000, 0.900000, 5
14.850000, 0.900000, 5
-15.000000, 0.950000, 11
-14.850000, 0.950000, 11
-14.700000, 0.950000, 11
-14.550000, 0.950000, 11
-14.400000, 0.950000, 11
-14.250000, 0.950000, 11
-14.100000, 0.950000, 11
-13.950000, 0.950000, 11
-13.800000, 0.950000, 11
-13.650000, 0.950000, 11
-13.500000, 0.950000, 11
-13.350000, 0.950000, 11
-13.200000, 0.950000, 11
-13.050000, 0.950000, 11
-12.900000, 0.950000, 11
-12.750000, 0.950000, 11
-12.600000, 0.950000, 11
-12.450000, 0.950000, 11
-12.300000, 0.950000, 11
-12.150000, 0.950000, 11
-12.000000, 0.950000, 11
-11.850000, 0.950000, 11
-11.700000, 0.950000, 11
-11.550000, 0.950000, 11
-11.400000, 0.950000, 11
-11.250000, 0.950000, 11
-11.100000, 0.950000, 11
-10.950000, 0.950000, 11
-10.800000, 0.950000, 11
-10.650000, 0.950000, 11
-10.500000, 0.950000, 11
-10.350000, 0.950000, 11
-10.200000, 0.950000, 11
-10.050000, 0.950000, 11
-9.900000, 0.950000, 11
-9.750000, 0.950000, 11
-9.600000, 0.950000, 11
-9.450000, 0.950000, 11
-9.300000, 0.950000, 11
-9.150000, 0.950000, 11
-9.000000, 0.950000, 11
-8.850000, 0.950000, 11
-8.700000, 0.950000, 11
-8.550000, 0.950000, 11
-8.400000, 0.950000, 11
-8.250000, 0.950000, 11
-8.100000, 0.950000, 11
-7.950000, 0.950000, 11
-7.800000, 0.950000, 11
-7.650000, 0.950000, 11
-7.500000, 0.950000, 11
-7.350000, 0.950000, 11
-7.200000, 0.950000, 11
-7.050000, 0.950000, 11
-6.900000, 0.950000, 11
-6.750000, 0.950000, 11
-6.600000, 0.950000, 11
-6.450000, 0.950000, 11
-6.300000, 0.950000, 11
-6.150000, 0.950000, 11
-6.000000, 0.950000, 11
-5.850000, 0.950000, 11
-5.700000, 0.950000, 11
-5.550000, 0.950000, 11
-5.400000, 0.950000, 11
-5.250000, 0.950000, 11
-5.100000, 0.950000, 0
-4.950000, 0.950000, 0
-4.800000, 0.950000, 0
-4.650000, 0.950000, 0
-4.500000, 0.950000, 0
-4.350000, 0.950000, 0
-4.200000, 0.950000, 0
-4.050000, 0.950000, 0
-3.900000, 0.950000, 0
-3.750000, 0.950000, 0
-3.600000, 0.950000, 0
-3.450000, 0.950000, 0
-3.300000, 0.950000, 0
-3.150000, 0.950000, 2
-3.000000, 0.950000, 2
-2.850000, 0.950000, 2
-2.700000, 0.950000, 2
-2.550000, 0.950000, 2
-2.400000, 0.950000, 2
-2.250000, 0.950000, 2
-2.100000, 0.950000, 2
-1.950000, 0.950000, 2
-1.800000, 0.950000, 2
-1.650000, 0.950000, 4
-1.500000, 0.950000, 8
-1.350000, 0.950000, 6
-1.200000, 0.950000, 9
-1.050000, 0.950000, 9
-0.900000, 0.950000, 9
-0.750000, 0.950000, 9
-0.600000, 0.950000, 9
-0.450000, 0.950000, 4
-0.300000, 0.950000, 4
-0.150000, 0.950000, 4
-0.000000, 0.950000, 10
0.150000, 0.950000, 10
0.300000, 0.950000, 4
0.450000, 0.950000, 4
0.600000, 0.950000, 4
0.750000, 0.950000, 4
0.900000, 0.950000, 10
1.050000, 0.950000, 6
1.200000, 0.950000, 6
1.350000, 0.950000, 6
1.500000, 0.950000, 6
1.650000, 0.950000, 6
1.800000, 0.950000, 6
1.950000, 0.950000, 6
2.100000, 0.950000, 6
2.250000, 0.950000, 6
2.400000, 0.950000, 6
2.550000, 0.950000, 4
2.700000, 0.950000, 10
2.850000, 0.950000, 4
3.000000, 0.950000, 4
3.150000, 0.950000, 4
3.300000, 0.950000, 2
3.450000, 0.950000, 1
3.600000, 0.950000, 8
3.750000, 0.950000, 3
3.900000, 0.950000, 4
4.050000, 0.950000, 1
4.200000, 0.950000, 6
4.350000, 0.950000, 6
4.500000, 0.950000, 4
4.650000, 0.950000, 6
4.800000, 0.950000, 5
4.950000, 0.950000, 5
5.100000, 0.950000, 5
5.250000, 0.950000, 5
5.400000, 0.950000, 5
5.550000, 0.950000, 5
5.700000, 0.950000, 5
5.850000, 0.950000, 5
6.000000, 0.950000, 5
6.150000, 0.950000, 5
6.300000, 0.950000, 5
6.450000, 0.950000, 5
6.600000, 0.950000, 5
6.750000, 0.950000, 5
6.900000, 0.950000, 5
7.050000, 0.950000, 5
7.200000, 0.950000, 5
7.350000, 0.950000, 5
7.500000, 0.950000, 5
7.650000, 0.950000, 5
7.800000, 0.950000, 5
7.950000, 0.950000, 5
8.100000, 0.950000, 5
8.250000, 0.950000, 5
8.400000, 0.950000, 5
8.550000, 0.950000, 5
8.700000, 0.950000, 5
8.850000, 0.950000, 5
9.000000, 0.950000, 5
9.150000, 0.950000, 5
9.300000, 0.950000, 5
9.450000, 0.950000, 5
9.600000, 0.950000, 5
9.750000, 0.950000, 5
9.900000, 0.950000, 5
10.050000, 0.950000, 5
10.200000, 0.950000, 5
10.350000, 0.950000, 5
10.500000, 0.950000, 5
10.650000, 0.950000, 5
10.800000, 0.950000, 5
10.950000, 0.950000, 5
11.100000, 0.950000, 5
11.250000, 0.950000, 5
11.400000, 0.950000, 5
11.550000, 0.950000, 5
11.700000, 0.950000, 5
11.850000, 0.950000, 5
12.000000, 0.950000, 5
12.150000, 0.950000, 5
12.300000, 0.950000, 5
12.450000, 0.950000, 5
12.600000, 0.950000, 5
12.750000, 0.950000, 5
12.900000, 0.950000, 5
13.050000, 0.950000, 5
13.200000, 0.950000, 5
13.350000, 0.950000, 5
13.500000, 0.950000, 5
13.650000, 0.950000, 5
13.800000, 0.950000, 5
13.950000, 0.950000, 5
14.100000, 0.950000, 5
14.250000, 0.950000, 5
14.400000, 0.950000, 5
14.550000, 0.950000, 5
14.700000, 0.950000, 5
14.850000, 0.950000, 5
-15.000000, 1.000000, 11
-14.850000, 1.000000, 11
-14.700000, 1.000000, 11
-14.550000, 1.000000, 11
-14.400000, 1.000000, 11
-14.250000, 1.000000, 11
-14.100000, 1.000000, 11
-13.950000, 1.000000, 11
-13.800000, 1.000000, 11
-13.650000, 1.000000, 11
-13.500000, 1.000000, 11
-13.350000, 1.000000, 11
-13.200000, 1.000000, 11
-13.050000, 1.000000, 11
-12.900000, 1.000000, 11
-12.750000, 1.000000, 11
-12.600000, 1.000000, 11
-12.450000, 1.000000, 11
-12.300000, 1.000000, 11
-12.150000, 1.000000, 11
-12.000000, 1.000000, 11
-11.850000, 1.000000, 11
-11.700000, 1.000000, 11
-11.550000, 1.000000, 11
-11.400000, 1.000000, 11
-11.250000, 1.000000, 11
-11.100000, 1.000000, 11
-10.950000, 1.000000, 11
-10.800000, 1.000000, 11
-10.650000, 1.000000, 11
-10.500000, 1.000000, 11
-10.350000, 1.000000, 11
-10.200000, 1.000000, 11
-10.050000, 1.000000, 11
-9.900000, 1.000000, 11
-9.750000, 1.000000, 11
-9.600000, 1.000000, 11
-9.450000, 1.000000, 11
-9.300000, 1.000000, 11
-9.150000, 1.000000, 11
-9.000000, 1.000000, 11
-8.850000, 1.000000, 11
-8.700000, 1.000000, 11
-8.550000, 1.000000, 11
-8.400000, 1.000000, 11
-8.250000, 1.000000, 11
-8.100000, 1.000000, 11
-7.950000, 1.000000, 11
-7.800000, 1.000000, 11
-7.650000, 1.000000, 11
-7.500000, 1.000000, 11
-7.350000, 1.000000, 11
-7.200000, 1.000000, 11
-7.050000, 1.000000, 11
-6.900000, 1.000000, 11
-6.750000, 1.000000, 11
-6.600000, 1.000000, 11
-6.450000, 1.000000, 11
-6.300000, 1.000000, 11
-6.150000, 1.000000, 11
-6.000000, 1.000000, 11
-5.850000, 1.000000, 11
-5.700000, 1.000000, 11
-5.550000, 1.000000, 11
-5.400000, 1.000000, 0
-5.250000, 1.000000, 0
-5.100000, 1.000000, 0
-4.950000, 1.000000, 0
-4.800000, 1.000000, 0
-4.650000, 1.000000, 0
-4.500000, 1.000000, 0
-4.350000, 1.000000, 0
-4.200000, 1.000000, 0
-4.050000, 1.000000, 0
-3.900000, 1.000000, 0
-3.750000, 1.000000, 0
-3.600000, 1.000000, 0
-3.450000, 1.000000, 0
-3.300000, 1.000000, 2
-3.150000, 1.000000, 10
-3.000000, 1.000000, 2
-2.850000, 1.000000, 2
-2.700000, 1.000000, 2
-2.550000, 1.000000, 2
-2.400000, 1.000000, 2
-2.250000, 1.000000, 2
-2.100000, 1.000000, 2
-1.950000, 1.000000, 2
-1.800000, 1.000000, 2
-1.650000, 1.000000, 6
-1.500000, 1.000000, 9
-1.350000, 1.000000, 3
-1.200000, 1.000000, 9
-1.050000, 1.000000, 9
-0.900000, 1.000000, 9
-0.750000, 1.000000, 9
-0.600000, 1.000000, 9
-0.450000, 1.000000, 4
-0.300000, 1.000000, 4
-0.150000, 1.000000, 4
-0.000000, 1.000000, 10
0.150000, 1.000000, 10
0.300000, 1.000000, 4
0.450000, 1.000000, 4
0.600000, 1.000000, 4
0.750000, 1.000000, 4
0.900000, 1.000000, 10
1.050000, 1.000000, 6
1.200000, 1.000000, 6
1.350000, 1.000000, 6
1.500000, 1.000000, 6
1.650000, 1.000000, 6
1.800000, 1.000000, 6
1.950000, 1.000000, 6
2.100000, 1.000000, 6
2.250000, 1.000000, 6
2.400000, 1.000000, 6
2.550000, 1.000000, 1
2.700000, 1.000000, 4
2.850000, 1.000000, 4
3.000000, 1.000000, 4
3.150000, 1.000000, 10
3.300000, 1.000000, 6
3.450000, 1.000000, 5
3.600000, 1.000000, 2
3.750000, 1.000000, 3
3.900000, 1.000000, 11
4.050000, 1.000000, 3
4.200000, 1.000000, 5
4.350000, 1.000000, 2
4.500000, 1.000000, 3
4.650000, 1.000000, 4
4.800000, 1.000000, 5
4.950000, 1.000000, 5
5.100000, 1.000000, 5
5.250000, 1.000000, 5
5.400000, 1.000000, 5
5.550000, 1.000000, 5
5.700000, 1.000000, 5
5.850000, 1.000000, 5
6.000000, 1.000000, 5
6.150000, 1.000000, 5
6.300000, 1.000000, 5
6.450000, 1.000000, 5
6.600000, 1.000000, 5
6.750000, 1.000000, 5
6.900000, 1.000000, 5
7.050000, 1.000000, 5
7.200000, 1.000000, 5
7.350000, 1.000000, 5
7.500000, 1.000000, 5
7.650000, 1.000000, 5
7.800000, 1.000000, 5
7.950000, 1.000000, 5
8.100000, 1.000000, 5
8.250000, 1.000000, 5
8.400000, 1.000000, 5
8.550000, 1.000000, 5
8.700000, 1.000000, 5
8.850000, 1.000000, 5
9.000000, 1.000000, 5
9.150000, 1.000000, 5
9.300000, 1.000000, 5
9.450000, 1.000000, 5
9.600000, 1.000000, 5
9.750000, 1.000000, 5
9.900000, 1.000000, 5
10.050000, 1.000000, 5
10.200000, 1.000000, 5
10.350000, 1.000000, 5
10.500000, 1.000000, 5
10.650000, 1.000000, 5
10.800000, 1.000000, 5
10.950000, 1.000000, 5
11.100000, 1.000000, 5
11.250000, 1.000000, 5
11.400000, 1.000000, 5
11.550000, 1.000000, 5
11.700000, 1.000000, 5
11.850000, 1.000000, 5
12.000000, 1.000000, 5
12.150000, 1.000000, 5
12.300000, 1.000000, 5
12.450000, 1.000000, 5
12.600000, 1.000000, 5
12.750000, 1.000000, 5
12.900000, 1.000000, 5
13.050000, 1.000000, 5
13.200000, 1.000000, 5
13.350000, 1.000000, 5
13.500000, 1.000000, 5
13.650000, 1.000000, 5
13.800000, 1.000000, 5
13.950000, 1.000000, 5
14.100000, 1.000000, 5
14.250000, 1.000000, 5
14.400000, 1.000000, 5
14.550000, 1.000000, 5
14.700000, 1.000000, 5
14.850000, 1.000000, 5
-15.000000, 1.050000, 11
-14.850000, 1.050000, 11
-14.700000, 1.050000, 11
-14.550000, 1.050000, 11
-14.400000, 1.050000, 11
-14.250000, 1.050000, 11
-14.100000, 1.050000, 11
-13.950000, 1.050000, 11
-13.800000, 1.050000, 11
-13.650000, 1.050000, 11
-13.500000, 1.050000, 11
-13.350000, 1.050000, 11
-13.200000, 1.050000, 11
-13.050000, 1.050000, 11
-12.900000, 1.050000, 11
-12.750000, 1.050000, 11
-12.600000, 1.050000, 11
-12.450000, 1.050000, 11
-12.300000, 1.050000, 11
-12.150000, 1.050000, 11
-12.000000, 1.050000, 11
-11.850000, 1.050000, 11
-11.700000, 1.050000, 11
-11.550000, 1.050000, 11
-11.400000, 1.050000, 11
-11.250000, 1.050000, 11
-11.100000, 1.050000, 11
-10.950000, 1.050000, 11
-10.800000, 1.050000, 11
-10.650000, 1.050000, 11
-10.500000, 1.050000, 11
-10.350000, 1.050000, 11
-10.200000, 1.050000, 11
-10.050000, 1.050000, 11
-9.900000, 1.050000, 11
-9.750000, 1.050000, 11
-9.600000, 1.050000, 11
-9.450000, 1.050000, 11
-9.300000, 1.050000, 11
-9.150000, 1.050000, 11
-9.000000, 1.050000, 11
-8.850000, 1.050000, 11
-8.700000, 1.050000, 11
-8.550000, 1.050000, 11
-8.400000, 1.050000, 11
-8.250000, 1.050000, 11
-8.100000, 1.050000, 11
-7.950000, 1.050000, 11
-7.800000, 1.050000, 11
-7.650000, 1.050000, 11
-7.500000, 1.050000, 11
-7.350000, 1.050000, 11
-7.200000, 1.050000, 11
-7.050000, 1.050000, 11
-6.900000, 1.050000, 11
-6.750000, 1.050000, 11
-6.600000, 1.050000, 11
-6.450000, 1.050000, 11
-6.300000, 1.050000, 11
-6.150000, 1.050000, 11
-6.000000, 1.050000, 11
-5.850000, 1.050000, 11
-5.700000, 1.050000, 11
-5.550000, 1.050000, 11
-5.400000, 1.050000, 0
-5.250000, 1.050000, 0
-5.100000, 1.050000, 0
-4.950000, 1.050000, 0
-4.800000, 1.050000, 0
-4.650000, 1.050000, 0
-4.500000, 1.050000, 0
-4.350000, 1.050000, 0
-4.200000, 1.050000, 0
-4.050000, 1.050000, 0
-3.900000, 1.050000, 0
-3.750000, 1.050000, 0
-3.600000, 1.050000, 0
-3.450000, 1.050000, 0
-3.300000, 1.050000, 2
-3.150000, 1.050000, 2
-3.000000, 1.050000, 2
-2.850000, 1.050000, 2
-2.700000, 1.050000, 2
-2.550000, 1.050000, 2
-2.400000, 1.050000, 2
-2.250000, 1.050000, 2
-2.100000, 1.050000, 2
-1.950000, 1.050000, 2
-1.800000, 1.050000, 5
-1.650000, 1.050000, 8
-1.500000, 1.050000, 4
-1.350000, 1.050000, 9
-1.200000, 1.050000, 9
-1.050000, 1.050000, 9
-0.900000, 1.050000, 9
-0.750000, 1.050000, 9
-0.600000, 1.050000, 9
-0.450000, 1.050000, 5
-0.300000, 1.050000, 4
-0.150000, 1.050000, 4
-0.000000, 1.050000, 10
0.150000, 1.050000, 10
0.300000, 1.050000, 4
0.450000, 1.050000, 4
0.600000, 1.050000, 4
0.750000, 1.050000, 4
0.900000, 1.050000, 4
1.050000, 1.050000, 6
1.200000, 1.050000, 6
1.350000, 1.050000, 6
1.500000, 1.050000, 6
1.650000, 1.050000, 6
1.800000, 1.050000, 6
1.950000, 1.050000, 6
2.100000, 1.050000, 6
2.250000, 1.050000, 6
2.400000, 1.050000, 6
2.550000, 1.050000, 6
2.700000, 1.050000, 6
2.850000, 1.050000, 3
3.000000, 1.050000, 4
3.150000, 1.050000, 4
3.300000, 1.050000, 4
3.450000, 1.050000, 4
3.600000, 1.050000, 5
3.750000, 1.050000, 5
3.900000, 1.050000, 0
4.050000, 1.050000, 3
4.200000, 1.050000, 2
4.350000, 1.050000, 4
4.500000, 1.050000, 8
4.650000, 1.050000, 4
4.800000, 1.050000, 5
4.950000, 1.050000, 9
5.100000, 1.050000, 7
5.250000, 1.050000, 5
5.400000, 1.050000, 5
5.550000, 1.050000, 5
5.700000, 1.050000, 5
5.850000, 1.050000, 5
6.000000, 1.050000, 5
6.150000, 1.050000, 5
6.300000, 1.050000, 5
6.450000, 1.050000, 5
6.600000, 1.050000, 5
6.750000, 1.050000, 5
6.900000, 1.050000, 5
7.050000, 1.050000, 5
7.200000, 1.050000, 5
7.350000, 1.050000, 5
7.500000, 1.050000, 5
7.650000, 1.050000, 5
7.800000, 1.050000, 5
7.950000, 1.050000, 5
8.100000, 1.050000, 5
8.250000, 1.050000, 5
8.400000, 1.050000, 5
8.550000, 1.050000, 5
8.700000, 1.050000, 5
8.850000, 1.050000, 5
9.000000, 1.050000, 5
9.150000, 1.050000, 5
9.300000, 1.050000, 5
9.450000, 1.050000, 5
9.600000, 1.050000, 5
9.750000, 1.050000, 5
9.900000, 1.050000, 5
10.050000, 1.050000, 5
10.200000, 1.050000, 5
10.350000, 1.050000, 5
10.500000, 1.050000, 5
10.650000, 1.050000, 5
10.800000, 1.050000, 5
10.950000, 1.050000, 5
11.100000, 1.050000, 5
11.250000, 1.050000, 5
11.400000, 1.050000, 5
11.550000, 1.050000, 5
11.700000, 1.050000, 5
11.850000, 1.050000, 5
12.000000, 1.050000, 5
12.150000, 1.050000, 5
12.300000, 1.050000, 5
12.450000, 1.050000, 5
12.600000, 1.050000, 5
12.750000, 1.050000, 5
12.900000, 1.050000, 5
13.050000, 1.050000, 5
13.200000, 1.050000, 5
13.350000, 1.050000, 5
13.500000, 1.050000, 5
13.650000, 1.050000, 5
13.800000, 1.050000, 5
13.950000, 1.050000, 5
14.100000, 1.050000, 5
14.250000, 1.050000, 5
14.400000, 1.050000, 5
14.550000, 1.050000, 5
14.700000, 1.050000, 5
14.850000, 1.050000, 5
-15.000000, 1.100000, 11
-14.850000, 1.100000, 11
-14.700000, 1.100000, 11
-14.550000, 1.100000, 11
-14.400000, 1.100000, 11
-14.250000, 1.100000, 11
-14.100000, 1.100000, 11
-13.950000, 1.100000, 11
-13.800000, 1.100000, 11
-13.650000, 1.100000, 11
-13.500000, 1.100000, 11
-13.350000, 1.100000, 11
-13.200000, 1.100000, 11
-13.050000, 1.100000, 11
-12.900000, 1.100000, 11
-12.750000, 1.100000, 11
-12.600000, 1.100000, 11
-12.450000, 1.100000, 11
-12.300000, 1.100000, 11
-12.150000, 1.100000, 11
-12.000000, 1.100000, 11
-11.850000, 1.100000, 11
-11.700000, 1.100000, 11
-11.550000, 1.100000, 11
-11.400000, 1.100000, 11
-11.250000, 1.100000, 11
-11.100000, 1.100000, 11
-10.950000, 1.100000, 11
-10.800000, 1.100000, 11
-10.650000, 1.100000, 11
-10.500000, 1.100000, 11
-10.350000, 1.100000, 11
-10.200000, 1.100000, 11
-10.050000, 1.100000, 11
-9.900000, 1.100000, 11
-9.750000, 1.100000, 11
-9.600000, 1.100000, 11
-9.450000, 1.100000, 11
-9.300000, 1.100000, 11
-9.150000, 1.100000, 11
-9.000000, 1.100000, 11
-8.850000, 1.100000, 11
-8.700000, 1.100000, 11
-8.550000, 1.100000, 11
-8.400000, 1.100000, 11
-8.250000, 1.100000, 11
-8.100000, 1.100000, 11
-7.950000, 1.100000, 11
-7.800000, 1.100000, 11
-7.650000, 1.100000, 11
-7.500000, 1.100000, 11
-7.350000, 1.100000, 11
-7.200000, 1.100000, 11
-7.050000, 1.100000, 11
-6.900000, 1.100000, 11
-6.750000, 1.100000, 11
-6.600000, 1.100000, 11
-6.450000, 1.100000, 11
-6.300000, 1.100000, 11
-6.150000, 1.100000, 11
-6.000000, 1.100000, 11
-5.850000, 1.100000, 11
-5.700000, 1.100000, 0
-5.550000, 1.100000, 0
-5.400000, 1.100000, 0
-5.250000, 1.100000, 0
-5.100000, 1.100000, 0
-4.950000, 1.100000, 0
-4.800000, 1.100000, 0
-4.650000, 1.100000, 0
-4.500000, 1.100000, 0
-4.350000, 1.100000, 0
-4.200000, 1.100000, 0
-4.050000, 1.100000, 0
-3.900000, 1.100000, 0
-3.750000, 1.100000, 0
-3.600000, 1.100000, 0
-3.450000, 1.100000, 0
-3.300000, 1.100000, 2
-3.150000, 1.100000, 2
-3.000000, 1.100000, 2
-2.850000, 1.100000, 2
-2.700000, 1.100000, 2
-2.550000, 1.100000, 2
-2.400000, 1.100000, 2
-2.250000, 1.100000, 2
-2.100000, 1.100000, 2
-1.950000, 1.100000, 2
-1.800000, 1.100000, 4
-1.650000, 1.100000, 3
-1.500000, 1.100000, 6
-1.350000, 1.100000, 9
-1.200000, 1.100000, 9
-1.050000, 1.100000, 9
-0.900000, 1.100000, 9
-0.750000, 1.100000, 9
-0.600000, 1.100000, 9
-0.450000, 1.100000, 6
-0.300000, 1.100000, 4
-0.150000, 1.100000, 4
-0.000000, 1.100000, 10
0.150000, 1.100000, 10
0.300000, 1.100000, 4
0.450000, 1.100000, 4
0.600000, 1.100000, 4
0.750000, 1.100000, 4
0.900000, 1.100000, 4
1.050000, 1.100000, 8
1.200000, 1.100000, 6
1.350000, 1.100000, 6
1.500000, 1.100000, 6
1.650000, 1.100000, 6
1.800000, 1.100000, 6
1.950000, 1.100000, 6
2.100000, 1.100000, 6
2.250000, 1.100000, 6
2.400000, 1.100000, 6
2.550000, 1.100000, 6
2.700000, 1.100000, 6
2.850000, 1.100000, 5
3.000000, 1.100000, 4
3.150000, 1.100000, 6
3.300000, 1.100000, 4
3.450000, 1.100000, 10
3.600000, 1.100000, 6
3.750000, 1.100000, 6
3.900000, 1.100000, 2
4.050000, 1.100000, 4
4.200000, 1.100000, 0
4.350000, 1.100000, 8
4.500000, 1.100000, 8
4.650000, 1.100000, 4
4.800000, 1.100000, 3
4.950000, 1.100000, 3
5.100000, 1.100000, 4
5.250000, 1.100000, 5
5.400000, 1.100000, 8
5.550000, 1.100000, 1
5.700000, 1.100000, 5
5.850000, 1.100000, 5
6.000000, 1.100000, 5
6.150000, 1.100000, 5
6.300000, 1.100000, 5
6.450000, 1.100000, 5
6.600000, 1.100000, 5
6.750000, 1.100000, 5
6.900000, 1.100000, 5
7.050000, 1.100000, 5
7.200000, 1.100000, 5
7.350000, 1.100000, 5
7.500000, 1.100000, 5
7.650000, 1.100000, 5
7.800000, 1.100000, 5
7.950000, 1.100000, 5
8.100000, 1.100000, 5
8.250000, 1.100000, 5
8.400000, 1.100000, 5
8.550000, 1.100000, 5
8.700000, 1.100000, 5
8.850000, 1.100000, 5
9.000000, 1.100000, 5
9.150000, 1.100000, 5
9.300000, 1.100000, 5
9.450000, 1.100000, 5
9.600000, 1.100000, 5
9.750000, 1.100000, 5
9.900000, 1.100000, 5
10.050000, 1.100000, 5
10.200000, 1.100000, 5
10.350000, 1.100000, 5
10.500000, 1.100000, 5
10.650000, 1.100000, 5
10.800000, 1.100000, 5
10.950000, 1.100000, 5
11.100000, 1.100000, 5
11.250000, 1.100000, 5
11.400000, 1.100000, 5
11.550000, 1.100000, 5
11.700000, 1.100000, 5
11.850000, 1.100000, 5
12.000000, 1.100000, 5
12.150000, 1.100000, 5
12.300000, 1.100000, 5
12.450000, 1.100000, 5
12.600000, 1.100000, 5
12.750000, 1.100000, 5
12.900000, 1.100000, 5
13.050000, 1.100000, 5
13.200000, 1.100000, 5
13.350000, 1.100000, 5
13.500000, 1.100000, 5
13.650000, 1.100000, 5
13.800000, 1.100000, 5
13.950000, 1.100000, 5
14.100000, 1.100000, 5
14.250000, 1.100000, 5
14.400000, 1.100000, 5
14.550000, 1.100000, 5
14.700000, 1.100000, 5
14.850000, 1.100000, 5
-15.000000, 1.150000, 11
-14.850000, 1.150000, 11
-14.700000, 1.150000, 11
-14.550000, 1.150000, 11
-14.400000, 1.150000, 11
-14.250000, 1.150000, 11
-14.100000, 1.150000, 11
-13.950000, 1.150000, 11
-13.800000, 1.150000, 11
-13.650000, 1.150000, 11
-13.500000, 1.150000, 11
-13.350000, 1.150000, 11
-13.200000, 1.150000, 11
-13.050000, 1.150000, 11
-12.900000, 1.150000, 11
-12.750000, 1.150000, 11
-12.600000, 1.150000, 11
-12.450000, 1.150000, 11
-12.300000, 1.150000, 11
-12.150000, 1.150000, 11
-12.000000, 1.150000, 11
-11.850000, 1.150000, 11
-11.700000, 1.150000, 11
-11.550000, 1.150000, 11
-11.400000, 1.150000, 11
-11.250000, 1.150000, 11
-11.100000, 1.150000, 11
-10.950000, 1.150000, 11
-10.800000, 1.150000, 11
-10.650000, 1.150000, 11
-10.500000, 1.150000, 11
-10.350000, 1.150000, 11
-10.200000, 1.150000, 11
-10.050000, 1.150000, 11
-9.900000, 1.150000, 11
-9.750000, 1.150000, 11
-9.600000, 1.150000, 11
-9.450000, 1.150000, 11
-9.300000, 1.150000, 11
-9.150000, 1.150000, 11
-9.000000, 1.150000, 11
-8.850000, 1.150000, 11
-8.700000, 1.150000, 11
-8.550000, 1.150000, 11
-8.400000, 1.150000, 11
-8.250000, 1.150000, 11
-8.100000, 1.150000, 11
-7.950000, 1.150000, 11
-7.800000, 1.150000, 11
-7.650000, 1.150000, 11
-7.500000, 1.150000, 11
-7.350000, 1.150000, 11
-7.200000, 1.150000, 11
-7.050000, 1.150000, 11
-6.900000, 1.150000, 11
-6.750000, 1.150000, 11
-6.600000, 1.150000, 11
-6.450000, 1.150000, 11
-6.300000, 1.150000, 11
-6.150000, 1.150000, 11
-6.000000, 1.150000, 11
-5.850000, 1.150000, 0
-5.700000, 1.150000, 0
-5.550000, 1.150000, 3
-5.400000, 1.150000, 0
-5.250000, 1.150000, 0
-5.100000, 1.150000, 0
-4.950000, 1.150000, 0
-4.800000, 1.150000, 0
-4.650000, 1.150000, 0
-4.500000, 1.150000, 0
-4.350000, 1.150000, 0
-4.200000, 1.150000, 0
-4.050000, 1.150000, 0
-3.900000, 1.150000, 0
-3.750000, 1.150000, 0
-3.600000, 1.150000, 0
-3.450000, 1.150000, 2
-3.300000, 1.150000, 2
-3.150000, 1.150000, 2
-3.000000, 1.150000, 2
-2.850000, 1.150000, 2
-2.700000, 1.150000, 2
-2.550000, 1.150000, 2
-2.400000, 1.150000, 2
-2.250000, 1.150000, 2
-2.100000, 1.150000, 2
-1.950000, 1.150000, 1
-1.800000, 1.150000, 5
-1.650000, 1.150000, 4
-1.500000, 1.150000, 10
-1.350000, 1.150000, 9
-1.200000, 1.150000, 9
-1.050000, 1.150000, 9
-0.900000, 1.150000, 9
-0.750000, 1.150000, 9
-0.600000, 1.150000, 9
-0.450000, 1.150000, 3
-0.300000, 1.150000, 4
-0.150000, 1.150000, 10
-0.000000, 1.150000, 10
0.150000, 1.150000, 10
0.300000, 1.150000, 10
0.450000, 1.150000, 4
0.600000, 1.150000, 4
0.750000, 1.150000, 4
0.900000, 1.150000, 4
1.050000, 1.150000, 4
1.200000, 1.150000, 6
1.350000, 1.150000, 6
1.500000, 1.150000, 6
1.650000, 1.150000, 6
1.800000, 1.150000, 6
1.950000, 1.150000, 6
2.100000, 1.150000, 6
2.250000, 1.150000, 6
2.400000, 1.150000, 6
2.550000, 1.150000, 6
2.700000, 1.150000, 6
2.850000, 1.150000, 6
3.000000, 1.150000, 10
3.150000, 1.150000, 7
3.300000, 1.150000, 4
3.450000, 1.150000, 4
3.600000, 1.150000, 4
3.750000, 1.150000, 4
3.900000, 1.150000, 9
4.050000, 1.150000, 5
4.200000, 1.150000, 0
4.350000, 1.150000, 7
4.500000, 1.150000, 8
4.650000, 1.150000, 9
4.800000, 1.150000, 3
4.950000, 1.150000, 3
5.100000, 1.150000, 4
5.250000, 1.150000, 6
5.400000, 1.150000, 0
5.550000, 1.150000, 7
5.700000, 1.150000, 5
5.850000, 1.150000, 5
6.000000, 1.150000, 5
6.150000, 1.150000, 5
6.300000, 1.150000, 5
6.450000, 1.150000, 5
6.600000, 1.150000, 5
6.750000, 1.150000, 5
6.900000, 1.150000, 5
7.050000, 1.150000, 5
7.200000, 1.150000, 5
7.350000, 1.150000, 5
7.500000, 1.150000, 5
7.650000, 1.150000, 5
7.800000, 1.150000, 5
7.950000, 1.150000, 5
8.100000, 1.150000, 5
8.250000, 1.150000, 5
8.400000, 1.150000, 5
8.550000, 1.150000, 5
8.700000, 1.150000, 5
8.850000, 1.150000, 5
9.000000, 1.150000, 5
9.150000, 1.150000, 5
9.300000, 1.150000, 5
9.450000, 1.150000, 5
9.600000, 1.150000, 5
9.750000, 1.150000, 5
9.900000, 1.150000, 5
10.050000, 1.150000, 5
10.200000, 1.150000, 5
10.350000, 1.150000, 5
10.500000, 1.150000, 5
10.650000, 1.150000, 5
10.800000, 1.150000, 5
10.950000, 1.150000, 5
11.100000, 1.150000, 5
11.250000, 1.150000, 5
11.400000, 1.150000, 5
11.550000, 1.150000, 5
11.700000, 1.150000, 5
11.850000, 1.150000, 5
12.000000, 1.150000, 5
12.150000, 1.150000, 5
12.300000, 1.150000, 5
12.450000, 1.150000, 5
12.600000, 1.150000, 5
12.750000, 1.150000, 5
12.900000, 1.150000, 5
13.050000, 1.150000, 5
13.200000, 1.150000, 5
13.350000, 1.150000, 5
13.500000, 1.150000, 5
13.650000, 1.150000, 5
13.800000, 1.150000, 5
13.950000, 1.150000, 5
14.100000, 1.150000, 5
14.250000, 1.150000, 5
14.400000, 1.150000, 5
14.550000, 1.150000, 5
14.700000, 1.150000, 5
14.850000, 1.150000, 5
-15.000000, 1.200000, 11
-14.850000, 1.200000, 11
-14.700000, 1.200000, 11
-14.550000, 1.200000, 11
-14.400000, 1.200000, 11
-14.250000, 1.200000, 11
-14.100000, 1.200000, 11
-13.950000, 1.200000, 11
-13.800000, 1.200000, 11
-13.650000, 1.200000, 11
-13.500000, 1.200000, 11
-13.350000, 1.200000, 11
-13.200000, 1.200000, 11
-13.050000, 1.200000, 11
-12.900000, 1.200000, 11
-12.750000, 1.200000, 11
-12.600000, 1.200000, 11
-12.450000, 1.200000, 11
-12.300000, 1.200000, 11
-12.150000, 1.200000, 11
-12.000000, 1.200000, 11
-11.850000, 1.200000, 11
-11.700000, 1.200000, 11
-11.550000, 1.200000, 11
-11.400000, 1.200000, 11
-11.250000, 1.200000, 11
-11.100000, 1.200000, 11
-10.950000, 1.200000, 11
-10.800000, 1.200000, 11
-10.650000, 1.200000, 11
-10.500000, 1.200000, 11
-10.350000, 1.200000, 11
-10.200000, 1.200000, 11
-10.050000, 1.200000, 11
-9.900000, 1.200000, 11
-9.750000, 1.200000, 11
-9.600000, 1.200000, 11
-9.450000, 1.200000, 11
-9.300000, 1.200000, 11
-9.150000, 1.200000, 11
-9.000000, 1.200000, 11
-8.850000, 1.200000, 11
-8.700000, 1.200000, 11
-8.550000, 1.200000, 11
-8.400000, 1.200000, 11
-8.250000, 1.200000, 11
-8.100000, 1.200000, 11
-7.950000, 1.200000, 11
-7.800000, 1.200000, 11
-7.650000, 1.200000, 11
-7.500000, 1.200000, 11
-7.350000, 1.200000, 11
-7.200000, 1.200000, 11
-7.050000, 1.200000, 11
-6.900000, 1.200000, 11
-6.750000, 1.200000, 11
-6.600000, 1.200000, 11
-6.450000, 1.200000, 11
-6.300000, 1.200000, 11
-6.150000, 1.200000, 11
-6.000000, 1.200000, 11
-5.850000, 1.200000, 0
-5.700000, 1.200000, 0
-5.550000, 1.200000, 2
-5.400000, 1.200000, 0
-5.250000, 1.200000, 0
-5.100000, 1.200000, 0
-4.950000, 1.200000, 0
-4.800000, 1.200000, 0
-4.650000, 1.200000, 0
-4.500000, 1.200000, 0
-4.350000, 1.200000, 0
-4.200000, 1.200000, 0
-4.050000, 1.200000, 0
-3.900000, 1.200000, 0
-3.750000, 1.200000, 0
-3.600000, 1.200000, 2
-3.450000, 1.200000, 2
-3.300000, 1.200000, 2
-3.150000, 1.200000, 2
-3.000000, 1.200000, 2
-2.850000, 1.200000, 2
-2.700000, 1.200000, 2
-2.550000, 1.200000, 2
-2.400000, 1.200000, 2
-2.250000, 1.200000, 2
-2.100000, 1.200000, 2
-1.950000, 1.200000, 5
-1.800000, 1.200000, 3
-1.650000, 1.200000, 4
-1.500000, 1.200000, 4
-1.350000, 1.200000, 9
-1.200000, 1.200000, 9
-1.050000, 1.200000, 9
-0.900000, 1.200000, 9
-0.750000, 1.200000, 9
-0.600000, 1.200000, 9
-0.450000, 1.200000, 4
-0.300000, 1.200000, 4
-0.150000, 1.200000, 10
-0.000000, 1.200000, 10
0.150000, 1.200000, 10
0.300000, 1.200000, 10
0.450000, 1.200000, 4
0.600000, 1.200000, 4
0.750000, 1.200000, 4
0.900000, 1.200000, 4
1.050000, 1.200000, 4
1.200000, 1.200000, 10
1.350000, 1.200000, 6
1.500000, 1.200000, 6
1.650000, 1.200000, 6
1.800000, 1.200000, 6
1.950000, 1.200000, 6
2.100000, 1.200000, 6
2.250000, 1.200000, 6
2.400000, 1.200000, 6
2.550000, 1.200000, 6
2.700000, 1.200000, 6
2.850000, 1.200000, 6
3.000000, 1.200000, 6
3.150000, 1.200000, 3
3.300000, 1.200000, 4
3.450000, 1.200000, 4
3.600000, 1.200000, 4
3.750000, 1.200000, 4
3.900000, 1.200000, 6
4.050000, 1.200000, 6
4.200000, 1.200000, 9
4.350000, 1.200000, 2
4.500000, 1.200000, 3
4.650000, 1.200000, 11
4.800000, 1.200000, 3
4.950000, 1.200000, 3
5.100000, 1.200000, 10
5.250000, 1.200000, 3
5.400000, 1.200000, 3
5.550000, 1.200000, 4
5.700000, 1.200000, 5
5.850000, 1.200000, 5
6.000000, 1.200000, 5
6.150000, 1.200000, 5
6.300000, 1.200000, 5
6.450000, 1.200000, 5
6.600000, 1.200000, 5
6.750000, 1.200000, 5
6.900000, 1.200000, 5
7.050000, 1.200000, 5
7.200000, 1.200000, 5
7.350000, 1.200000, 5
7.500000, 1.200000, 5
7.650000, 1.200000, 5
7.800000, 1.200000, 5
7.950000, 1.200000, 5
8.100000, 1.200000, 5
8.250000, 1.200000, 5
8.400000, 1.200000, 5
8.550000, 1.200000, 5
8.700000, 1.200000, 5
8.850000, 1.200000, 5
9.000000, 1.200000, 5
9.150000, 1.200000, 5
9.300000, 1.200000, 5
9.450000, 1.200000, 5
9.600000, 1.200000, 5
9.750000, 1.200000, 5
9.900000, 1.200000, 5
10.050000, 1.200000, 5
10.200000, 1.200000, 5
10.350000, 1.200000, 5
10.500000, 1.200000, 5
10.650000, 1.200000, 5
10.800000, 1.200000, 5
10.950000, 1.200000, 5
11.100000, 1.200000, 5
11.250000, 1.200000, 5
11.400000, 1.200000, 5
11.550000, 1.200000, 5
11.700000, 1.200000, 5
11.850000, 1.200000, 5
12.000000, 1.200000, 5
12.150000, 1.200000, 5
12.300000, 1.200000, 5
12.450000, 1.200000, 5
12.600000, 1.200000, 5
12.750000, 1.200000, 5
12.900000, 1.200000, 5
13.050000, 1.200000, 5
13.200000, 1.200000, 5
13.350000, 1.200000, 5
13.500000, 1.200000, 5
13.650000, 1.200000, 5
13.800000, 1.200000, 5
13.950000, 1.200000, 5
14.100000, 1.200000, 5
14.250000, 1.200000, 5
14.400000, 1.200000, 5
14.550000, 1.200000, 5
14.700000, 1.200000, 5
14.850000, 1.200000, 5
-15.000000, 1.250000, 11
-14.850000, 1.250000, 11
-14.700000, 1.250000, 11
-14.550000, 1.250000, 11
-14.400000, 1.250000, 11
-14.250000, 1.250000, 11
-14.100000, 1.250000, 11
-13.950000, 1.250000, 11
-13.800000, 1.250000, 11
-13.650000, 1.250000, 11
-13.500000, 1.250000, 11
-13.350000, 1.250000, 11
-13.200000, 1.250000, 11
-13.050000, 1.250000, 11
-12.900000, 1.250000, 11
-12.750000, 1.250000, 11
-12.600000, 1.250000, 11
-12.450000, 1.250000, 11
-12.300000, 1.250000, 11
-12.150000, 1.250000, 11
-12.000000, 1.250000, 11
-11.850000, 1.250000, 11
-11.700000, 1.250000, 11
-11.550000, 1.250000, 11
-11.400000, 1.250000, 11
-11.250000, 1.250000, 11
-11.100000, 1.250000, 11
-10.950000, 1.250000, 11
-10.800000, 1.250000, 11
-10.650000, 1.250000, 11
-10.500000, 1.250000, 11
-10.350000, 1.250000, 11
-10.200000, 1.250000, 11
-10.050000, 1.250000, 11
-9.900000, 1.250000, 11
-9.750000, 1.250000, 11
-9.600000, 1.250000, 11
-9.450000, 1.250000, 11
-9.300000, 1.250000, 11
-9.150000, 1.250000, 11
-9.000000, 1.250000, 11
-8.850000, 1.250000, 11
-8.700000, 1.250000, 11
-8.550000, 1.250000, 11
-8.400000, 1.250000, 11
-8.250000, 1.250000, 11
-8.100000, 1.250000, 11
-7.950000, 1.250000, 11
-7.800000, 1.250000, 11
-7.650000, 1.250000, 11
-7.500000, 1.250000, 11
-7.350000, 1.250000, 11
-7.200000, 1.250000, 11
-7.050000, 1.250000, 11
-6.900000, 1.250000, 11
-6.750000, 1.250000, 11
-6.600000, 1.250000, 11
-6.450000, 1.250000, 11
-6.300000, 1.250000, 11
-6.150000, 1.250000, 2
-6.000000, 1.250000, 0
-5.850000, 1.250000, 2
-5.700000, 1.250000, 0
-5.550000, 1.250000, 0
-5.400000, 1.250000, 0
-5.250000, 1.250000, 0
-5.100000, 1.250000, 0
-4.950000, 1.250000, 0
-4.800000, 1.250000, 0
-4.650000, 1.250000, 0
-4.500000, 1.250000, 0
-4.350000, 1.250000, 0
-4.200000, 1.250000, 0
-4.050000, 1.250000, 0
-3.900000, 1.250000, 0
-3.750000, 1.250000, 0
-3.600000, 1.250000, 2
-3.450000, 1.250000, 2
-3.300000, 1.250000, 2
-3.150000, 1.250000, 2
-3.000000, 1.250000, 2
-2.850000, 1.250000, 2
-2.700000, 1.250000, 2
-2.550000, 1.250000, 2
-2.400000, 1.250000, 2
-2.250000, 1.250000, 2
-2.100000, 1.250000, 2
-1.950000, 1.250000, 4
-1.800000, 1.250000, 6
-1.650000, 1.250000, 10
-1.500000, 1.250000, 9
-1.350000, 1.250000, 9
-1.200000, 1.250000, 9
-1.050000, 1.250000, 9
-0.900000, 1.250000, 9
-0.750000, 1.250000, 9
-0.600000, 1.250000, 9
-0.450000, 1.250000, 6
-0.300000, 1.250000, 4
-0.150000, 1.250000, 10
-0.000000, 1.250000, 10
0.150000, 1.250000, 10
0.300000, 1.250000, 10
0.450000, 1.250000, 4
0.600000, 1.250000, 4
0.750000, 1.250000, 4
0.900000, 1.250000, 4
1.050000, 1.250000, 4
1.200000, 1.250000, 4
1.350000, 1.250000, 6
1.500000, 1.250000, 6
1.650000, 1.250000, 6
1.800000, 1.250000, 6
1.950000, 1.250000, 6
2.100000, 1.250000, 6
2.250000, 1.250000, 6
2.400000, 1.250000, 6
2.550000, 1.250000, 6
2.700000, 1.250000, 6
2.850000, 1.250000, 6
3.000000, 1.250000, 6
3.150000, 1.250000, 6
3.300000, 1.250000, 4
3.450000, 1.250000, 2
3.600000, 1.250000, 4
3.750000, 1.250000, 4
3.900000, 1.250000, 4
4.050000, 1.250000, 4
4.200000, 1.250000, 4
4.350000, 1.250000, 2
4.500000, 1.250000, 5
4.650000, 1.250000, 0
4.800000, 1.250000, 3
4.950000, 1.250000, 3
5.100000, 1.250000, 10
5.250000, 1.250000, 3
5.400000, 1.250000, 3
5.550000, 1.250000, 4
5.700000, 1.250000, 5
5.850000, 1.250000, 8
6.000000, 1.250000, 2
6.150000, 1.250000, 6
6.300000, 1.250000, 5
6.450000, 1.250000, 5
6.600000, 1.250000, 5
6.750000, 1.250000, 5
6.900000, 1.250000, 5
7.050000, 1.250000, 5
7.200000, 1.250000, 5
7.350000, 1.250000, 5
7.500000, 1.250000, 5
7.650000, 1.250000, 5
7.800000, 1.250000, 5
7.950000, 1.250000, 5
8.100000, 1.250000, 5
8.250000, 1.250000, 5
8.400000, 1.250000, 5
8.550000, 1.250000, 5
8.700000, 1.250000, 5
8.850000, 1.250000, 5
9.000000, 1.250000, 5
9.150000, 1.250000, 5
9.300000, 1.250000, 5
9.450000, 1.250000, 5
9.600000, 1.250000, 5
9.750000, 1.250000, 5
9.900000, 1.250000, 5
10.050000, 1.250000, 5
10.200000, 1.250000, 5
10.350000, 1.250000, 5
10.500000, 1.250000, 5
10.650000, 1.250000, 5
10.800000, 1.250000, 5
10.950000, 1.250000, 5
11.100000, 1.250000, 5
11.250000, 1.250000, 5
11.400000, 1.250000, 5
11.550000, 1.250000, 5
11.700000, 1.250000, 5
11.850000, 1.250000, 5
12.000000, 1.250000, 5
12.150000, 1.250000, 5
12.300000, 1.250000, 5
12.450000, 1.250000, 5
12.600000, 1.250000, 5
12.750000, 1.250000, 5
12.900000, 1.250000, 5
13.050000, 1.250000, 5
13.200000, 1.250000, 5
13.350000, 1.250000, 5
13.500000, 1.250000, 5
13.650000, 1.250000, 5
13.800000, 1.250000, 5
13.950000, 1.250000, 5
14.100000, 1.250000, 5
14.250000, 1.250000, 5
14.400000, 1.250000, 5
14.550000, 1.250000, 5
14.700000, 1.250000, 5
14.850000, 1.250000, 5
-15.000000, 1.300000, 11
-14.850000, 1.300000, 11
-14.700000, 1.300000, 11
-14.550000, 1.300000, 11
-14.400000, 1.300000, 11
-14.250000, 1.300000, 11
-14.100000, 1.300000, 11
-13.950000, 1.300000, 11
-13.800000, 1.300000, 11
-13.650000, 1.300000, 11
-13.500000, 1.300000, 11
-13.350000, 1.300000, 11
-13.200000, 1.300000, 11
-13.050000, 1.300000, 11
-12.900000, 1.300000, 11
-12.750000, 1.300000, 11
-12.600000, 1.300000, 11
-12.450000, 1.300000, 11
-12.300000, 1.300000, 11
-12.150000, 1.300000, 11
-12.000000, 1.300000, 11
-11.850000, 1.300000, 11
-11.700000, 1.300000, 11
-11.550000, 1.300000, 11
-11.400000, 1.300000, 11
-11.250000, 1.300000, 11
-11.100000, 1.300000, 11
-10.950000, 1.300000, 11
-10.800000, 1.300000, 11
-10.650000, 1.300000, 11
-10.500000, 1.300000, 11
-10.350000, 1.300000, 11
-10.200000, 1.300000, 11
-10.050000, 1.300000, 11
-9.900000, 1.300000, 11
-9.750000, 1.300000, 11
-9.600000, 1.300000, 11
-9.450000, 1.300000, 11
-9.300000, 1.300000, 11
-9.150000, 1.300000, 11
-9.000000, 1.300000, 11
-8.850000, 1.300000, 11
-8.700000, 1.300000, 11
-8.550000, 1.300000, 11
-8.400000, 1.300000, 11
-8.250000, 1.300000, 11
-8.100000, 1.300000, 11
-7.950000, 1.300000, 11
-7.800000, 1.300000, 11
-7.650000, 1.300000, 11
-7.500000, 1.300000, 11
-7.350000, 1.300000, 11
-7.200000, 1.300000, 11
-7.050000, 1.300000, 11
-6.900000, 1.300000, 11
-6.750000, 1.300000, 11
-6.600000, 1.300000, 11
-6.450000, 1.300000, 11
-6.300000, 1.300000, 0
-6.150000, 1.300000, 0
-6.000000, 1.300000, 2
-5.850000, 1.300000, 0
-5.700000, 1.300000, 0
-5.550000, 1.300000, 0
-5.400000, 1.300000, 0
-5.250000, 1.300000, 0
-5.100000, 1.300000, 0
-4.950000, 1.300000, 0
-4.800000, 1.300000, 0
-4.650000, 1.300000, 0
-4.500000, 1.300000, 0
-4.350000, 1.300000, 0
-4.200000, 1.300000, 0
-4.050000, 1.300000, 0
-3.900000, 1.300000, 0
-3.750000, 1.300000, 0
-3.600000, 1.300000, 2
-3.450000, 1.300000, 2
-3.300000, 1.300000, 2
-3.150000, 1.300000, 2
-3.000000, 1.300000, 2
-2.850000, 1.300000, 2
-2.700000, 1.300000, 2
-2.550000, 1.300000, 2
-2.400000, 1.300000, 2
-2.250000, 1.300000, 2
-2.100000, 1.300000, 3
-1.950000, 1.300000, 5
-1.800000, 1.300000, 10
-1.650000, 1.300000, 5
-1.500000, 1.300000, 9
-1.350000, 1.300000, 9
-1.200000, 1.300000, 9
-1.050000, 1.300000, 9
-0.900000, 1.300000, 9
-0.750000, 1.300000, 9
-0.600000, 1.300000, 4
-0.450000, 1.300000, 4
-0.300000, 1.300000, 4
-0.150000, 1.300000, 10
-0.000000, 1.300000, 10
0.150000, 1.300000, 10
0.300000, 1.300000, 10
0.450000, 1.300000, 4
0.600000, 1.300000, 4
0.750000, 1.300000, 4
0.900000, 1.300000, 4
1.050000, 1.300000, 4
1.200000, 1.300000, 4
1.350000, 1.300000, 6
1.500000, 1.300000, 6
1.650000, 1.300000, 6
1.800000, 1.300000, 6
1.950000, 1.300000, 6
2.100000, 1.300000, 6
2.250000, 1.300000, 6
2.400000, 1.300000, 6
2.550000, 1.300000, 6
2.700000, 1.300000, 6
2.850000, 1.300000, 6
3.000000, 1.300000, 6
3.150000, 1.300000, 6
3.300000, 1.300000, 6
3.450000, 1.300000, 5
3.600000, 1.300000, 4
3.750000, 1.300000, 4
3.900000, 1.300000, 4
4.050000, 1.300000, 4
4.200000, 1.300000, 4
4.350000, 1.300000, 10
4.500000, 1.300000, 6
4.650000, 1.300000, 2
4.800000, 1.300000, 5
4.950000, 1.300000, 8
5.100000, 1.300000, 11
5.250000, 1.300000, 3
5.400000, 1.300000, 8
5.550000, 1.300000, 4
5.700000, 1.300000, 7
5.850000, 1.300000, 1
6.000000, 1.300000, 0
6.150000, 1.300000, 4
6.300000, 1.300000, 5
6.450000, 1.300000, 5
6.600000, 1.300000, 5
6.750000, 1.300000, 5
6.900000, 1.300000, 5
7.050000, 1.300000, 5
7.200000, 1.300000, 5
7.350000, 1.300000, 5
7.500000, 1.300000, 5
7.650000, 1.300000, 5
7.800000, 1.300000, 5
7.950000, 1.300000, 5
8.100000, 1.300000, 5
8.250000, 1.300000, 5
8.400000, 1.300000, 5
8.550000, 1.300000, 5
8.700000, 1.300000, 5
8.850000, 1.300000, 5
9.000000, 1.300000, 5
9.150000, 1.300000, 5
9.300000, 1.300000, 5
9.450000, 1.300000, 5
9.600000, 1.300000, 5
9.750000, 1.300000, 5
9.900000, 1.300000, 5
10.050000, 1.300000, 5
10.200000, 1.300000, 5
10.350000, 1.300000, 5
10.500000, 1.300000, 5
10.650000, 1.300000, 5
10.800000, 1.300000, 5
10.950000, 1.300000, 5
11.100000, 1.300000, 5
11.250000, 1.300000, 5
11.400000, 1.300000, 5
11.550000, 1.300000, 5
11.700000, 1.300000, 5
11.850000, 1.300000, 5
12.000000, 1.300000, 5
12.150000, 1.300000, 5
12.300000, 1.300000, 5
12.450000, 1.300000, 5
12.600000, 1.300000, 5
12.750000, 1.300000, 5
12.900000, 1.300000, 5
13.050000, 1.300000, 5
13.200000, 1.300000, 5
13.350000, 1.300000, 5
13.500000, 1.300000, 5
13.650000, 1.300000, 5
13.800000, 1.300000, 5
13.950000, 1.300000, 5
14.100000, 1.300000, 5
14.250000, 1.300000, 5
14.400000, 1.300000, 5
14.550000, 1.300000, 5
14.700000, 1.300000, 5
14.850000, 1.300000, 5
-15.000000, 1.350000, 11
-14.850000, 1.350000, 11
-14.700000, 1.350000, 11
-14.550000, 1.350000, 11
-14.400000, 1.350000, 11
-14.250000, 1.350000, 11
-14.100000, 1.350000, 11
-13.950000, 1.350000, 11
-13.800000, 1.350000, 11
-13.650000, 1.350000, 11
-13.500000, 1.350000, 11
-13.350000, 1.350000, 11
-13.200000, 1.350000, 11
-13.050000, 1.350000, 11
-12.900000, 1.350000, 11
-12.750000, 1.350000, 11
-12.600000, 1.350000, 11
-12.450000, 1.350000, 11
-12.300000, 1.350000, 11
-12.150000, 1.350000, 11
-12.000000, 1.350000, 11
-11.850000, 1.350000, 11
-11.700000, 1.350000, 11
-11.550000, 1.350000, 11
-11.400000, 1.350000, 11
-11.250000, 1.350000, 11
-11.100000, 1.350000, 11
-10.950000, 1.350000, 11
-10.800000, 1.350000, 11
-10.650000, 1.350000, 11
-10.500000, 1.350000, 11
-10.350000, 1.350000, 11
-10.200000, 1.350000, 11
-10.050000, 1.350000, 11
-9.900000, 1.350000, 11
-9.750000, 1.350000, 11
-9.600000, 1.350000, 11
-9.450000, 1.350000, 11
-9.300000, 1.350000, 11
-9.150000, 1.350000, 11
-9.000000, 1.350000, 11
-8.850000, 1.350000, 11
-8.700000, 1.350000, 11
-8.550000, 1.350000, 11
-8.400000, 1.350000, 11
-8.250000, 1.350000, 11
-8.100000, 1.350000, 11
-7.950000, 1.350000, 11
-7.800000, 1.350000, 11
-7.650000, 1.350000, 11
-7.500000, 1.350000, 11
-7.350000, 1.350000, 11
-7.200000, 1.350000, 11
-7.050000, 1.350000, 11
-6.900000, 1.350000, 11
-6.750000, 1.350000, 11
-6.600000, 1.350000, 0
-6.450000, 1.350000, 0
-6.300000, 1.350000, 2
-6.150000, 1.350000, 0
-6.000000, 1.350000, 0
-5.850000, 1.350000, 0
-5.700000, 1.350000, 0
-5.550000, 1.350000, 0
-5.400000, 1.350000, 0
-5.250000, 1.350000, 0
-5.100000, 1.350000, 0
-4.950000, 1.350000, 0
-4.800000, 1.350000, 0
-4.650000, 1.350000, 0
-4.500000, 1.350000, 0
-4.350000, 1.350000, 0
-4.200000, 1.350000, 0
-4.050000, 1.350000, 0
-3.900000, 1.350000, 0
-3.750000, 1.350000, 2
-3.600000, 1.350000, 2
-3.450000, 1.350000, 2
-3.300000, 1.350000, 2
-3.150000, 1.350000, 2
-3.000000, 1.350000, 2
-2.850000, 1.350000, 2
-2.700000, 1.350000, 2
-2.550000, 1.350000, 2
-2.400000, 1.350000, 2
-2.250000, 1.350000, 2
-2.100000, 1.350000, 1
-1.950000, 1.350000, 6
-1.800000, 1.350000, 4
-1.650000, 1.350000, 4
-1.500000, 1.350000, 9
-1.350000, 1.350000, 9
-1.200000, 1.350000, 9
-1.050000, 1.350000, 9
-0.900000, 1.350000, 9
-0.750000, 1.350000, 9
-0.600000, 1.350000, 1
-0.450000, 1.350000, 4
-0.300000, 1.350000, 4
-0.150000, 1.350000, 10
-0.000000, 1.350000, 10
0.150000, 1.350000, 10
0.300000, 1.350000, 10
0.450000, 1.350000, 4
0.600000, 1.350000, 4
0.750000, 1.350000, 4
0.900000, 1.350000, 4
1.050000, 1.350000, 4
1.200000, 1.350000, 4
1.350000, 1.350000, 6
1.500000, 1.350000, 6
1.650000, 1.350000, 6
1.800000, 1.350000, 6
1.950000, 1.350000, 6
2.100000, 1.350000, 6
2.250000, 1.350000, 6
2.400000, 1.350000, 6
2.550000, 1.350000, 6
2.700000, 1.350000, 6
2.850000, 1.350000, 6
3.000000, 1.350000, 6
3.150000, 1.350000, 6
3.300000, 1.350000, 6
3.450000, 1.350000, 6
3.600000, 1.350000, 4
3.750000, 1.350000, 5
3.900000, 1.350000, 4
4.050000, 1.350000, 4
4.200000, 1.350000, 10
4.350000, 1.350000, 4
4.500000, 1.350000, 4
4.650000, 1.350000, 9
4.800000, 1.350000, 5
4.950000, 1.350000, 1
5.100000, 1.350000, 0
5.250000, 1.350000, 3
5.400000, 1.350000, 3
5.550000, 1.350000, 9
5.700000, 1.350000, 3
5.850000, 1.350000, 1
6.000000, 1.350000, 6
6.150000, 1.350000, 6
6.300000, 1.350000, 1
6.450000, 1.350000, 11
6.600000, 1.350000, 1
6.750000, 1.350000, 5
6.900000, 1.350000, 5
7.050000, 1.350000, 5
7.200000, 1.350000, 5
7.350000, 1.350000, 5
7.500000, 1.350000, 5
7.650000, 1.350000, 5
7.800000, 1.350000, 5
7.950000, 1.350000, 5
8.100000, 1.350000, 5
8.250000, 1.350000, 5
8.400000, 1.350000, 5
8.550000, 1.350000, 5
8.700000, 1.350000, 5
8.850000, 1.350000, 5
9.000000, 1.350000, 5
9.150000, 1.350000, 5
9.300000, 1.350000, 5
9.450000, 1.350000, 5
9.600000, 1.350000, 5
9.750000, 1.350000, 5
9.900000, 1.350000, 5
10.050000, 1.350000, 5
10.200000, 1.350000, 5
10.350000, 1.350000, 5
10.500000, 1.350000, 5
10.650000, 1.350000, 5
10.800000, 1.350000, 5
10.950000, 1.350000, 5
11.100000, 1.350000, 5
11.250000, 1.350000, 5
11.400000, 1.350000, 5
11.550000, 1.350000, 5
11.700000, 1.350000, 5
11.850000, 1.350000, 5
12.000000, 1.350000, 5
12.150000, 1.350000, 5
12.300000, 1.350000, 5
12.450000, 1.350000, 5
12.600000, 1.350000, 5
12.750000, 1.350000, 5
12.900000, 1.350000, 5
13.050000, 1.350000, 5
13.200000, 1.350000, 5
13.350000, 1.350000, 5
13.500000, 1.350000, 5
13.650000, 1.350000, 5
13.800000, 1.350000, 5
13.950000, 1.350000, 5
14.100000, 1.350000, 5
14.250000, 1.350000, 5
14.400000, 1.350000, 5
14.550000, 1.350000, 5
14.700000, 1.350000, 5
14.850000, 1.350000, 5
-15.000000, 1.400000, 11
-14.850000, 1.400000, 11
-14.700000, 1.400000, 11
-14.550000, 1.400000, 11
-14.400000, 1.400000, 11
-14.250000, 1.400000, 11
-14.100000, 1.400000, 11
-13.950000, 1.400000, 11
-13.800000, 1.400000, 11
-13.650000, 1.400000, 11
-13.500000, 1.400000, 11
-13.350000, 1.400000, 11
-13.200000, 1.400000, 11
-13.050000, 1.400000, 11
-12.900000, 1.400000, 11
-12.750000, 1.400000, 11
-12.600000, 1.400000, 11
-12.450000, 1.400000, 11
-12.300000, 1.400000, 11
-12.150000, 1.400000, 11
-12.000000, 1.400000, 11
-11.850000, 1.400000, 11
-11.700000, 1.400000, 11
-11.550000, 1.400000, 11
-11.400000, 1.400000, 11
-11.250000, 1.400000, 11
-11.100000, 1.400000, 11
-10.950000, 1.400000, 11
-10.800000, 1.400000, 11
-10.650000, 1.400000, 11
-10.500000, 1.400000, 11
-10.350000, 1.400000, 11
-10.200000, 1.400000, 11
-10.050000, 1.400000, 11
-9.900000, 1.400000, 11
-9.750000, 1.400000, 11
-9.600000, 1.400000, 11
-9.450000, 1.400000, 11
-9.300000, 1.400000, 11
-9.150000, 1.400000, 11
-9.000000, 1.400000, 11
-8.850000, 1.400000, 11
-8.700000, 1.400000, 11
-8.550000, 1.400000, 11
-8.400000, 1.400000, 11
-8.250000, 1.400000, 11
-8.100000, 1.400000, 11
-7.950000, 1.400000, 11
-7.800000, 1.400000, 11
-7.650000, 1.400000, 11
-7.500000, 1.400000, 11
-7.350000, 1.400000, 11
-7.200000, 1.400000, 11
-7.050000, 1.400000, 11
-6.900000, 1.400000, 11
-6.750000, 1.400000, 0
-6.600000, 1.400000, 0
-6.450000, 1.400000, 0
-6.300000, 1.400000, 2
-6.150000, 1.400000, 0
-6.000000, 1.400000, 0
-5.850000, 1.400000, 0
-5.700000, 1.400000, 0
-5.550000, 1.400000, 0
-5.400000, 1.400000, 0
-5.250000, 1.400000, 0
-5.100000, 1.400000, 0
-4.950000, 1.400000, 0
-4.800000, 1.400000, 0
-4.650000, 1.400000, 0
-4.500000, 1.400000, 0
-4.350000, 1.400000, 0
-4.200000, 1.400000, 0
-4.050000, 1.400000, 0
-3.900000, 1.400000, 2
-3.750000, 1.400000, 2
-3.600000, 1.400000, 2
-3.450000, 1.400000, 2
-3.300000, 1.400000, 2
-3.150000, 1.400000, 2
-3.000000, 1.400000, 2
-2.850000, 1.400000, 2
-2.700000, 1.400000, 2
-2.550000, 1.400000, 2
-2.400000, 1.400000, 2
-2.250000, 1.400000, 2
-2.100000, 1.400000, 5
-1.950000, 1.400000, 6
-1.800000, 1.400000, 4
-1.650000, 1.400000, 1
-1.500000, 1.400000, 9
-1.350000, 1.400000, 9
-1.200000, 1.400000, 9
-1.050000, 1.400000, 9
-0.900000, 1.400000, 9
-0.750000, 1.400000, 9
-0.600000, 1.400000, 2
-0.450000, 1.400000, 4
-0.300000, 1.400000, 4
-0.150000, 1.400000, 10
-0.000000, 1.400000, 10
0.150000, 1.400000, 10
0.300000, 1.400000, 10
0.450000, 1.400000, 4
0.600000, 1.400000, 4
0.750000, 1.400000, 4
0.900000, 1.400000, 4
1.050000, 1.400000, 4
1.200000, 1.400000, 4
1.350000, 1.400000, 4
1.500000, 1.400000, 6
1.650000, 1.400000, 6
1.800000, 1.400000, 6
1.950000, 1.400000, 6
2.100000, 1.400000, 6
2.250000, 1.400000, 6
2.400000, 1.400000, 6
2.550000, 1.400000, 6
2.700000, 1.400000, 6
2.850000, 1.400000, 6
3.000000, 1.400000, 6
3.150000, 1.400000, 6
3.300000, 1.400000, 6
3.450000, 1.400000, 6
3.600000, 1.400000, 10
3.750000, 1.400000, 1
3.900000, 1.400000, 4
4.050000, 1.400000, 4
4.200000, 1.400000, 4
4.350000, 1.400000, 4
4.500000, 1.400000, 7
4.650000, 1.400000, 9
4.800000, 1.400000, 7
4.950000, 1.400000, 6
5.100000, 1.400000, 0
5.250000, 1.400000, 3
5.400000, 1.400000, 8
5.550000, 1.400000, 0
5.700000, 1.400000, 3
5.850000, 1.400000, 1
6.000000, 1.400000, 5
6.150000, 1.400000, 4
6.300000, 1.400000, 1
6.450000, 1.400000, 3
6.600000, 1.400000, 6
6.750000, 1.400000, 9
6.900000, 1.400000, 5
7.050000, 1.400000, 5
7.200000, 1.400000, 5
7.350000, 1.400000, 5
7.500000, 1.400000, 5
7.650000, 1.400000, 5
7.800000, 1.400000, 5
7.950000, 1.400000, 5
8.100000, 1.400000, 5
8.250000, 1.400000, 5
8.400000, 1.400000, 5
8.550000, 1.400000, 5
8.700000, 1.400000, 5
8.850000, 1.400000, 5
9.000000, 1.400000, 5
9.150000, 1.400000, 5
9.300000, 1.400000, 5
9.450000, 1.400000, 5
9.600000, 1.400000, 5
9.750000, 1.400000, 5
9.900000, 1.400000, 5
10.050000, 1.400000, 5
10.200000, 1.400000, 5
10.350000, 1.400000, 5
10.500000, 1.400000, 5
10.650000, 1.400000, 5
10.800000, 1.400000, 5
10.950000, 1.400000, 5
11.100000, 1.400000, 5
11.250000, 1.400000, 5
11.400000, 1.400000, 5
11.550000, 1.400000, 5
11.700000, 1.400000, 5
11.850000, 1.400000, 5
12.000000, 1.400000, 5
12.150000, 1.400000, 5
12.300000, 1.400000, 5
12.450000, 1.400000, 5
12.600000, 1.400000, 5
12.750000, 1.400000, 5
12.900000, 1.400000, 5
13.050000, 1.400000, 5
13.200000, 1.400000, 5
13.350000, 1.400000, 5
13.500000, 1.400000, 5
13.650000, 1.400000, 5
13.800000, 1.400000, 5
13.950000, 1.400000, 5
14.100000, 1.400000, 5
14.250000, 1.400000, 5
14.400000, 1.400000, 5
14.550000, 1.400000, 5
14.700000, 1.400000, 5
14.850000, 1.400000, 5
-15.000000, 1.450000, 11
-14.850000, 1.450000, 11
-14.700000, 1.450000, 11
-14.550000, 1.450000, 11
-14.400000, 1.450000, 11
-14.250000, 1.450000, 11
-14.100000, 1.450000, 11
-13.950000, 1.450000, 11
-13.800000, 1.450000, 11
-13.650000, 1.450000, 11
-13.500000, 1.450000, 11
-13.350000, 1.450000, 11
-13.200000, 1.450000, 11
-13.050000, 1.450000, 11
-12.900000, 1.450000, 11
-12.750000, 1.450000, 11
-12.600000, 1.450000, 11
-12.450000, 1.450000, 11
-12.300000, 1.450000, 11
-12.150000, 1.450000, 11
-12.000000, 1.450000, 11
-11.850000, 1.450000, 11
-11.700000, 1.450000, 11
-11.550000, 1.450000, 11
-11.400000, 1.450000, 11
-11.250000, 1.450000, 11
-11.100000, 1.450000, 11
-10.950000, 1.450000, 11
-10.800000, 1.450000, 11
-10.650000, 1.450000, 11
-10.500000, 1.450000, 11
-10.350000, 1.450000, 11
-10.200000, 1.450000, 11
-10.050000, 1.450000, 11
-9.900000, 1.450000, 11
-9.750000, 1.450000, 11
-9.600000, 1.450000, 11
-9.450000, 1.450000, 11
-9.300000, 1.450000, 11
-9.150000, 1.450000, 11
-9.000000, 1.450000, 11
-8.850000, 1.450000, 11
-8.700000, 1.450000, 11
-8.550000, 1.450000, 11
-8.400000, 1.450000, 11
-8.250000, 1.450000, 11
-8.100000, 1.450000, 11
-7.950000, 1.450000, 11
-7.800000, 1.450000, 11
-7.650000, 1.450000, 11
-7.500000, 1.450000, 11
-7.350000, 1.450000, 11
-7.200000, 1.450000, 11
-7.050000, 1.450000, 11
-6.900000, 1.450000, 11
-6.750000, 1.450000, 0
-6.600000, 1.450000, 0
-6.450000, 1.450000, 2
-6.300000, 1.450000, 0
-6.150000, 1.450000, 0
-6.000000, 1.450000, 0
-5.850000, 1.450000, 0
-5.700000, 1.450000, 0
-5.550000, 1.450000, 0
-5.400000, 1.450000, 0
-5.250000, 1.450000, 0
-5.100000, 1.450000, 0
-4.950000, 1.450000, 0
-4.800000, 1.450000, 0
-4.650000, 1.450000, 0
-4.500000, 1.450000, 0
-4.350000, 1.450000, 0
-4.200000, 1.450000, 0
-4.050000, 1.450000, 0
-3.900000, 1.450000, 2
-3.750000, 1.450000, 2
-3.600000, 1.450000, 2
-3.450000, 1.450000, 2
-3.300000, 1.450000, 2
-3.150000, 1.450000, 2
-3.000000, 1.450000, 2
-2.850000, 1.450000, 2
-2.700000, 1.450000, 2
-2.550000, 1.450000, 2
-2.400000, 1.450000, 2
-2.250000, 1.450000, 2
-2.100000, 1.450000, 2
-1.950000, 1.450000, 4
-1.800000, 1.450000, 6
-1.650000, 1.450000, 9
-1.500000, 1.450000, 9
-1.350000, 1.450000, 9
-1.200000, 1.450000, 9
-1.050000, 1.450000, 9
-0.900000, 1.450000, 9
-0.750000, 1.450000, 9
-0.600000, 1.450000, 4
-0.450000, 1.450000, 4
-0.300000, 1.450000, 4
-0.150000, 1.450000, 10
-0.000000, 1.450000, 10
0.150000, 1.450000, 10
0.300000, 1.450000, 10
0.450000, 1.450000, 4
0.600000, 1.450000, 4
0.750000, 1.450000, 4
0.900000, 1.450000, 4
1.050000, 1.450000, 4
1.200000, 1.450000, 4
1.350000, 1.450000, 2
1.500000, 1.450000, 6
1.650000, 1.450000, 6
1.800000, 1.450000, 6
1.950000, 1.450000, 6
2.100000, 1.450000, 6
2.250000, 1.450000, 6
2.400000, 1.450000, 6
2.550000, 1.450000, 6
2.700000, 1.450000, 6
2.850000, 1.450000, 6
3.000000, 1.450000, 6
3.150000, 1.450000, 6
3.300000, 1.450000, 6
3.450000, 1.450000, 6
3.600000, 1.450000, 6
3.750000, 1.450000, 10
3.900000, 1.450000, 4
4.050000, 1.450000, 4
4.200000, 1.450000, 10
4.350000, 1.450000, 4
4.500000, 1.450000, 10
4.650000, 1.450000, 4
4.800000, 1.450000, 10
4.950000, 1.450000, 4
5.100000, 1.450000, 5
5.250000, 1.450000, 6
5.400000, 1.450000, 1
5.550000, 1.450000, 11
5.700000, 1.450000, 3
5.850000, 1.450000, 3
6.000000, 1.450000, 2
6.150000, 1.450000, 4
6.300000, 1.450000, 5
6.450000, 1.450000, 8
6.600000, 1.450000, 4
6.750000, 1.450000, 6
6.900000, 1.450000, 5
7.050000, 1.450000, 3
7.200000, 1.450000, 3
7.350000, 1.450000, 5
7.500000, 1.450000, 5
7.650000, 1.450000, 5
7.800000, 1.450000, 5
7.950000, 1.450000, 5
8.100000, 1.450000, 5
8.250000, 1.450000, 5
8.400000, 1.450000, 5
8.550000, 1.450000, 5
8.700000, 1.450000, 5
8.850000, 1.450000, 5
9.000000, 1.450000, 5
9.150000, 1.450000, 5
9.300000, 1.450000, 5
9.450000, 1.450000, 5
9.600000, 1.450000, 5
9.750000, 1.450000, 5
9.900000, 1.450000, 5
10.050000, 1.450000, 5
10.200000, 1.450000, 5
10.350000, 1.450000, 5
10.500000, 1.450000, 5
10.650000, 1.450000, 5
10.800000, 1.450000, 5
10.950000, 1.450000, 5
11.100000, 1.450000, 5
11.250000, 1.450000, 5
11.400000, 1.450000, 5
11.550000, 1.450000, 5
11.700000, 1.450000, 5
11.850000, 1.450000, 5
12.000000, 1.450000, 5
12.150000, 1.450000, 5
12.300000, 1.450000, 5
12.450000, 1.450000, 5
12.600000, 1.450000, 5
12.750000, 1.450000, 5
12.900000, 1.450000, 5
13.050000, 1.450000, 5
13.200000, 1.450000, 5
13.350000, 1.450000, 5
13.500000, 1.450000, 5
13.650000, 1.450000, 5
13.800000, 1.450000, 5
13.950000, 1.450000, 5
14.100000, 1.450000, 5
14.250000, 1.450000, 5
14.400000, 1.450000, 5
14.550000, 1.450000, 5
14.700000, 1.450000, 5
14.850000, 1.450000, 5
-15.000000, 1.500000, 11
-14.850000, 1.500000, 11
-14.700000, 1.500000, 11
-14.550000, 1.500000, 11
-14.400000, 1.500000, 11
-14.250000, 1.500000, 11
-14.100000, 1.500000, 11
-13.950000, 1.500000, 11
-13.800000, 1.500000, 11
-13.650000, 1.500000, 11
-13.500000, 1.500000, 11
-13.350000, 1.500000, 11
-13.200000, 1.500000, 11
-13.050000, 1.500000, 11
-12.900000, 1.500000, 11
-12.750000, 1.500000, 11
-12.600000, 1.500000, 11
-12.450000, 1.500000, 11
-12.300000, 1.500000, 11
-12.150000, 1.500000, 11
-12.000000, 1.500000, 11
-11.850000, 1.500000, 11
-11.700000, 1.500000, 11
-11.550000, 1.500000, 11
-11.400000, 1.500000, 11
-11.250000, 1.500000, 11
-11.100000, 1.500000, 11
-10.950000, 1.500000, 11
-10.800000, 1.500000, 11
-10.650000, 1.500000, 11
-10.500000, 1.500000, 11
-10.350000, 1.500000, 11
-10.200000, 1.500000, 11
-10.050000, 1.500000, 11
-9.900000, 1.500000, 11
-9.750000, 1.500000, 11
-9.600000, 1.500000, 11
-9.450000, 1.500000, 11
-9.300000, 1.500000, 11
-9.150000, 1.500000, 11
-9.000000, 1.500000, 11
-8.850000, 1.500000, 11
-8.700000, 1.500000, 11
-8.550000, 1.500000, 11
-8.400000, 1.500000, 11
-8.250000, 1.500000, 11
-8.100000, 1.500000, 11
-7.950000, 1.500000, 11
-7.800000, 1.500000, 11
-7.650000, 1.500000, 11
-7.500000, 1.500000, 11
-7.350000, 1.500000, 11
-7.200000, 1.500000, 0
-7.050000, 1.500000, 0
-6.900000, 1.500000, 0
-6.750000, 1.500000, 0
-6.600000, 1.500000, 0
-6.450000, 1.500000, 0
-6.300000, 1.500000, 0
-6.150000, 1.500000, 0
-6.000000, 1.500000, 0
-5.850000, 1.500000, 0
-5.700000, 1.500000, 0
-5.550000, 1.500000, 0
-5.400000, 1.500000, 0
-5.250000, 1.500000, 0
-5.100000, 1.500000, 0
-4.950000, 1.500000, 0
-4.800000, 1.500000, 0
-4.650000, 1.500000, 0
-4.500000, 1.500000, 0
-4.350000, 1.500000, 0
-4.200000, 1.500000, 0
-4.050000, 1.500000, 0
-3.900000, 1.500000, 2
-3.750000, 1.500000, 2
-3.600000, 1.500000, 2
-3.450000, 1.500000, 2
-3.300000, 1.500000, 2
-3.150000, 1.500000, 2
-3.000000, 1.500000, 2
-2.850000, 1.500000, 2
-2.700000, 1.500000, 2
-2.550000, 1.500000, 2
-2.400000, 1.500000, 2
-2.250000, 1.500000, 3
-2.100000, 1.500000, 5
-1.950000, 1.500000, 4
-1.800000, 1.500000, 4
-1.650000, 1.500000, 9
-1.500000, 1.500000, 9
-1.350000, 1.500000, 9
-1.200000, 1.500000, 9
-1.050000, 1.500000, 9
-0.900000, 1.500000, 9
-0.750000, 1.500000, 9
-0.600000, 1.500000, 2
-0.450000, 1.500000, 4
-0.300000, 1.500000, 4
-0.150000, 1.500000, 10
-0.000000, 1.500000, 10
0.150000, 1.500000, 10
0.300000, 1.500000, 10
0.450000, 1.500000, 4
0.600000, 1.500000, 4
0.750000, 1.500000, 4
0.900000, 1.500000, 4
1.050000, 1.500000, 4
1.200000, 1.500000, 4
1.350000, 1.500000, 6
1.500000, 1.500000, 4
1.650000, 1.500000, 6
1.800000, 1.500000, 6
1.950000, 1.500000, 6
2.100000, 1.500000, 6
2.250000, 1.500000, 6
2.400000, 1.500000, 6
2.550000, 1.500000, 6
2.700000, 1.500000, 6
2.850000, 1.500000, 6
3.000000, 1.500000, 6
3.150000, 1.500000, 6
3.300000, 1.500000, 6
3.450000, 1.500000, 6
3.600000, 1.500000, 6
3.750000, 1.500000, 6
3.900000, 1.500000, 10
4.050000, 1.500000, 9
4.200000, 1.500000, 10
4.350000, 1.500000, 4
4.500000, 1.500000, 4
4.650000, 1.500000, 4
4.800000, 1.500000, 4
4.950000, 1.500000, 10
5.100000, 1.500000, 9
5.250000, 1.500000, 11
5.400000, 1.500000, 5
5.550000, 1.500000, 0
5.700000, 1.500000, 7
5.850000, 1.500000, 3
6.000000, 1.500000, 2
6.150000, 1.500000, 5
6.300000, 1.500000, 3
6.450000, 1.500000, 3
6.600000, 1.500000, 4
6.750000, 1.500000, 4
6.900000, 1.500000, 3
7.050000, 1.500000, 7
7.200000, 1.500000, 8
7.350000, 1.500000, 7
7.500000, 1.500000, 5
7.650000, 1.500000, 5
7.800000, 1.500000, 5
7.950000, 1.500000, 5
8.100000, 1.500000, 5
8.250000, 1.500000, 5
8.400000, 1.500000, 5
8.550000, 1.500000, 5
8.700000, 1.500000, 5
8.850000, 1.500000, 5
9.000000, 1.500000, 5
9.150000, 1.500000, 5
9.300000, 1.500000, 5
9.450000, 1.500000, 5
9.600000, 1.500000, 5
9.750000, 1.500000, 5
9.900000, 1.500000, 5
10.050000, 1.500000, 5
10.200000, 1.500000, 5
10.350000, 1.500000, 5
10.500000, 1.500000, 5
10.650000, 1.500000, 5
10.800000, 1.500000, 5
10.950000, 1.500000, 5
11.100000, 1.500000, 5
11.250000, 1.500000, 5
11.400000, 1.500000, 5
11.550000, 1.500000, 5
11.700000, 1.500000, 5
11.850000, 1.500000, 5
12.000000, 1.500000, 5
12.150000, 1.500000, 5
12.300000, 1.500000, 5
12.450000, 1.500000, 5
12.600000, 1.500000, 5
12.750000, 1.500000, 5
12.900000, 1.500000, 5
13.050000, 1.500000, 5
13.200000, 1.500000, 5
13.350000, 1.500000, 5
13.500000, 1.500000, 5
13.650000, 1.500000, 5
13.800000, 1.500000, 5
13.950000, 1.500000, 5
14.100000, 1.500000, 5
14.250000, 1.500000, 5
14.400000, 1.500000, 5
14.550000, 1.500000, 5
14.700000, 1.500000, 5
14.850000, 1.500000, 5
-15.000000, 1.550000, 11
-14.850000, 1.550000, 11
-14.700000, 1.550000, 11
-14.550000, 1.550000, 11
-14.400000, 1.550000, 11
-14.250000, 1.550000, 11
-14.100000, 1.550000, 11
-13.950000, 1.550000, 11
-13.800000, 1.550000, 11
-13.650000, 1.550000, 11
-13.500000, 1.550000, 11
-13.350000, 1.550000, 11
-13.200000, 1.550000, 11
-13.050000, 1.550000, 11
-12.900000, 1.550000, 11
-12.750000, 1.550000, 11
-12.600000, 1.550000, 11
-12.450000, 1.550000, 11
-12.300000, 1.550000, 11
-12.150000, 1.550000, 11
-12.000000, 1.550000, 11
-11.850000, 1.550000, 11
-11.700000, 1.550000, 11
-11.550000, 1.550000, 11
-11.400000, 1.550000, 11
-11.250000, 1.550000, 11
-11.100000, 1.550000, 11
-10.950000, 1.550000, 11
-10.800000, 1.550000, 11
-10.650000, 1.550000, 11
-10.500000, 1.550000, 11
-10.350000, 1.550000, 11
-10.200000, 1.550000, 11
-10.050000, 1.550000, 11
-9.900000, 1.550000, 11
-9.750000, 1.550000, 11
-9.600000, 1.550000, 11
-9.450000, 1.550000, 11
-9.300000, 1.550000, 11
-9.150000, 1.550000, 11
-9.000000, 1.550000, 11
-8.850000, 1.550000, 11
-8.700000, 1.550000, 11
-8.550000, 1.550000, 11
-8.400000, 1.550000, 11
-8.250000, 1.550000, 11
-8.100000, 1.550000, 11
-7.950000, 1.550000, 11
-7.800000, 1.550000, 11
-7.650000, 1.550000, 11
-7.500000, 1.550000, 11
-7.350000, 1.550000, 11
-7.200000, 1.550000, 0
-7.050000, 1.550000, 0
-6.900000, 1.550000, 3
-6.750000, 1.550000, 0
-6.600000, 1.550000, 0
-6.450000, 1.550000, 0
-6.300000, 1.550000, 0
-6.150000, 1.550000, 0
-6.000000, 1.550000, 0
-5.850000, 1.550000, 0
-5.700000, 1.550000, 0
-5.550000, 1.550000, 0
-5.400000, 1.550000, 0
-5.250000, 1.550000, 0
-5.100000, 1.550000, 0
-4.950000, 1.550000, 0
-4.800000, 1.550000, 0
-4.650000, 1.550000, 0
-4.500000, 1.550000, 0
-4.350000, 1.550000, 0
-4.200000, 1.550000, 0
-4.050000, 1.550000, 2
-3.900000, 1.550000, 6
-3.750000, 1.550000, 2
-3.600000, 1.550000, 2
-3.450000, 1.550000, 2
-3.300000, 1.550000, 2
-3.150000, 1.550000, 2
-3.000000, 1.550000, 2
-2.850000, 1.550000, 2
-2.700000, 1.550000, 2
-2.550000, 1.550000, 2
-2.400000, 1.550000, 4
-2.250000, 1.550000, 3
-2.100000, 1.550000, 4
-1.950000, 1.550000, 6
-1.800000, 1.550000, 4
-1.650000, 1.550000, 9
-1.500000, 1.550000, 9
-1.350000, 1.550000, 9
-1.200000, 1.550000, 9
-1.050000, 1.550000, 9
-0.900000, 1.550000, 9
-0.750000, 1.550000, 9
-0.600000, 1.550000, 5
-0.450000, 1.550000, 4
-0.300000, 1.550000, 4
-0.150000, 1.550000, 10
-0.000000, 1.550000, 10
0.150000, 1.550000, 10
0.300000, 1.550000, 10
0.450000, 1.550000, 10
0.600000, 1.550000, 4
0.750000, 1.550000, 4
0.900000, 1.550000, 4
1.050000, 1.550000, 4
1.200000, 1.550000, 4
1.350000, 1.550000, 4
1.500000, 1.550000, 6
1.650000, 1.550000, 6
1.800000, 1.550000, 6
1.950000, 1.550000, 6
2.100000, 1.550000, 6
2.250000, 1.550000, 6
2.400000, 1.550000, 6
2.550000, 1.550000, 6
2.700000, 1.550000, 6
2.850000, 1.550000, 6
3.000000, 1.550000, 6
3.150000, 1.550000, 6
3.300000, 1.550000, 6
3.450000, 1.550000, 6
3.600000, 1.550000, 6
3.750000, 1.550000, 6
3.900000, 1.550000, 6
4.050000, 1.550000, 4
4.200000, 1.550000, 4
4.350000, 1.550000, 4
4.500000, 1.550000, 4
4.650000, 1.550000, 10
4.800000, 1.550000, 4
4.950000, 1.550000, 10
5.100000, 1.550000, 3
5.250000, 1.550000, 4
5.400000, 1.550000, 6
5.550000, 1.550000, 2
5.700000, 1.550000, 6
5.850000, 1.550000, 3
6.000000, 1.550000, 0
6.150000, 1.550000, 8
6.300000, 1.550000, 3
6.450000, 1.550000, 8
6.600000, 1.550000, 6
6.750000, 1.550000, 4
6.900000, 1.550000, 1
7.050000, 1.550000, 3
7.200000, 1.550000, 2
7.350000, 1.550000, 3
7.500000, 1.550000, 5
7.650000, 1.550000, 5
7.800000, 1.550000, 5
7.950000, 1.550000, 5
8.100000, 1.550000, 5
8.250000, 1.550000, 5
8.400000, 1.550000, 5
8.550000, 1.550000, 5
8.700000, 1.550000, 5
8.850000, 1.550000, 5
9.000000, 1.550000, 5
9.150000, 1.550000, 5
9.300000, 1.550000, 5
9.450000, 1.550000, 5
9.600000, 1.550000, 5
9.750000, 1.550000, 5
9.900000, 1.550000, 5
10.050000, 1.550000, 5
10.200000, 1.550000, 5
10.350000, 1.550000, 5
10.500000, 1.550000, 5
10.650000, 1.550000, 5
10.800000, 1.550000, 5
10.950000, 1.550000, 5
11.100000, 1.550000, 5
11.250000, 1.550000, 5
11.400000, 1.550000, 5
11.550000, 1.550000, 5
11.700000, 1.550000, 5
11.850000, 1.550000, 5
12.000000, 1.550000, 5
12.150000, 1.550000, 5
12.300000, 1.550000, 5
12.450000, 1.550000, 5
12.600000, 1.550000, 5
12.750000, 1.550000, 5
12.900000, 1.550000, 5
13.050000, 1.550000, 5
13.200000, 1.550000, 5
13.350000, 1.550000, 5
13.500000, 1.550000, 5
13.650000, 1.550000, 5
13.800000, 1.550000, 5
13.950000, 1.550000, 5
14.100000, 1.550000, 5
14.250000, 1.550000, 5
14.400000, 1.550000, 5
14.550000, 1.550000, 5
14.700000, 1.550000, 5
14.850000, 1.550000, 5
-15.000000, 1.600000, 11
-14.850000, 1.600000, 11
-14.700000, 1.600000, 11
-14.550000, 1.600000, 11
-14.400000, 1.600000, 11
-14.250000, 1.600000, 11
-14.100000, 1.600000, 11
-13.950000, 1.600000, 11
-13.800000, 1.600000, 11
-13.650000, 1.600000, 11
-13.500000, 1.600000, 11
-13.350000, 1.600000, 11
-13.200000, 1.600000, 11
-13.050000, 1.600000, 11
-12.900000, 1.600000, 11
-12.750000, 1.600000, 11
-12.600000, 1.600000, 11
-12.450000, 1.600000, 11
-12.300000, 1.600000, 11
-12.150000, 1.600000, 11
-12.000000, 1.600000, 11
-11.850000, 1.600000, 11
-11.700000, 1.600000, 11
-11.550000, 1.600000, 11
-11.400000, 1.600000, 11
-11.250000, 1.600000, 11
-11.100000, 1.600000, 11
-10.950000, 1.600000, 11
-10.800000, 1.600000, 11
-10.650000, 1.600000, 11
-10.500000, 1.600000, 11
-10.350000, 1.600000, 11
-10.200000, 1.600000, 11
-10.050000, 1.600000, 11
-9.900000, 1.600000, 11
-9.750000, 1.600000, 11
-9.600000, 1.600000, 11
-9.450000, 1.600000, 11
-9.300000, 1.600000, 11
-9.150000, 1.600000, 11
-9.000000, 1.600000, 11
-8.850000, 1.600000, 11
-8.700000, 1.600000, 11
-8.550000, 1.600000, 11
-8.400000, 1.600000, 11
-8.250000, 1.600000, 11
-8.100000, 1.600000, 11
-7.950000, 1.600000, 11
-7.800000, 1.600000, 11
-7.650000, 1.600000, 11
-7.500000, 1.600000, 11
-7.350000, 1.600000, 0
-7.200000, 1.600000, 0
-7.050000, 1.600000, 0
-6.900000, 1.600000, 2
-6.750000, 1.600000, 0
-6.600000, 1.600000, 0
-6.450000, 1.600000, 0
-6.300000, 1.600000, 0
-6.150000, 1.600000, 0
-6.000000, 1.600000, 0
-5.850000, 1.600000, 0
-5.700000, 1.600000, 0
-5.550000, 1.600000, 0
-5.400000, 1.600000, 0
-5.250000, 1.600000, 0
-5.100000, 1.600000, 0
-4.950000, 1.600000, 0
-4.800000, 1.600000, 0
-4.650000, 1.600000, 0
-4.500000, 1.600000, 0
-4.350000, 1.600000, 0
-4.200000, 1.600000, 0
-4.050000, 1.600000, 2
-3.900000, 1.600000, 2
-3.750000, 1.600000, 2
-3.600000, 1.600000, 2
-3.450000, 1.600000, 2
-3.300000, 1.600000, 2
-3.150000, 1.600000, 2
-3.000000, 1.600000, 2
-2.850000, 1.600000, 2
-2.700000, 1.600000, 2
-2.550000, 1.600000, 2
-2.400000, 1.600000, 9
-2.250000, 1.600000, 1
-2.100000, 1.600000, 9
-1.950000, 1.600000, 3
-1.800000, 1.600000, 9
-1.650000, 1.600000, 9
-1.500000, 1.600000, 9
-1.350000, 1.600000, 9
-1.200000, 1.600000, 9
-1.050000, 1.600000, 9
-0.900000, 1.600000, 9
-0.750000, 1.600000, 9
-0.600000, 1.600000, 3
-0.450000, 1.600000, 4
-0.300000, 1.600000, 4
-0.150000, 1.600000, 10
-0.000000, 1.600000, 10
0.150000, 1.600000, 10
0.300000, 1.600000, 10
0.450000, 1.600000, 10
0.600000, 1.600000, 4
0.750000, 1.600000, 4
0.900000, 1.600000, 4
1.050000, 1.600000, 4
1.200000, 1.600000, 4
1.350000, 1.600000, 4
1.500000, 1.600000, 8
1.650000, 1.600000, 6
1.800000, 1.600000, 6
1.950000, 1.600000, 6
2.100000, 1.600000, 6
2.250000, 1.600000, 6
2.400000, 1.600000, 6
2.550000, 1.600000, 6
2.700000, 1.600000, 6
2.850000, 1.600000, 6
3.000000, 1.600000, 6
3.150000, 1.600000, 6
3.300000, 1.600000, 6
3.450000, 1.600000, 6
3.600000, 1.600000, 6
3.750000, 1.600000, 6
3.900000, 1.600000, 6
4.050000, 1.600000, 6
4.200000, 1.600000, 6
4.350000, 1.600000, 4
4.500000, 1.600000, 0
4.650000, 1.600000, 10
4.800000, 1.600000, 4
4.950000, 1.600000, 10
5.100000, 1.600000, 4
5.250000, 1.600000, 5
5.400000, 1.600000, 4
5.550000, 1.600000, 9
5.700000, 1.600000, 0
5.850000, 1.600000, 1
6.000000, 1.600000, 11
6.150000, 1.600000, 7
6.300000, 1.600000, 3
6.450000, 1.600000, 3
6.600000, 1.600000, 8
6.750000, 1.600000, 5
6.900000, 1.600000, 1
7.050000, 1.600000, 3
7.200000, 1.600000, 10
7.350000, 1.600000, 6
7.500000, 1.600000, 5
7.650000, 1.600000, 10
7.800000, 1.600000, 6
7.950000, 1.600000, 9
8.100000, 1.600000, 5
8.250000, 1.600000, 5
8.400000, 1.600000, 5
8.550000, 1.600000, 5
8.700000, 1.600000, 5
8.850000, 1.600000, 5
9.000000, 1.600000, 5
9.150000, 1.600000, 5
9.300000, 1.600000, 5
9.450000, 1.600000, 5
9.600000, 1.600000, 5
9.750000, 1.600000, 5
9.900000, 1.600000, 5
10.050000, 1.600000, 5
10.200000, 1.600000, 5
10.350000, 1.600000, 5
10.500000, 1.600000, 5
10.650000, 1.600000, 5
10.800000, 1.600000, 5
10.950000, 1.600000, 5
11.100000, 1.600000, 5
11.250000, 1.600000, 5
11.400000, 1.600000, 5
11.550000, 1.600000, 5
11.700000, 1.600000, 5
11.850000, 1.600000, 5
12.000000, 1.600000, 5
12.150000, 1.600000, 5
12.300000, 1.600000, 5
12.450000, 1.600000, 5
12.600000, 1.600000, 5
12.750000, 1.600000, 5
12.900000, 1.600000, 5
13.050000, 1.600000, 5
13.200000, 1.600000, 5
13.350000, 1.600000, 5
13.500000, 1.600000, 5
13.650000, 1.600000, 5
13.800000, 1.600000, 5
13.950000, 1.600000, 5
14.100000, 1.600000, 5
14.250000, 1.600000, 5
14.400000, 1.600000, 5
14.550000, 1.600000, 5
14.700000, 1.600000, 5
14.850000, 1.600000, 5
-15.000000, 1.650000, 11
-14.850000, 1.650000, 11
-14.700000, 1.650000, 11
-14.550000, 1.650000, 11
-14.400000, 1.650000, 11
-14.250000, 1.650000, 11
-14.100000, 1.650000, 11
-13.950000, 1.650000, 11
-13.800000, 1.650000, 11
-13.650000, 1.650000, 11
-13.500000, 1.650000, 11
-13.350000, 1.650000, 11
-13.200000, 1.650000, 11
-13.050000, 1.650000, 11
-12.900000, 1.650000, 11
-12.750000, 1.650000, 11
-12.600000, 1.650000, 11
-12.450000, 1.650000, 11
-12.300000, 1.650000, 11
-12.150000, 1.650000, 11
-12.000000, 1.650000, 11
-11.850000, 1.650000, 11
-11.700000, 1.650000, 11
-11.550000, 1.650000, 11
-11.400000, 1.650000, 11
-11.250000, 1.650000, 11
-11.100000, 1.650000, 11
-10.950000, 1.650000, 11
-10.800000, 1.650000, 11
-10.650000, 1.650000, 11
-10.500000, 1.650000, 11
-10.350000, 1.650000, 11
-10.200000, 1.650000, 11
-10.050000, 1.650000, 11
-9.900000, 1.650000, 11
-9.750000, 1.650000, 11
-9.600000, 1.650000, 11
-9.450000, 1.650000, 11
-9.300000, 1.650000, 11
-9.150000, 1.650000, 11
-9.000000, 1.650000, 11
-8.850000, 1.650000, 11
-8.700000, 1.650000, 11
-8.550000, 1.650000, 11
-8.400000, 1.650000, 11
-8.250000, 1.650000, 11
-8.100000, 1.650000, 11
-7.950000, 1.650000, 11
-7.800000, 1.650000, 0
-7.650000, 1.650000, 0
-7.500000, 1.650000, 0
-7.350000, 1.650000, 2
-7.200000, 1.650000, 0
-7.050000, 1.650000, 0
-6.900000, 1.650000, 0
-6.750000, 1.650000, 0
-6.600000, 1.650000, 0
-6.450000, 1.650000, 0
-6.300000, 1.650000, 0
-6.150000, 1.650000, 0
-6.000000, 1.650000, 0
-5.850000, 1.650000, 0
-5.700000, 1.650000, 0
-5.550000, 1.650000, 0
-5.400000, 1.650000, 0
-5.250000, 1.650000, 0
-5.100000, 1.650000, 0
-4.950000, 1.650000, 0
-4.800000, 1.650000, 0
-4.650000, 1.650000, 0
-4.500000, 1.650000, 0
-4.350000, 1.650000, 0
-4.200000, 1.650000, 2
-4.050000, 1.650000, 2
-3.900000, 1.650000, 2
-3.750000, 1.650000, 2
-3.600000, 1.650000, 2
-3.450000, 1.650000, 2
-3.300000, 1.650000, 2
-3.150000, 1.650000, 2
-3.000000, 1.650000, 2
-2.850000, 1.650000, 2
-2.700000, 1.650000, 2
-2.550000, 1.650000, 2
-2.400000, 1.650000, 1
-2.250000, 1.650000, 5
-2.100000, 1.650000, 10
-1.950000, 1.650000, 10
-1.800000, 1.650000, 9
-1.650000, 1.650000, 9
-1.500000, 1.650000, 9
-1.350000, 1.650000, 9
-1.200000, 1.650000, 9
-1.050000, 1.650000, 9
-0.900000, 1.650000, 9
-0.750000, 1.650000, 9
-0.600000, 1.650000, 4
-0.450000, 1.650000, 4
-0.300000, 1.650000, 4
-0.150000, 1.650000, 10
-0.000000, 1.650000, 10
0.150000, 1.650000, 10
0.300000, 1.650000, 10
0.450000, 1.650000, 10
0.600000, 1.650000, 4
0.750000, 1.650000, 4
0.900000, 1.650000, 4
1.050000, 1.650000, 4
1.200000, 1.650000, 4
1.350000, 1.650000, 4
1.500000, 1.650000, 6
1.650000, 1.650000, 6
1.800000, 1.650000, 6
1.950000, 1.650000, 6
2.100000, 1.650000, 6
2.250000, 1.650000, 6
2.400000, 1.650000, 6
2.550000, 1.650000, 6
2.700000, 1.650000, 6
2.850000, 1.650000, 6
3.000000, 1.650000, 6
3.150000, 1.650000, 6
3.300000, 1.650000, 6
3.450000, 1.650000, 6
3.600000, 1.650000, 6
3.750000, 1.650000, 6
3.900000, 1.650000, 6
4.050000, 1.650000, 6
4.200000, 1.650000, 6
4.350000, 1.650000, 5
4.500000, 1.650000, 8
4.650000, 1.650000, 4
4.800000, 1.650000, 4
4.950000, 1.650000, 4
5.100000, 1.650000, 4
5.250000, 1.650000, 4
5.400000, 1.650000, 10
5.550000, 1.650000, 9
5.700000, 1.650000, 3
5.850000, 1.650000, 5
6.000000, 1.650000, 9
6.150000, 1.650000, 2
6.300000, 1.650000, 3
6.450000, 1.650000, 8
6.600000, 1.650000, 0
6.750000, 1.650000, 1
6.900000, 1.650000, 3
7.050000, 1.650000, 3
7.200000, 1.650000, 6
7.350000, 1.650000, 4
7.500000, 1.650000, 1
7.650000, 1.650000, 3
7.800000, 1.650000, 10
7.950000, 1.650000, 9
8.100000, 1.650000, 5
8.250000, 1.650000, 5
8.400000, 1.650000, 5
8.550000, 1.650000, 5
8.700000, 1.650000, 5
8.850000, 1.650000, 5
9.000000, 1.650000, 5
9.150000, 1.650000, 5
9.300000, 1.650000, 5
9.450000, 1.650000, 5
9.600000, 1.650000, 5
9.750000, 1.650000, 5
9.900000, 1.650000, 5
10.050000, 1.650000, 5
10.200000, 1.650000, 5
10.350000, 1.650000, 5
10.500000, 1.650000, 5
10.650000, 1.650000, 5
10.800000, 1.650000, 5
10.950000, 1.650000, 5
11.100000, 1.650000, 5
11.250000, 1.650000, 5
11.400000, 1.650000, 5
11.550000, 1.650000, 5
11.700000, 1.650000, 5
11.850000, 1.650000, 5
12.000000, 1.650000, 5
12.150000, 1.650000, 5
12.300000, 1.650000, 5
12.450000, 1.650000, 5
12.600000, 1.650000, 5
12.750000, 1.650000, 5
12.900000, 1.650000, 5
13.050000, 1.650000, 5
13.200000, 1.650000, 5
13.350000, 1.650000, 5
13.500000, 1.650000, 5
13.650000, 1.650000, 5
13.800000, 1.650000, 5
13.950000, 1.650000, 5
14.100000, 1.650000, 5
14.250000, 1.650000, 5
14.400000, 1.650000, 5
14.550000, 1.650000, 5
14.700000, 1.650000, 5
14.850000, 1.650000, 5
-15.000000, 1.700000, 11
-14.850000, 1.700000, 11
-14.700000, 1.700000, 11
-14.550000, 1.700000, 11
-14.400000, 1.700000, 11
-14.250000, 1.700000, 11
-14.100000, 1.700000, 11
-13.950000, 1.700000, 11
-13.800000, 1.700000, 11
-13.650000, 1.700000, 11
-13.500000, 1.700000, 11
-13.350000, 1.700000, 11
-13.200000, 1.700000, 11
-13.050000, 1.700000, 11
-12.900000, 1.700000, 11
-12.750000, 1.700000, 11
-12.600000, 1.700000, 11
-12.450000, 1.700000, 11
-12.300000, 1.700000, 11
-12.150000, 1.700000, 11
-12.000000, 1.700000, 11
-11.850000, 1.700000, 11
-11.700000, 1.700000, 11
-11.550000, 1.700000, 11
-11.400000, 1.700000, 11
-11.250000, 1.700000, 11
-11.100000, 1.700000, 11
-10.950000, 1.700000, 11
-10.800000, 1.700000, 11
-10.650000, 1.700000, 11
-10.500000, 1.700000, 11
-10.350000, 1.700000, 11
-10.200000, 1.700000, 11
-10.050000, 1.700000, 11
-9.900000, 1.700000, 11
-9.750000, 1.700000, 11
-9.600000, 1.700000, 11
-9.450000, 1.700000, 11
-9.300000, 1.700000, 11
-9.150000, 1.700000, 11
-9.000000, 1.700000, 11
-8.850000, 1.700000, 11
-8.700000, 1.700000, 11
-8.550000, 1.700000, 11
-8.400000, 1.700000, 11
-8.250000, 1.700000, 11
-8.100000, 1.700000, 11
-7.950000, 1.700000, 11
-7.800000, 1.700000, 0
-7.650000, 1.700000, 0
-7.500000, 1.700000, 0
-7.350000, 1.700000, 6
-7.200000, 1.700000, 0
-7.050000, 1.700000, 0
-6.900000, 1.700000, 0
-6.750000, 1.700000, 0
-6.600000, 1.700000, 0
-6.450000, 1.700000, 0
-6.300000, 1.700000, 0
-6.150000, 1.700000, 0
-6.000000, 1.700000, 0
-5.850000, 1.700000, 0
-5.700000, 1.700000, 0
-5.550000, 1.700000, 0
-5.400000, 1.700000, 0
-5.250000, 1.700000, 0
-5.100000, 1.700000, 0
-4.950000, 1.700000, 0
-4.800000, 1.700000, 0
-4.650000, 1.700000, 0
-4.500000, 1.700000, 0
-4.350000, 1.700000, 0
-4.200000, 1.700000, 2
-4.050000, 1.700000, 2
-3.900000, 1.700000, 2
-3.750000, 1.700000, 2
-3.600000, 1.700000, 2
-3.450000, 1.700000, 2
-3.300000, 1.700000, 2
-3.150000, 1.700000, 2
-3.000000, 1.700000, 2
-2.850000, 1.700000, 2
-2.700000, 1.700000, 2
-2.550000, 1.700000, 5
-2.400000, 1.700000, 3
-2.250000, 1.700000, 0
-2.100000, 1.700000, 6
-1.950000, 1.700000, 4
-1.800000, 1.700000, 9
-1.650000, 1.700000, 9
-1.500000, 1.700000, 9
-1.350000, 1.700000, 9
-1.200000, 1.700000, 9
-1.050000, 1.700000, 9
-0.900000, 1.700000, 9
-0.750000, 1.700000, 9
-0.600000, 1.700000, 6
-0.450000, 1.700000, 4
-0.300000, 1.700000, 4
-0.150000, 1.700000, 10
-0.000000, 1.700000, 10
0.150000, 1.700000, 10
0.300000, 1.700000, 10
0.450000, 1.700000, 10
0.600000, 1.700000, 4
0.750000, 1.700000, 4
0.900000, 1.700000, 4
1.050000, 1.700000, 4
1.200000, 1.700000, 4
1.350000, 1.700000, 4
1.500000, 1.700000, 10
1.650000, 1.700000, 6
1.800000, 1.700000, 6
1.950000, 1.700000, 6
2.100000, 1.700000, 6
2.250000, 1.700000, 6
2.400000, 1.700000, 6
2.550000, 1.700000, 6
2.700000, 1.700000, 6
2.850000, 1.700000, 6
3.000000, 1.700000, 6
3.150000, 1.700000, 6
3.300000, 1.700000, 6
3.450000, 1.700000, 6
3.600000, 1.700000, 6
3.750000, 1.700000, 6
3.900000, 1.700000, 6
4.050000, 1.700000, 6
4.200000, 1.700000, 6
4.350000, 1.700000, 6
4.500000, 1.700000, 5
4.650000, 1.700000, 4
4.800000, 1.700000, 4
4.950000, 1.700000, 4
5.100000, 1.700000, 4
5.250000, 1.700000, 4
5.400000, 1.700000, 10
5.550000, 1.700000, 10
5.700000, 1.700000, 8
5.850000, 1.700000, 6
6.000000, 1.700000, 9
6.150000, 1.700000, 2
6.300000, 1.700000, 3
6.450000, 1.700000, 8
6.600000, 1.700000, 0
6.750000, 1.700000, 8
6.900000, 1.700000, 8
7.050000, 1.700000, 3
7.200000, 1.700000, 5
7.350000, 1.700000, 4
7.500000, 1.700000, 3
7.650000, 1.700000, 3
7.800000, 1.700000, 0
7.950000, 1.700000, 4
8.100000, 1.700000, 4
8.250000, 1.700000, 5
8.400000, 1.700000, 5
8.550000, 1.700000, 5
8.700000, 1.700000, 5
8.850000, 1.700000, 5
9.000000, 1.700000, 5
9.150000, 1.700000, 5
9.300000, 1.700000, 5
9.450000, 1.700000, 5
9.600000, 1.700000, 5
9.750000, 1.700000, 5
9.900000, 1.700000, 5
10.050000, 1.700000, 5
10.200000, 1.700000, 5
10.350000, 1.700000, 5
10.500000, 1.700000, 5
10.650000, 1.700000, 5
10.800000, 1.700000, 5
10.950000, 1.700000, 5
11.100000, 1.700000, 5
11.250000, 1.700000, 5
11.400000, 1.700000, 5
11.550000, 1.700000, 5
11.700000, 1.700000, 5
11.850000, 1.700000, 5
12.000000, 1.700000, 5
12.150000, 1.700000, 5
12.300000, 1.700000, 5
12.450000, 1.700000, 5
12.600000, 1.700000, 5
12.750000, 1.700000, 5
12.900000, 1.700000, 5
13.050000, 1.700000, 5
13.200000, 1.700000, 5
13.350000, 1.700000, 5
13.500000, 1.700000, 5
13.650000, 1.700000, 5
13.800000, 1.700000, 5
13.950000, 1.700000, 5
14.100000, 1.700000, 5
14.250000, 1.700000, 5
14.400000, 1.700000, 5
14.550000, 1.700000, 5
14.700000, 1.700000, 5
14.850000, 1.700000, 5
-15.000000, 1.750000, 11
-14.850000, 1.750000, 11
-14.700000, 1.750000, 11
-14.550000, 1.750000, 11
-14.400000, 1.750000, 11
-14.250000, 1.750000, 11
-14.100000, 1.750000, 11
-13.950000, 1.750000, 11
-13.800000, 1.750000, 11
-13.650000, 1.750000, 11
-13.500000, 1.750000, 11
-13.350000, 1.750000, 11
-13.200000, 1.750000, 11
-13.050000, 1.750000, 11
-12.900000, 1.750000, 11
-12.750000, 1.750000, 11
-12.600000, 1.750000, 11
-12.450000, 1.750000, 11
-12.300000, 1.750000, 11
-12.150000, 1.750000, 11
-12.000000, 1.750000, 11
-11.850000, 1.750000, 11
-11.700000, 1.750000, 11
-11.550000, 1.750000, 11
-11.400000, 1.750000, 11
-11.250000, 1.750000, 11
-11.100000, 1.750000, 11
-10.950000, 1.750000, 11
-10.800000, 1.750000, 11
-10.650000, 1.750000, 11
-10.500000, 1.750000, 11
-10.350000, 1.750000, 11
-10.200000, 1.750000, 11
-10.050000, 1.750000, 11
-9.900000, 1.750000, 11
-9.750000, 1.750000, 11
-9.600000, 1.750000, 11
-9.450000, 1.750000, 11
-9.300000, 1.750000, 11
-9.150000, 1.750000, 11
-9.000000, 1.750000, 11
-8.850000, 1.750000, 11
-8.700000, 1.750000, 11
-8.550000, 1.750000, 11
-8.400000, 1.750000, 11
-8.250000, 1.750000, 11
-8.100000, 1.750000, 11
-7.950000, 1.750000, 0
-7.800000, 1.750000, 0
-7.650000, 1.750000, 0
-7.500000, 1.750000, 2
-7.350000, 1.750000, 0
-7.200000, 1.750000, 0
-7.050000, 1.750000, 0
-6.900000, 1.750000, 0
-6.750000, 1.750000, 0
-6.600000, 1.750000, 0
-6.450000, 1.750000, 0
-6.300000, 1.750000, 0
-6.150000, 1.750000, 0
-6.000000, 1.750000, 0
-5.850000, 1.750000, 0
-5.700000, 1.750000, 0
-5.550000, 1.750000, 0
-5.400000, 1.750000, 0
-5.250000, 1.750000, 0
-5.100000, 1.750000, 0
-4.950000, 1.750000, 0
-4.800000, 1.750000, 0
-4.650000, 1.750000, 0
-4.500000, 1.750000, 0
-4.350000, 1.750000, 0
-4.200000, 1.750000, 4
-4.050000, 1.750000, 2
-3.900000, 1.750000, 2
-3.750000, 1.750000, 2
-3.600000, 1.750000, 2
-3.450000, 1.750000, 2
-3.300000, 1.750000, 2
-3.150000, 1.750000, 2
-3.000000, 1.750000, 2
-2.850000, 1.750000, 2
-2.700000, 1.750000, 2
-2.550000, 1.750000, 3
-2.400000, 1.750000, 3
-2.250000, 1.750000, 6
-2.100000, 1.750000, 5
-1.950000, 1.750000, 9
-1.800000, 1.750000, 9
-1.650000, 1.750000, 9
-1.500000, 1.750000, 9
-1.350000, 1.750000, 9
-1.200000, 1.750000, 9
-1.050000, 1.750000, 9
-0.900000, 1.750000, 9
-0.750000, 1.750000, 10
-0.600000, 1.750000, 10
-0.450000, 1.750000, 4
-0.300000, 1.750000, 4
-0.150000, 1.750000, 10
-0.000000, 1.750000, 10
0.150000, 1.750000, 10
0.300000, 1.750000, 10
0.450000, 1.750000, 10
0.600000, 1.750000, 4
0.750000, 1.750000, 4
0.900000, 1.750000, 4
1.050000, 1.750000, 4
1.200000, 1.750000, 4
1.350000, 1.750000, 4
1.500000, 1.750000, 4
1.650000, 1.750000, 3
1.800000, 1.750000, 6
1.950000, 1.750000, 6
2.100000, 1.750000, 6
2.250000, 1.750000, 6
2.400000, 1.750000, 6
2.550000, 1.750000, 6
2.700000, 1.750000, 6
2.850000, 1.750000, 6
3.000000, 1.750000, 6
3.150000, 1.750000, 6
3.300000, 1.750000, 6
3.450000, 1.750000, 6
3.600000, 1.750000, 6
3.750000, 1.750000, 6
3.900000, 1.750000, 6
4.050000, 1.750000, 6
4.200000, 1.750000, 6
4.350000, 1.750000, 6
4.500000, 1.750000, 6
4.650000, 1.750000, 6
4.800000, 1.750000, 4
4.950000, 1.750000, 9
5.100000, 1.750000, 10
5.250000, 1.750000, 4
5.400000, 1.750000, 10
5.550000, 1.750000, 4
5.700000, 1.750000, 4
5.850000, 1.750000, 4
6.000000, 1.750000, 10
6.150000, 1.750000, 2
6.300000, 1.750000, 5
6.450000, 1.750000, 1
6.600000, 1.750000, 11
6.750000, 1.750000, 7
6.900000, 1.750000, 3
7.050000, 1.750000, 3
7.200000, 1.750000, 2
7.350000, 1.750000, 6
7.500000, 1.750000, 3
7.650000, 1.750000, 1
7.800000, 1.750000, 1
7.950000, 1.750000, 4
8.100000, 1.750000, 6
8.250000, 1.750000, 6
8.400000, 1.750000, 10
8.550000, 1.750000, 8
8.700000, 1.750000, 3
8.850000, 1.750000, 5
9.000000, 1.750000, 5
9.150000, 1.750000, 5
9.300000, 1.750000, 5
9.450000, 1.750000, 5
9.600000, 1.750000, 5
9.750000, 1.750000, 5
9.900000, 1.750000, 5
10.050000, 1.750000, 5
10.200000, 1.750000, 5
10.350000, 1.750000, 5
10.500000, 1.750000, 5
10.650000, 1.750000, 5
10.800000, 1.750000, 5
10.950000, 1.750000, 5
11.100000, 1.750000, 5
11.250000, 1.750000, 5
11.400000, 1.750000, 5
11.550000, 1.750000, 5
11.700000, 1.750000, 5
11.850000, 1.750000, 5
12.000000, 1.750000, 5
12.150000, 1.750000, 5
12.300000, 1.750000, 5
12.450000, 1.750000, 5
12.600000, 1.750000, 5
12.750000, 1.750000, 5
12.900000, 1.750000, 5
13.050000, 1.750000, 5
13.200000, 1.750000, 5
13.350000, 1.750000, 5
13.500000, 1.750000, 5
13.650000, 1.750000, 5
13.800000, 1.750000, 5
13.950000, 1.750000, 5
14.100000, 1.750000, 5
14.250000, 1.750000, 5
14.400000, 1.750000, 5
14.550000, 1.750000, 5
14.700000, 1.750000, 5
14.850000, 1.750000, 5
-15.000000, 1.800000, 11
-14.850000, 1.800000, 11
-14.700000, 1.800000, 11
-14.550000, 1.800000, 11
-14.400000, 1.800000, 11
-14.250000, 1.800000, 11
-14.100000, 1.800000, 11
-13.950000, 1.800000, 11
-13.800000, 1.800000, 11
-13.650000, 1.800000, 11
-13.500000, 1.800000, 11
-13.350000, 1.800000, 11
-13.200000, 1.800000, 11
-13.050000, 1.800000, 11
-12.900000, 1.800000, 11
-12.750000, 1.800000, 11
-12.600000, 1.800000, 11
-12.450000, 1.800000, 11
-12.300000, 1.800000, 11
-12.150000, 1.800000, 11
-12.000000, 1.800000, 11
-11.850000, 1.800000, 11
-11.700000, 1.800000, 11
-11.550000, 1.800000, 11
-11.400000, 1.800000, 11
-11.250000, 1.800000, 11
-11.100000, 1.800000, 11
-10.950000, 1.800000, 11
-10.800000, 1.800000, 11
-10.650000, 1.800000, 11
-10.500000, 1.800000, 11
-10.350000, 1.800000, 11
-10.200000, 1.800000, 11
-10.050000, 1.800000, 11
-9.900000, 1.800000, 11
-9.750000, 1.800000, 11
-9.600000, 1.800000, 11
-9.450000, 1.800000, 11
-9.300000, 1.800000, 11
-9.150000, 1.800000, 11
-9.000000, 1.800000, 11
-8.850000, 1.800000, 11
-8.700000, 1.800000, 11
-8.550000, 1.800000, 11
-8.400000, 1.800000, 0
-8.250000, 1.800000, 0
-8.100000, 1.800000, 0
-7.950000, 1.800000, 2
-7.800000, 1.800000, 0
-7.650000, 1.800000, 0
-7.500000, 1.800000, 0
-7.350000, 1.800000, 0
-7.200000, 1.800000, 0
-7.050000, 1.800000, 0
-6.900000, 1.800000, 0
-6.750000, 1.800000, 0
-6.600000, 1.800000, 0
-6.450000, 1.800000, 0
-6.300000, 1.800000, 0
-6.150000, 1.800000, 0
-6.000000, 1.800000, 0
-5.850000, 1.800000, 0
-5.700000, 1.800000, 0
-5.550000, 1.800000, 0
-5.400000, 1.800000, 0
-5.250000, 1.800000, 0
-5.100000, 1.800000, 0
-4.950000, 1.800000, 0
-4.800000, 1.800000, 0
-4.650000, 1.800000, 0
-4.500000, 1.800000, 0
-4.350000, 1.800000, 2
-4.200000, 1.800000, 2
-4.050000, 1.800000, 2
-3.900000, 1.800000, 2
-3.750000, 1.800000, 2
-3.600000, 1.800000, 2
-3.450000, 1.800000, 2
-3.300000, 1.800000, 2
-3.150000, 1.800000, 2
-3.000000, 1.800000, 2
-2.850000, 1.800000, 2
-2.700000, 1.800000, 2
-2.550000, 1.800000, 6
-2.400000, 1.800000, 3
-2.250000, 1.800000, 9
-2.100000, 1.800000, 8
-1.950000, 1.800000, 9
-1.800000, 1.800000, 9
-1.650000, 1.800000, 9
-1.500000, 1.800000, 9
-1.350000, 1.800000, 9
-1.200000, 1.800000, 9
-1.050000, 1.800000, 9
-0.900000, 1.800000, 9
-0.750000, 1.800000, 4
-0.600000, 1.800000, 10
-0.450000, 1.800000, 4
-0.300000, 1.800000, 4
-0.150000, 1.800000, 10
-0.000000, 1.800000, 10
0.150000, 1.800000, 10
0.300000, 1.800000, 10
0.450000, 1.800000, 10
0.600000, 1.800000, 4
0.750000, 1.800000, 4
0.900000, 1.800000, 4
1.050000, 1.800000, 4
1.200000, 1.800000, 4
1.350000, 1.800000, 4
1.500000, 1.800000, 4
1.650000, 1.800000, 3
1.800000, 1.800000, 6
1.950000, 1.800000, 6
2.100000, 1.800000, 6
2.250000, 1.800000, 6
2.400000, 1.800000, 6
2.550000, 1.800000, 6
2.700000, 1.800000, 6
2.850000, 1.800000, 6
3.000000, 1.800000, 6
3.150000, 1.800000, 6
3.300000, 1.800000, 6
3.450000, 1.800000, 6
3.600000, 1.800000, 6
3.750000, 1.800000, 6
3.900000, 1.800000, 6
4.050000, 1.800000, 6
4.200000, 1.800000, 6
4.350000, 1.800000, 6
4.500000, 1.800000, 6
4.650000, 1.800000, 6
4.800000, 1.800000, 9
4.950000, 1.800000, 11
5.100000, 1.800000, 4
5.250000, 1.800000, 4
5.400000, 1.800000, 4
5.550000, 1.800000, 4
5.700000, 1.800000, 4
5.850000, 1.800000, 4
6.000000, 1.800000, 4
6.150000, 1.800000, 4
6.300000, 1.800000, 5
6.450000, 1.800000, 5
6.600000, 1.800000, 0
6.750000, 1.800000, 5
6.900000, 1.800000, 3
7.050000, 1.800000, 8
7.200000, 1.800000, 0
7.350000, 1.800000, 5
7.500000, 1.800000, 3
7.650000, 1.800000, 1
7.800000, 1.800000, 3
7.950000, 1.800000, 4
8.100000, 1.800000, 6
8.250000, 1.800000, 1
8.400000, 1.800000, 8
8.550000, 1.800000, 1
8.700000, 1.800000, 6
8.850000, 1.800000, 5
9.000000, 1.800000, 5
9.150000, 1.800000, 5
9.300000, 1.800000, 5
9.450000, 1.800000, 5
9.600000, 1.800000, 5
9.750000, 1.800000, 5
9.900000, 1.800000, 5
10.050000, 1.800000, 5
10.200000, 1.800000, 5
10.350000, 1.800000, 5
10.500000, 1.800000, 5
10.650000, 1.800000, 5
10.800000, 1.800000, 5
10.950000, 1.800000, 5
11.100000, 1.800000, 5
11.250000, 1.800000, 5
11.400000, 1.800000, 5
11.550000, 1.800000, 5
11.700000, 1.800000, 5
11.850000, 1.800000, 5
12.000000, 1.800000, 5
12.150000, 1.800000, 5
12.300000, 1.800000, 5
12.450000, 1.800000, 5
12.600000, 1.800000, 5
12.750000, 1.800000, 5
12.900000, 1.800000, 5
13.050000, 1.800000, 5
13.200000, 1.800000, 5
13.350000, 1.800000, 5
13.500000, 1.800000, 5
13.650000, 1.800000, 5
13.800000, 1.800000, 5
13.950000, 1.800000, 5
14.100000, 1.800000, 5
14.250000, 1.800000, 5
14.400000, 1.800000, 5
14.550000, 1.800000, 5
14.700000, 1.800000, 5
14.850000, 1.800000, 5
-15.000000, 1.850000, 11
-14.850000, 1.850000, 11
-14.700000, 1.850000, 11
-14.550000, 1.850000, 11
-14.400000, 1.850000, 11
-14.250000, 1.850000, 11
-14.100000, 1.850000, 11
-13.950000, 1.850000, 11
-13.800000, 1.850000, 11
-13.650000, 1.850000, 11
-13.500000, 1.850000, 11
-13.350000, 1.850000, 11
-13.200000, 1.850000, 11
-13.050000, 1.850000, 11
-12.900000, 1.850000, 11
-12.750000, 1.850000, 11
-12.600000, 1.850000, 11
-12.450000, 1.850000, 11
-12.300000, 1.850000, 11
-12.150000, 1.850000, 11
-12.000000, 1.850000, 11
-11.850000, 1.850000, 11
-11.700000, 1.850000, 11
-11.550000, 1.850000, 11
-11.400000, 1.850000, 11
-11.250000, 1.850000, 11
-11.100000, 1.850000, 11
-10.950000, 1.850000, 11
-10.800000, 1.850000, 11
-10.650000, 1.850000, 11
-10.500000, 1.850000, 11
-10.350000, 1.850000, 11
-10.200000, 1.850000, 11
-10.050000, 1.850000, 11
-9.900000, 1.850000, 11
-9.750000, 1.850000, 11
-9.600000, 1.850000, 11
-9.450000, 1.850000, 11
-9.300000, 1.850000, 11
-9.150000, 1.850000, 11
-9.000000, 1.850000, 11
-8.850000, 1.850000, 11
-8.700000, 1.850000, 11
-8.550000, 1.850000, 11
-8.400000, 1.850000, 0
-8.250000, 1.850000, 0
-8.100000, 1.850000, 0
-7.950000, 1.850000, 9
-7.800000, 1.850000, 0
-7.650000, 1.850000, 0
-7.500000, 1.850000, 0
-7.350000, 1.850000, 0
-7.200000, 1.850000, 0
-7.050000, 1.850000, 0
-6.900000, 1.850000, 0
-6.750000, 1.850000, 0
-6.600000, 1.850000, 0
-6.450000, 1.850000, 0
-6.300000, 1.850000, 0
-6.150000, 1.850000, 0
-6.000000, 1.850000, 0
-5.850000, 1.850000, 0
-5.700000, 1.850000, 0
-5.550000, 1.850000, 0
-5.400000, 1.850000, 0
-5.250000, 1.850000, 0
-5.100000, 1.850000, 0
-4.950000, 1.850000, 0
-4.800000, 1.850000, 0
-4.650000, 1.850000, 0
-4.500000, 1.850000, 2
-4.350000, 1.850000, 2
-4.200000, 1.850000, 2
-4.050000, 1.850000, 2
-3.900000, 1.850000, 2
-3.750000, 1.850000, 2
-3.600000, 1.850000, 2
-3.450000, 1.850000, 2
-3.300000, 1.850000, 2
-3.150000, 1.850000, 2
-3.000000, 1.850000, 2
-2.850000, 1.850000, 2
-2.700000, 1.850000, 8
-2.550000, 1.850000, 5
-2.400000, 1.850000, 5
-2.250000, 1.850000, 4
-2.100000, 1.850000, 9
-1.950000, 1.850000, 9
-1.800000, 1.850000, 9
-1.650000, 1.850000, 9
-1.500000, 1.850000, 9
-1.350000, 1.850000, 9
-1.200000, 1.850000, 9
-1.050000, 1.850000, 9
-0.900000, 1.850000, 9
-0.750000, 1.850000, 9
-0.600000, 1.850000, 4
-0.450000, 1.850000, 4
-0.300000, 1.850000, 4
-0.150000, 1.850000, 10
-0.000000, 1.850000, 10
0.150000, 1.850000, 10
0.300000, 1.850000, 10
0.450000, 1.850000, 10
0.600000, 1.850000, 4
0.750000, 1.850000, 4
0.900000, 1.850000, 4
1.050000, 1.850000, 4
1.200000, 1.850000, 4
1.350000, 1.850000, 4
1.500000, 1.850000, 4
1.650000, 1.850000, 10
1.800000, 1.850000, 4
1.950000, 1.850000, 6
2.100000, 1.850000, 6
2.250000, 1.850000, 6
2.400000, 1.850000, 6
2.550000, 1.850000, 6
2.700000, 1.850000, 6
2.850000, 1.850000, 6
3.000000, 1.850000, 6
3.150000, 1.850000, 6
3.300000, 1.850000, 6
3.450000, 1.850000, 6
3.600000, 1.850000, 6
3.750000, 1.850000, 6
3.900000, 1.850000, 6
4.050000, 1.850000, 6
4.200000, 1.850000, 6
4.350000, 1.850000, 6
4.500000, 1.850000, 6
4.650000, 1.850000, 6
4.800000, 1.850000, 4
4.950000, 1.850000, 8
5.100000, 1.850000, 4
5.250000, 1.850000, 4
5.400000, 1.850000, 4
5.550000, 1.850000, 10
5.700000, 1.850000, 4
5.850000, 1.850000, 4
6.000000, 1.850000, 4
6.150000, 1.850000, 5
6.300000, 1.850000, 6
6.450000, 1.850000, 6
6.600000, 1.850000, 9
6.750000, 1.850000, 2
6.900000, 1.850000, 3
7.050000, 1.850000, 8
7.200000, 1.850000, 0
7.350000, 1.850000, 8
7.500000, 1.850000, 3
7.650000, 1.850000, 7
7.800000, 1.850000, 10
7.950000, 1.850000, 9
8.100000, 1.850000, 2
8.250000, 1.850000, 1
8.400000, 1.850000, 3
8.550000, 1.850000, 11
8.700000, 1.850000, 7
8.850000, 1.850000, 5
9.000000, 1.850000, 5
9.150000, 1.850000, 5
9.300000, 1.850000, 5
9.450000, 1.850000, 5
9.600000, 1.850000, 5
9.750000, 1.850000, 5
9.900000, 1.850000, 5
10.050000, 1.850000, 5
10.200000, 1.850000, 5
10.350000, 1.850000, 5
10.500000, 1.850000, 5
10.650000, 1.850000, 5
10.800000, 1.850000, 5
10.950000, 1.850000, 5
11.100000, 1.850000, 5
11.250000, 1.850000, 5
11.400000, 1.850000, 5
11.550000, 1.850000, 5
11.700000, 1.850000, 5
11.850000, 1.850000, 5
12.000000, 1.850000, 5
12.150000, 1.850000, 5
12.300000, 1.850000, 5
12.450000, 1.850000, 5
12.600000, 1.850000, 5
12.750000, 1.850000, 5
12.900000, 1.850000, 5
13.050000, 1.850000, 5
13.200000, 1.850000, 5
13.350000, 1.850000, 5
13.500000, 1.850000, 5
13.650000, 1.850000, 5
13.800000, 1.850000, 5
13.950000, 1.850000, 5
14.100000, 1.850000, 5
14.250000, 1.850000, 5
14.400000, 1.850000, 5
14.550000, 1.850000, 5
14.700000, 1.850000, 5
14.850000, 1.850000, 5
-15.000000, 1.900000, 11
-14.850000, 1.900000, 11
-14.700000, 1.900000, 11
-14.550000, 1.900000, 11
-14.400000, 1.900000, 11
-14.250000, 1.900000, 11
-14.100000, 1.900000, 11
-13.950000, 1.900000, 11
-13.800000, 1.900000, 11
-13.650000, 1.900000, 11
-13.500000, 1.900000, 11
-13.350000, 1.900000, 11
-13.200000, 1.900000, 11
-13.050000, 1.900000, 11
-12.900000, 1.900000, 11
-12.750000, 1.900000, 11
-12.600000, 1.900000, 11
-12.450000, 1.900000, 11
-12.300000, 1.900000, 11
-12.150000, 1.900000, 11
-12.000000, 1.900000, 11
-11.850000, 1.900000, 11
-11.700000, 1.900000, 11
-11.550000, 1.900000, 11
-11.400000, 1.900000, 11
-11.250000, 1.900000, 11
-11.100000, 1.900000, 11
-10.950000, 1.900000, 11
-10.800000, 1.900000, 11
-10.650000, 1.900000, 11
-10.500000, 1.900000, 11
-10.350000, 1.900000, 11
-10.200000, 1.900000, 11
-10.050000, 1.900000, 11
-9.900000, 1.900000, 11
-9.750000, 1.900000, 11
-9.600000, 1.900000, 11
-9.450000, 1.900000, 11
-9.300000, 1.900000, 11
-9.150000, 1.900000, 11
-9.000000, 1.900000, 11
-8.850000, 1.900000, 11
-8.700000, 1.900000, 11
-8.550000, 1.900000, 0
-8.400000, 1.900000, 0
-8.250000, 1.900000, 0
-8.100000, 1.900000, 2
-7.950000, 1.900000, 0
-7.800000, 1.900000, 0
-7.650000, 1.900000, 0
-7.500000, 1.900000, 0
-7.350000, 1.900000, 0
-7.200000, 1.900000, 0
-7.050000, 1.900000, 0
-6.900000, 1.900000, 0
-6.750000, 1.900000, 0
-6.600000, 1.900000, 0
-6.450000, 1.900000, 0
-6.300000, 1.900000, 0
-6.150000, 1.900000, 0
-6.000000, 1.900000, 0
-5.850000, 1.900000, 0
-5.700000, 1.900000, 0
-5.550000, 1.900000, 0
-5.400000, 1.900000, 0
-5.250000, 1.900000, 0
-5.100000, 1.900000, 0
-4.950000, 1.900000, 0
-4.800000, 1.900000, 0
-4.650000, 1.900000, 0
-4.500000, 1.900000, 2
-4.350000, 1.900000, 2
-4.200000, 1.900000, 2
-4.050000, 1.900000, 2
-3.900000, 1.900000, 2
-3.750000, 1.900000, 2
-3.600000, 1.900000, 2
-3.450000, 1.900000, 2
-3.300000, 1.900000, 2
-3.150000, 1.900000, 2
-3.000000, 1.900000, 2
-2.850000, 1.900000, 2
-2.700000, 1.900000, 7
-2.550000, 1.900000, 3
-2.400000, 1.900000, 6
-2.250000, 1.900000, 4
-2.100000, 1.900000, 9
-1.950000, 1.900000, 9
-1.800000, 1.900000, 9
-1.650000, 1.900000, 9
-1.500000, 1.900000, 9
-1.350000, 1.900000, 9
-1.200000, 1.900000, 9
-1.050000, 1.900000, 9
-0.900000, 1.900000, 9
-0.750000, 1.900000, 2
-0.600000, 1.900000, 4
-0.450000, 1.900000, 4
-0.300000, 1.900000, 4
-0.150000, 1.900000, 10
-0.000000, 1.900000, 10
0.150000, 1.900000, 10
0.300000, 1.900000, 10
0.450000, 1.900000, 10
0.600000, 1.900000, 4
0.750000, 1.900000, 4
0.900000, 1.900000, 4
1.050000, 1.900000, 4
1.200000, 1.900000, 4
1.350000, 1.900000, 4
1.500000, 1.900000, 4
1.650000, 1.900000, 10
1.800000, 1.900000, 1
1.950000, 1.900000, 6
2.100000, 1.900000, 6
2.250000, 1.900000, 6
2.400000, 1.900000, 6
2.550000, 1.900000, 6
2.700000, 1.900000, 6
2.850000, 1.900000, 6
3.000000, 1.900000, 6
3.150000, 1.900000, 6
3.300000, 1.900000, 6
3.450000, 1.900000, 6
3.600000, 1.900000, 6
3.750000, 1.900000, 6
3.900000, 1.900000, 6
4.050000, 1.900000, 6
4.200000, 1.900000, 6
4.350000, 1.900000, 6
4.500000, 1.900000, 6
4.650000, 1.900000, 6
4.800000, 1.900000, 6
4.950000, 1.900000, 6
5.100000, 1.900000, 4
5.250000, 1.900000, 4
5.400000, 1.900000, 4
5.550000, 1.900000, 10
5.700000, 1.900000, 4
5.850000, 1.900000, 4
6.000000, 1.900000, 4
6.150000, 1.900000, 4
6.300000, 1.900000, 5
6.450000, 1.900000, 4
6.600000, 1.900000, 9
6.750000, 1.900000, 2
6.900000, 1.900000, 7
7.050000, 1.900000, 1
7.200000, 1.900000, 11
7.350000, 1.900000, 7
7.500000, 1.900000, 3
7.650000, 1.900000, 3
7.800000, 1.900000, 10
7.950000, 1.900000, 10
8.100000, 1.900000, 6
8.250000, 1.900000, 1
8.400000, 1.900000, 7
8.550000, 1.900000, 6
8.700000, 1.900000, 6
8.850000, 1.900000, 6
9.000000, 1.900000, 5
9.150000, 1.900000, 10
9.300000, 1.900000, 6
9.450000, 1.900000, 6
9.600000, 1.900000, 5
9.750000, 1.900000, 5
9.900000, 1.900000, 5
10.050000, 1.900000, 5
10.200000, 1.900000, 5
10.350000, 1.900000, 5
10.500000, 1.900000, 5
10.650000, 1.900000, 5
10.800000, 1.900000, 5
10.950000, 1.900000, 5
11.100000, 1.900000, 5
11.250000, 1.900000, 5
11.400000, 1.900000, 5
11.550000, 1.900000, 5
11.700000, 1.900000, 5
11.850000, 1.900000, 5
12.000000, 1.900000, 5
12.150000, 1.900000, 5
12.300000, 1.900000, 5
12.450000, 1.900000, 5
12.600000, 1.900000, 5
12.750000, 1.900000, 5
12.900000, 1.900000, 5
13.050000, 1.900000, 5
13.200000, 1.900000, 5
13.350000, 1.900000, 5
13.500000, 1.900000, 5
13.650000, 1.900000, 5
13.800000, 1.900000, 5
13.950000, 1.900000, 5
14.100000, 1.900000, 5
14.250000, 1.900000, 5
14.400000, 1.900000, 5
14.550000, 1.900000, 5
14.700000, 1.900000, 5
14.850000, 1.900000, 5
-15.000000, 1.950000, 11
-14.850000, 1.950000, 11
-14.700000, 1.950000, 11
-14.550000, 1.950000, 11
-14.400000, 1.950000, 11
-14.250000, 1.950000, 11
-14.100000, 1.950000, 11
-13.950000, 1.950000, 11
-13.800000, 1.950000, 11
-13.650000, 1.950000, 11
-13.500000, 1.950000, 11
-13.350000, 1.950000, 11
-13.200000, 1.950000, 11
-13.050000, 1.950000, 11
-12.900000, 1.950000, 11
-12.750000, 1.950000, 11
-12.600000, 1.950000, 11
-12.450000, 1.950000, 11
-12.300000, 1.950000, 11
-12.150000, 1.950000, 11
-12.000000, 1.950000, 11
-11.850000, 1.950000, 11
-11.700000, 1.950000, 11
-11.550000, 1.950000, 11
-11.400000, 1.950000, 11
-11.250000, 1.950000, 11
-11.100000, 1.950000, 11
-10.950000, 1.950000, 11
-10.800000, 1.950000, 11
-10.650000, 1.950000, 11
-10.500000, 1.950000, 11
-10.350000, 1.950000, 11
-10.200000, 1.950000, 11
-10.050000, 1.950000, 11
-9.900000, 1.950000, 11
-9.750000, 1.950000, 11
-9.600000, 1.950000, 11
-9.450000, 1.950000, 11
-9.300000, 1.950000, 11
-9.150000, 1.950000, 11
-9.000000, 1.950000, 11
-8.850000, 1.950000, 0
-8.700000, 1.950000, 11
-8.550000, 1.950000, 0
-8.400000, 1.950000, 0
-8.250000, 1.950000, 0
-8.100000, 1.950000, 0
-7.950000, 1.950000, 0
-7.800000, 1.950000, 0
-7.650000, 1.950000, 0
-7.500000, 1.950000, 0
-7.350000, 1.950000, 0
-7.200000, 1.950000, 0
-7.050000, 1.950000, 0
-6.900000, 1.950000, 0
-6.750000, 1.950000, 0
-6.600000, 1.950000, 0
-6.450000, 1.950000, 0
-6.300000, 1.950000, 0
-6.150000, 1.950000, 0
-6.000000, 1.950000, 0
-5.850000, 1.950000, 0
-5.700000, 1.950000, 0
-5.550000, 1.950000, 0
-5.400000, 1.950000, 0
-5.250000, 1.950000, 0
-5.100000, 1.950000, 0
-4.950000, 1.950000, 0
-4.800000, 1.950000, 0
-4.650000, 1.950000, 0
-4.500000, 1.950000, 2
-4.350000, 1.950000, 2
-4.200000, 1.950000, 2
-4.050000, 1.950000, 2
-3.900000, 1.950000, 2
-3.750000, 1.950000, 2
-3.600000, 1.950000, 2
-3.450000, 1.950000, 2
-3.300000, 1.950000, 2
-3.150000, 1.950000, 2
-3.000000, 1.950000, 2
-2.850000, 1.950000, 6
-2.700000, 1.950000, 3
-2.550000, 1.950000, 3
-2.400000, 1.950000, 6
-2.250000, 1.950000, 2
-2.100000, 1.950000, 9
-1.950000, 1.950000, 9
-1.800000, 1.950000, 9
-1.650000, 1.950000, 9
-1.500000, 1.950000, 9
-1.350000, 1.950000, 9
-1.200000, 1.950000, 9
-1.050000, 1.950000, 9
-0.900000, 1.950000, 9
-0.750000, 1.950000, 5
-0.600000, 1.950000, 4
-0.450000, 1.950000, 4
-0.300000, 1.950000, 4
-0.150000, 1.950000, 10
-0.000000, 1.950000, 10
0.150000, 1.950000, 10
0.300000, 1.950000, 10
0.450000, 1.950000, 10
0.600000, 1.950000, 10
0.750000, 1.950000, 4
0.900000, 1.950000, 4
1.050000, 1.950000, 4
1.200000, 1.950000, 4
1.350000, 1.950000, 4
1.500000, 1.950000, 4
1.650000, 1.950000, 4
1.800000, 1.950000, 1
1.950000, 1.950000, 4
2.100000, 1.950000, 6
2.250000, 1.950000, 6
2.400000, 1.950000, 6
2.550000, 1.950000, 6
2.700000, 1.950000, 6
2.850000, 1.950000, 6
3.000000, 1.950000, 6
3.150000, 1.950000, 6
3.300000, 1.950000, 6
3.450000, 1.950000, 6
3.600000, 1.950000, 6
3.750000, 1.950000, 6
3.900000, 1.950000, 6
4.050000, 1.950000, 6
4.200000, 1.950000, 6
4.350000, 1.950000, 6
4.500000, 1.950000, 6
4.650000, 1.950000, 6
4.800000, 1.950000, 6
4.950000, 1.950000, 6
5.100000, 1.950000, 1
5.250000, 1.950000, 4
5.400000, 1.950000, 2
5.550000, 1.950000, 4
5.700000, 1.950000, 4
5.850000, 1.950000, 4
6.000000, 1.950000, 4
6.150000, 1.950000, 4
6.300000, 1.950000, 4
6.450000, 1.950000, 9
6.600000, 1.950000, 9
6.750000, 1.950000, 8
6.900000, 1.950000, 5
7.050000, 1.950000, 5
7.200000, 1.950000, 0
7.350000, 1.950000, 2
7.500000, 1.950000, 3
7.650000, 1.950000, 3
7.800000, 1.950000, 7
7.950000, 1.950000, 9
8.100000, 1.950000, 4
8.250000, 1.950000, 1
8.400000, 1.950000, 3
8.550000, 1.950000, 5
8.700000, 1.950000, 6
8.850000, 1.950000, 6
9.000000, 1.950000, 1
9.150000, 1.950000, 2
9.300000, 1.950000, 10
9.450000, 1.950000, 8
9.600000, 1.950000, 3
9.750000, 1.950000, 5
9.900000, 1.950000, 5
10.050000, 1.950000, 5
10.200000, 1.950000, 5
10.350000, 1.950000, 5
10.500000, 1.950000, 5
10.650000, 1.950000, 5
10.800000, 1.950000, 5
10.950000, 1.950000, 5
11.100000, 1.950000, 5
11.250000, 1.950000, 5
11.400000, 1.950000, 5
11.550000, 1.950000, 5
11.700000, 1.950000, 5
11.850000, 1.950000, 5
12.000000, 1.950000, 5
12.150000, 1.950000, 5
12.300000, 1.950000, 5
12.450000, 1.950000, 5
12.600000, 1.950000, 5
12.750000, 1.950000, 5
12.900000, 1.950000, 5
13.050000, 1.950000, 5
13.200000, 1.950000, 5
13.350000, 1.950000, 5
13.500000, 1.950000, 5
13.650000, 1.950000, 5
13.800000, 1.950000, 5
13.950000, 1.950000, 5
14.100000, 1.950000, 5
14.250000, 1.950000, 5
14.400000, 1.950000, 5
14.550000, 1.950000, 5
14.700000, 1.950000, 5
14.850000, 1.950000, 5
-15.000000, 2.000000, 11
-14.850000, 2.000000, 11
-14.700000, 2.000000, 11
-14.550000, 2.000000, 11
-14.400000, 2.000000, 11
-14.250000, 2.000000, 11
-14.100000, 2.000000, 11
-13.950000, 2.000000, 11
-13.800000, 2.000000, 11
-13.650000, 2.000000, 11
-13.500000, 2.000000, 11
-13.350000, 2.000000, 11
-13.200000, 2.000000, 11
-13.050000, 2.000000, 11
-12.900000, 2.000000, 11
-12.750000, 2.000000, 11
-12.600000, 2.000000, 11
-12.450000, 2.000000, 11
-12.300000, 2.000000, 11
-12.150000, 2.000000, 11
-12.000000, 2.000000, 11
-11.850000, 2.000000, 11
-11.700000, 2.000000, 11
-11.550000, 2.000000, 11
-11.400000, 2.000000, 11
-11.250000, 2.000000, 11
-11.100000, 2.000000, 11
-10.950000, 2.000000, 11
-10.800000, 2.000000, 11
-10.650000, 2.000000, 11
-10.500000, 2.000000, 11
-10.350000, 2.000000, 11
-10.200000, 2.000000, 11
-10.050000, 2.000000, 11
-9.900000, 2.000000, 11
-9.750000, 2.000000, 11
-9.600000, 2.000000, 11
-9.450000, 2.000000, 11
-9.300000, 2.000000, 11
-9.150000, 2.000000, 2
-9.000000, 2.000000, 9
-8.850000, 2.000000, 0
-8.700000, 2.000000, 0
-8.550000, 2.000000, 2
-8.400000, 2.000000, 0
-8.250000, 2.000000, 0
-8.100000, 2.000000, 0
-7.950000, 2.000000, 0
-7.800000, 2.000000, 0
-7.650000, 2.000000, 0
-7.500000, 2.000000, 0
-7.350000, 2.000000, 0
-7.200000, 2.000000, 0
-7.050000, 2.000000, 0
-6.900000, 2.000000, 0
-6.750000, 2.000000, 0
-6.600000, 2.000000, 0
-6.450000, 2.000000, 0
-6.300000, 2.000000, 0
-6.150000, 2.000000, 0
-6.000000, 2.000000, 0
-5.850000, 2.000000, 0
-5.700000, 2.000000, 0
-5.550000, 2.000000, 0
-5.400000, 2.000000, 0
-5.250000, 2.000000, 0
-5.100000, 2.000000, 0
-4.950000, 2.000000, 0
-4.800000, 2.000000, 0
-4.650000, 2.000000, 2
-4.500000, 2.000000, 2
-4.350000, 2.000000, 2
-4.200000, 2.000000, 2
-4.050000, 2.000000, 2
-3.900000, 2.000000, 2
-3.750000, 2.000000, 2
-3.600000, 2.000000, 2
-3.450000, 2.000000, 2
-3.300000, 2.000000, 2
-3.150000, 2.000000, 2
-3.000000, 2.000000, 2
-2.850000, 2.000000, 10
-2.700000, 2.000000, 7
-2.550000, 2.000000, 8
-2.400000, 2.000000, 4
-2.250000, 2.000000, 2
-2.100000, 2.000000, 9
-1.950000, 2.000000, 9
-1.800000, 2.000000, 9
-1.650000, 2.000000, 9
-1.500000, 2.000000, 9
-1.350000, 2.000000, 9
-1.200000, 2.000000, 9
-1.050000, 2.000000, 9
-0.900000, 2.000000, 9
-0.750000, 2.000000, 4
-0.600000, 2.000000, 4
-0.450000, 2.000000, 4
-0.300000, 2.000000, 6
-0.150000, 2.000000, 10
-0.000000, 2.000000, 10
0.150000, 2.000000, 10
0.300000, 2.000000, 10
0.450000, 2.000000, 10
0.600000, 2.000000, 10
0.750000, 2.000000, 4
0.900000, 2.000000, 4
1.050000, 2.000000, 4
1.200000, 2.000000, 4
1.350000, 2.000000, 4
1.500000, 2.000000, 4
1.650000, 2.000000, 4
1.800000, 2.000000, 4
1.950000, 2.000000, 4
2.100000, 2.000000, 6
2.250000, 2.000000, 6
2.400000, 2.000000, 6
2.550000, 2.000000, 6
2.700000, 2.000000, 6
2.850000, 2.000000, 6
3.000000, 2.000000, 6
3.150000, 2.000000, 6
3.300000, 2.000000, 6
3.450000, 2.000000, 6
3.600000, 2.000000, 6
3.750000, 2.000000, 6
3.900000, 2.000000, 6
4.050000, 2.000000, 6
4.200000, 2.000000, 6
4.350000, 2.000000, 6
4.500000, 2.000000, 6
4.650000, 2.000000, 6
4.800000, 2.000000, 6
4.950000, 2.000000, 6
5.100000, 2.000000, 6
5.250000, 2.000000, 4
5.400000, 2.000000, 5
5.550000, 2.000000, 4
5.700000, 2.000000, 4
5.850000, 2.000000, 4
6.000000, 2.000000, 4
6.150000, 2.000000, 4
6.300000, 2.000000, 4
6.450000, 2.000000, 10
6.600000, 2.000000, 4
6.750000, 2.000000, 6
6.900000, 2.000000, 10
7.050000, 2.000000, 6
7.200000, 2.000000, 9
7.350000, 2.000000, 2
7.500000, 2.000000, 7
7.650000, 2.000000, 3
7.800000, 2.000000, 7
7.950000, 2.000000, 11
8.100000, 2.000000, 8
8.250000, 2.000000, 1
8.400000, 2.000000, 8
8.550000, 2.000000, 5
8.700000, 2.000000, 4
8.850000, 2.000000, 9
9.000000, 2.000000, 1
9.150000, 2.000000, 3
9.300000, 2.000000, 0
9.450000, 2.000000, 4
9.600000, 2.000000, 6
9.750000, 2.000000, 5
9.900000, 2.000000, 5
10.050000, 2.000000, 5
10.200000, 2.000000, 5
10.350000, 2.000000, 5
10.500000, 2.000000, 5
10.650000, 2.000000, 5
10.800000, 2.000000, 5
10.950000, 2.000000, 5
11.100000, 2.000000, 5
11.250000, 2.000000, 5
11.400000, 2.000000, 5
11.550000, 2.000000, 5
11.700000, 2.000000, 5
11.850000, 2.000000, 5
12.000000, 2.000000, 5
12.150000, 2.000000, 5
12.300000, 2.000000, 5
12.450000, 2.000000, 5
12.600000, 2.000000, 5
12.750000, 2.000000, 5
12.900000, 2.000000, 5
13.050000, 2.000000, 5
13.200000, 2.000000, 5
13.350000, 2.000000, 5
13.500000, 2.000000, 5
13.650000, 2.000000, 5
13.800000, 2.000000, 5
13.950000, 2.000000, 5
14.100000, 2.000000, 5
14.250000, 2.000000, 5
14.400000, 2.000000, 5
14.550000, 2.000000, 5
14.700000, 2.000000, 5
14.850000, 2.000000, 5
-15.000000, 2.050000, 11
-14.850000, 2.050000, 11
-14.700000, 2.050000, 11
-14.550000, 2.050000, 11
-14.400000, 2.050000, 11
-14.250000, 2.050000, 11
-14.100000, 2.050000, 11
-13.950000, 2.050000, 11
-13.800000, 2.050000, 11
-13.650000, 2.050000, 11
-13.500000, 2.050000, 11
-13.350000, 2.050000, 11
-13.200000, 2.050000, 11
-13.050000, 2.050000, 11
-12.900000, 2.050000, 11
-12.750000, 2.050000, 11
-12.600000, 2.050000, 11
-12.450000, 2.050000, 11
-12.300000, 2.050000, 11
-12.150000, 2.050000, 11
-12.000000, 2.050000, 11
-11.850000, 2.050000, 11
-11.700000, 2.050000, 11
-11.550000, 2.050000, 11
-11.400000, 2.050000, 11
-11.250000, 2.050000, 11
-11.100000, 2.050000, 11
-10.950000, 2.050000, 11
-10.800000, 2.050000, 11
-10.650000, 2.050000, 11
-10.500000, 2.050000, 11
-10.350000, 2.050000, 11
-10.200000, 2.050000, 11
-10.050000, 2.050000, 11
-9.900000, 2.050000, 11
-9.750000, 2.050000, 11
-9.600000, 2.050000, 11
-9.450000, 2.050000, 11
-9.300000, 2.050000, 11
-9.150000, 2.050000, 0
-9.000000, 2.050000, 0
-8.850000, 2.050000, 0
-8.700000, 2.050000, 2
-8.550000, 2.050000, 2
-8.400000, 2.050000, 0
-8.250000, 2.050000, 0
-8.100000, 2.050000, 0
-7.950000, 2.050000, 0
-7.800000, 2.050000, 0
-7.650000, 2.050000, 0
-7.500000, 2.050000, 0
-7.350000, 2.050000, 0
-7.200000, 2.050000, 0
-7.050000, 2.050000, 0
-6.900000, 2.050000, 0
-6.750000, 2.050000, 0
-6.600000, 2.050000, 0
-6.450000, 2.050000, 0
-6.300000, 2.050000, 0
-6.150000, 2.050000, 0
-6.000000, 2.050000, 0
-5.850000, 2.050000, 0
-5.700000, 2.050000, 0
-5.550000, 2.050000, 0
-5.400000, 2.050000, 0
-5.250000, 2.050000, 0
-5.100000, 2.050000, 0
-4.950000, 2.050000, 0
-4.800000, 2.050000, 2
-4.650000, 2.050000, 2
-4.500000, 2.050000, 2
-4.350000, 2.050000, 2
-4.200000, 2.050000, 2
-4.050000, 2.050000, 2
-3.900000, 2.050000, 2
-3.750000, 2.050000, 2
-3.600000, 2.050000, 2
-3.450000, 2.050000, 2
-3.300000, 2.050000, 2
-3.150000, 2.050000, 2
-3.000000, 2.050000, 2
-2.850000, 2.050000, 11
-2.700000, 2.050000, 5
-2.550000, 2.050000, 9
-2.400000, 2.050000, 4
-2.250000, 2.050000, 2
-2.100000, 2.050000, 9
-1.950000, 2.050000, 9
-1.800000, 2.050000, 9
-1.650000, 2.050000, 9
-1.500000, 2.050000, 9
-1.350000, 2.050000, 9
-1.200000, 2.050000, 9
-1.050000, 2.050000, 9
-0.900000, 2.050000, 9
-0.750000, 2.050000, 5
-0.600000, 2.050000, 4
-0.450000, 2.050000, 4
-0.300000, 2.050000, 10
-0.150000, 2.050000, 10
-0.000000, 2.050000, 10
0.150000, 2.050000, 10
0.300000, 2.050000, 10
0.450000, 2.050000, 10
0.600000, 2.050000, 10
0.750000, 2.050000, 4
0.900000, 2.050000, 4
1.050000, 2.050000, 4
1.200000, 2.050000, 4
1.350000, 2.050000, 4
1.500000, 2.050000, 4
1.650000, 2.050000, 4
1.800000, 2.050000, 10
1.950000, 2.050000, 10
2.100000, 2.050000, 6
2.250000, 2.050000, 6
2.400000, 2.050000, 6
2.550000, 2.050000, 6
2.700000, 2.050000, 6
2.850000, 2.050000, 6
3.000000, 2.050000, 6
3.150000, 2.050000, 6
3.300000, 2.050000, 6
3.450000, 2.050000, 6
3.600000, 2.050000, 6
3.750000, 2.050000, 6
3.900000, 2.050000, 6
4.050000, 2.050000, 6
4.200000, 2.050000, 6
4.350000, 2.050000, 6
4.500000, 2.050000, 6
4.650000, 2.050000, 6
4.800000, 2.050000, 6
4.950000, 2.050000, 6
5.100000, 2.050000, 6
5.250000, 2.050000, 10
5.400000, 2.050000, 10
5.550000, 2.050000, 4
5.700000, 2.050000, 4
5.850000, 2.050000, 4
6.000000, 2.050000, 10
6.150000, 2.050000, 4
6.300000, 2.050000, 4
6.450000, 2.050000, 10
6.600000, 2.050000, 4
6.750000, 2.050000, 4
6.900000, 2.050000, 6
7.050000, 2.050000, 4
7.200000, 2.050000, 9
7.350000, 2.050000, 2
7.500000, 2.050000, 4
7.650000, 2.050000, 1
7.800000, 2.050000, 11
7.950000, 2.050000, 0
8.100000, 2.050000, 8
8.250000, 2.050000, 3
8.400000, 2.050000, 3
8.550000, 2.050000, 2
8.700000, 2.050000, 10
8.850000, 2.050000, 5
9.000000, 2.050000, 1
9.150000, 2.050000, 1
9.300000, 2.050000, 7
9.450000, 2.050000, 10
9.600000, 2.050000, 6
9.750000, 2.050000, 5
9.900000, 2.050000, 6
10.050000, 2.050000, 8
10.200000, 2.050000, 5
10.350000, 2.050000, 6
10.500000, 2.050000, 5
10.650000, 2.050000, 5
10.800000, 2.050000, 5
10.950000, 2.050000, 5
11.100000, 2.050000, 5
11.250000, 2.050000, 5
11.400000, 2.050000, 5
11.550000, 2.050000, 5
11.700000, 2.050000, 5
11.850000, 2.050000, 5
12.000000, 2.050000, 5
12.150000, 2.050000, 5
12.300000, 2.050000, 5
12.450000, 2.050000, 5
12.600000, 2.050000, 5
12.750000, 2.050000, 5
12.900000, 2.050000, 5
13.050000, 2.050000, 5
13.200000, 2.050000, 5
13.350000, 2.050000, 5
13.500000, 2.050000, 5
13.650000, 2.050000, 5
13.800000, 2.050000, 5
13.950000, 2.050000, 5
14.100000, 2.050000, 5
14.250000, 2.050000, 5
14.400000, 2.050000, 5
14.550000, 2.050000, 5
14.700000, 2.050000, 5
14.850000, 2.050000, 5
-15.000000, 2.100000, 11
-14.850000, 2.100000, 11
-14.700000, 2.100000, 11
-14.550000, 2.100000, 11
-14.400000, 2.100000, 11
-14.250000, 2.100000, 11
-14.100000, 2.100000, 11
-13.950000, 2.100000, 11
-13.800000, 2.100000, 11
-13.650000, 2.100000, 11
-13.500000, 2.100000, 11
-13.350000, 2.100000, 11
-13.200000, 2.100000, 11
-13.050000, 2.100000, 11
-12.900000, 2.100000, 11
-12.750000, 2.100000, 11
-12.600000, 2.100000, 11
-12.450000, 2.100000, 11
-12.300000, 2.100000, 11
-12.150000, 2.100000, 11
-12.000000, 2.100000, 11
-11.850000, 2.100000, 11
-11.700000, 2.100000, 11
-11.550000, 2.100000, 11
-11.400000, 2.100000, 11
-11.250000, 2.100000, 11
-11.100000, 2.100000, 11
-10.950000, 2.100000, 11
-10.800000, 2.100000, 11
-10.650000, 2.100000, 11
-10.500000, 2.100000, 11
-10.350000, 2.100000, 11
-10.200000, 2.100000, 11
-10.050000, 2.100000, 11
-9.900000, 2.100000, 11
-9.750000, 2.100000, 11
-9.600000, 2.100000, 11
-9.450000, 2.100000, 11
-9.300000, 2.100000, 0
-9.150000, 2.100000, 0
-9.000000, 2.100000, 0
-8.850000, 2.100000, 0
-8.700000, 2.100000, 2
-8.550000, 2.100000, 0
-8.400000, 2.100000, 0
-8.250000, 2.100000, 0
-8.100000, 2.100000, 0
-7.950000, 2.100000, 0
-7.800000, 2.100000, 0
-7.650000, 2.100000, 0
-7.500000, 2.100000, 0
-7.350000, 2.100000, 0
-7.200000, 2.100000, 0
-7.050000, 2.100000, 0
-6.900000, 2.100000, 0
-6.750000, 2.100000, 0
-6.600000, 2.100000, 0
-6.450000, 2.100000, 0
-6.300000, 2.100000, 0
-6.150000, 2.100000, 0
-6.000000, 2.100000, 0
-5.850000, 2.100000, 0
-5.700000, 2.100000, 0
-5.550000, 2.100000, 0
-5.400000, 2.100000, 0
-5.250000, 2.100000, 0
-5.100000, 2.100000, 0
-4.950000, 2.100000, 0
-4.800000, 2.100000, 2
-4.650000, 2.100000, 2
-4.500000, 2.100000, 2
-4.350000, 2.100000, 2
-4.200000, 2.100000, 2
-4.050000, 2.100000, 2
-3.900000, 2.100000, 2
-3.750000, 2.100000, 2
-3.600000, 2.100000, 2
-3.450000, 2.100000, 2
-3.300000, 2.100000, 2
-3.150000, 2.100000, 2
-3.000000, 2.100000, 6
-2.850000, 2.100000, 8
-2.700000, 2.100000, 5
-2.550000, 2.100000, 4
-2.400000, 2.100000, 4
-2.250000, 2.100000, 9
-2.100000, 2.100000, 9
-1.950000, 2.100000, 9
-1.800000, 2.100000, 9
-1.650000, 2.100000, 9
-1.500000, 2.100000, 9
-1.350000, 2.100000, 9
-1.200000, 2.100000, 9
-1.050000, 2.100000, 9
-0.900000, 2.100000, 9
-0.750000, 2.100000, 3
-0.600000, 2.100000, 4
-0.450000, 2.100000, 4
-0.300000, 2.100000, 4
-0.150000, 2.100000, 10
-0.000000, 2.100000, 10
0.150000, 2.100000, 10
0.300000, 2.100000, 10
0.450000, 2.100000, 10
0.600000, 2.100000, 10
0.750000, 2.100000, 4
0.900000, 2.100000, 4
1.050000, 2.100000, 4
1.200000, 2.100000, 4
1.350000, 2.100000, 4
1.500000, 2.100000, 4
1.650000, 2.100000, 4
1.800000, 2.100000, 4
1.950000, 2.100000, 2
2.100000, 2.100000, 10
2.250000, 2.100000, 6
2.400000, 2.100000, 6
2.550000, 2.100000, 6
2.700000, 2.100000, 6
2.850000, 2.100000, 6
3.000000, 2.100000, 6
3.150000, 2.100000, 6
3.300000, 2.100000, 6
3.450000, 2.100000, 6
3.600000, 2.100000, 6
3.750000, 2.100000, 6
3.900000, 2.100000, 6
4.050000, 2.100000, 6
4.200000, 2.100000, 6
4.350000, 2.100000, 6
4.500000, 2.100000, 6
4.650000, 2.100000, 6
4.800000, 2.100000, 6
4.950000, 2.100000, 6
5.100000, 2.100000, 6
5.250000, 2.100000, 6
5.400000, 2.100000, 6
5.550000, 2.100000, 4
5.700000, 2.100000, 4
5.850000, 2.100000, 5
6.000000, 2.100000, 10
6.150000, 2.100000, 4
6.300000, 2.100000, 4
6.450000, 2.100000, 10
6.600000, 2.100000, 4
6.750000, 2.100000, 4
6.900000, 2.100000, 4
7.050000, 2.100000, 10
7.200000, 2.100000, 9
7.350000, 2.100000, 6
7.500000, 2.100000, 5
7.650000, 2.100000, 5
7.800000, 2.100000, 11
7.950000, 2.100000, 0
8.100000, 2.100000, 7
8.250000, 2.100000, 3
8.400000, 2.100000, 8
8.550000, 2.100000, 2
8.700000, 2.100000, 10
8.850000, 2.100000, 8
9.000000, 2.100000, 1
9.150000, 2.100000, 3
9.300000, 2.100000, 1
9.450000, 2.100000, 4
9.600000, 2.100000, 6
9.750000, 2.100000, 5
9.900000, 2.100000, 1
10.050000, 2.100000, 11
10.200000, 2.100000, 3
10.350000, 2.100000, 11
10.500000, 2.100000, 5
10.650000, 2.100000, 5
10.800000, 2.100000, 5
10.950000, 2.100000, 5
11.100000, 2.100000, 5
11.250000, 2.100000, 5
11.400000, 2.100000, 5
11.550000, 2.100000, 5
11.700000, 2.100000, 5
11.850000, 2.100000, 5
12.000000, 2.100000, 5
12.150000, 2.100000, 5
12.300000, 2.100000, 5
12.450000, 2.100000, 5
12.600000, 2.100000, 5
12.750000, 2.100000, 5
12.900000, 2.100000, 5
13.050000, 2.100000, 5
13.200000, 2.100000, 5
13.350000, 2.100000, 5
13.500000, 2.100000, 5
13.650000, 2.100000, 5
13.800000, 2.100000, 5
13.950000, 2.100000, 5
14.100000, 2.100000, 5
14.250000, 2.100000, 5
14.400000, 2.100000, 5
14.550000, 2.100000, 5
14.700000, 2.100000, 5
14.850000, 2.100000, 5
-15.000000, 2.150000, 11
-14.850000, 2.150000, 11
-14.700000, 2.150000, 11
-14.550000, 2.150000, 11
-14.400000, 2.150000, 11
-14.250000, 2.150000, 11
-14.100000, 2.150000, 11
-13.950000, 2.150000, 11
-13.800000, 2.150000, 11
-13.650000, 2.150000, 11
-13.500000, 2.150000, 11
-13.350000, 2.150000, 11
-13.200000, 2.150000, 11
-13.050000, 2.150000, 11
-12.900000, 2.150000, 11
-12.750000, 2.150000, 11
-12.600000, 2.150000, 11
-12.450000, 2.150000, 11
-12.300000, 2.150000, 11
-12.150000, 2.150000, 11
-12.000000, 2.150000, 11
-11.850000, 2.150000, 11
-11.700000, 2.150000, 11
-11.550000, 2.150000, 11
-11.400000, 2.150000, 11
-11.250000, 2.150000, 11
-11.100000, 2.150000, 11
-10.950000, 2.150000, 11
-10.800000, 2.150000, 11
-10.650000, 2.150000, 11
-10.500000, 2.150000, 11
-10.350000, 2.150000, 11
-10.200000, 2.150000, 11
-10.050000, 2.150000, 11
-9.900000, 2.150000, 11
-9.750000, 2.150000, 11
-9.600000, 2.150000, 2
-9.450000, 2.150000, 2
-9.300000, 2.150000, 2
-9.150000, 2.150000, 0
-9.000000, 2.150000, 0
-8.850000, 2.150000, 0
-8.700000, 2.150000, 2
-8.550000, 2.150000, 0
-8.400000, 2.150000, 0
-8.250000, 2.150000, 0
-8.100000, 2.150000, 0
-7.950000, 2.150000, 0
-7.800000, 2.150000, 0
-7.650000, 2.150000, 0
-7.500000, 2.150000, 0
-7.350000, 2.150000, 0
-7.200000, 2.150000, 0
-7.050000, 2.150000, 0
-6.900000, 2.150000, 0
-6.750000, 2.150000, 0
-6.600000, 2.150000, 0
-6.450000, 2.150000, 0
-6.300000, 2.150000, 0
-6.150000, 2.150000, 0
-6.000000, 2.150000, 0
-5.850000, 2.150000, 0
-5.700000, 2.150000, 0
-5.550000, 2.150000, 0
-5.400000, 2.150000, 0
-5.250000, 2.150000, 0
-5.100000, 2.150000, 0
-4.950000, 2.150000, 0
-4.800000, 2.150000, 2
-4.650000, 2.150000, 2
-4.500000, 2.150000, 2
-4.350000, 2.150000, 2
-4.200000, 2.150000, 2
-4.050000, 2.150000, 2
-3.900000, 2.150000, 2
-3.750000, 2.150000, 2
-3.600000, 2.150000, 2
-3.450000, 2.150000, 2
-3.300000, 2.150000, 2
-3.150000, 2.150000, 2
-3.000000, 2.150000, 1
-2.850000, 2.150000, 5
-2.700000, 2.150000, 3
-2.550000, 2.150000, 10
-2.400000, 2.150000, 10
-2.250000, 2.150000, 9
-2.100000, 2.150000, 9
-1.950000, 2.150000, 9
-1.800000, 2.150000, 9
-1.650000, 2.150000, 9
-1.500000, 2.150000, 9
-1.350000, 2.150000, 9
-1.200000, 2.150000, 9
-1.050000, 2.150000, 9
-0.900000, 2.150000, 9
-0.750000, 2.150000, 2
-0.600000, 2.150000, 4
-0.450000, 2.150000, 4
-0.300000, 2.150000, 4
-0.150000, 2.150000, 10
-0.000000, 2.150000, 10
0.150000, 2.150000, 10
0.300000, 2.150000, 10
0.450000, 2.150000, 10
0.600000, 2.150000, 10
0.750000, 2.150000, 4
0.900000, 2.150000, 4
1.050000, 2.150000, 4
1.200000, 2.150000, 4
1.350000, 2.150000, 4
1.500000, 2.150000, 4
1.650000, 2.150000, 4
1.800000, 2.150000, 4
1.950000, 2.150000, 5
2.100000, 2.150000, 4
2.250000, 2.150000, 6
2.400000, 2.150000, 6
2.550000, 2.150000, 6
2.700000, 2.150000, 6
2.850000, 2.150000, 6
3.000000, 2.150000, 6
3.150000, 2.150000, 6
3.300000, 2.150000, 6
3.450000, 2.150000, 6
3.600000, 2.150000, 6
3.750000, 2.150000, 6
3.900000, 2.150000, 6
4.050000, 2.150000, 6
4.200000, 2.150000, 6
4.350000, 2.150000, 6
4.500000, 2.150000, 6
4.650000, 2.150000, 6
4.800000, 2.150000, 6
4.950000, 2.150000, 6
5.100000, 2.150000, 6
5.250000, 2.150000, 6
5.400000, 2.150000, 6
5.550000, 2.150000, 6
5.700000, 2.150000, 9
5.850000, 2.150000, 3
6.000000, 2.150000, 4
6.150000, 2.150000, 4
6.300000, 2.150000, 4
6.450000, 2.150000, 4
6.600000, 2.150000, 4
6.750000, 2.150000, 4
6.900000, 2.150000, 4
7.050000, 2.150000, 10
7.200000, 2.150000, 6
7.350000, 2.150000, 4
7.500000, 2.150000, 10
7.650000, 2.150000, 5
7.800000, 2.150000, 9
7.950000, 2.150000, 0
8.100000, 2.150000, 7
8.250000, 2.150000, 3
8.400000, 2.150000, 8
8.550000, 2.150000, 0
8.700000, 2.150000, 9
8.850000, 2.150000, 3
9.000000, 2.150000, 0
9.150000, 2.150000, 3
9.300000, 2.150000, 1
9.450000, 2.150000, 4
9.600000, 2.150000, 4
9.750000, 2.150000, 1
9.900000, 2.150000, 1
10.050000, 2.150000, 1
10.200000, 2.150000, 8
10.350000, 2.150000, 10
10.500000, 2.150000, 5
10.650000, 2.150000, 5
10.800000, 2.150000, 5
10.950000, 2.150000, 5
11.100000, 2.150000, 5
11.250000, 2.150000, 5
11.400000, 2.150000, 5
11.550000, 2.150000, 5
11.700000, 2.150000, 5
11.850000, 2.150000, 5
12.000000, 2.150000, 5
12.150000, 2.150000, 5
12.300000, 2.150000, 5
12.450000, 2.150000, 5
12.600000, 2.150000, 5
12.750000, 2.150000, 5
12.900000, 2.150000, 5
13.050000, 2.150000, 5
13.200000, 2.150000, 5
13.350000, 2.150000, 5
13.500000, 2.150000, 5
13.650000, 2.150000, 5
13.800000, 2.150000, 5
13.950000, 2.150000, 5
14.100000, 2.150000, 5
14.250000, 2.150000, 5
14.400000, 2.150000, 5
14.550000, 2.150000, 5
14.700000, 2.150000, 5
14.850000, 2.150000, 5
-15.000000, 2.200000, 11
-14.850000, 2.200000, 11
-14.700000, 2.200000, 11
-14.550000, 2.200000, 11
-14.400000, 2.200000, 11
-14.250000, 2.200000, 11
-14.100000, 2.200000, 11
-13.950000, 2.200000, 11
-13.800000, 2.200000, 11
-13.650000, 2.200000, 11
-13.500000, 2.200000, 11
-13.350000, 2.200000, 11
-13.200000, 2.200000, 11
-13.050000, 2.200000, 11
-12.900000, 2.200000, 11
-12.750000, 2.200000, 11
-12.600000, 2.200000, 11
-12.450000, 2.200000, 11
-12.300000, 2.200000, 11
-12.150000, 2.200000, 11
-12.000000, 2.200000, 11
-11.850000, 2.200000, 11
-11.700000, 2.200000, 11
-11.550000, 2.200000, 11
-11.400000, 2.200000, 11
-11.250000, 2.200000, 11
-11.100000, 2.200000, 11
-10.950000, 2.200000, 11
-10.800000, 2.200000, 11
-10.650000, 2.200000, 11
-10.500000, 2.200000, 11
-10.350000, 2.200000, 11
-10.200000, 2.200000, 11
-10.050000, 2.200000, 11
-9.900000, 2.200000, 2
-9.750000, 2.200000, 9
-9.600000, 2.200000, 0
-9.450000, 2.200000, 0
-9.300000, 2.200000, 9
-9.150000, 2.200000, 0
-9.000000, 2.200000, 0
-8.850000, 2.200000, 0
-8.700000, 2.200000, 0
-8.550000, 2.200000, 0
-8.400000, 2.200000, 0
-8.250000, 2.200000, 0
-8.100000, 2.200000, 0
-7.950000, 2.200000, 0
-7.800000, 2.200000, 0
-7.650000, 2.200000, 0
-7.500000, 2.200000, 0
-7.350000, 2.200000, 0
-7.200000, 2.200000, 0
-7.050000, 2.200000, 0
-6.900000, 2.200000, 0
-6.750000, 2.200000, 0
-6.600000, 2.200000, 0
-6.450000, 2.200000, 0
-6.300000, 2.200000, 0
-6.150000, 2.200000, 0
-6.000000, 2.200000, 0
-5.850000, 2.200000, 0
-5.700000, 2.200000, 0
-5.550000, 2.200000, 0
-5.400000, 2.200000, 0
-5.250000, 2.200000, 0
-5.100000, 2.200000, 0
-4.950000, 2.200000, 0
-4.800000, 2.200000, 2
-4.650000, 2.200000, 2
-4.500000, 2.200000, 2
-4.350000, 2.200000, 2
-4.200000, 2.200000, 2
-4.050000, 2.200000, 2
-3.900000, 2.200000, 2
-3.750000, 2.200000, 2
-3.600000, 2.200000, 2
-3.450000, 2.200000, 2
-3.300000, 2.200000, 2
-3.150000, 2.200000, 2
-3.000000, 2.200000, 10
-2.850000, 2.200000, 3
-2.700000, 2.200000, 4
-2.550000, 2.200000, 4
-2.400000, 2.200000, 6
-2.250000, 2.200000, 9
-2.100000, 2.200000, 9
-1.950000, 2.200000, 9
-1.800000, 2.200000, 9
-1.650000, 2.200000, 9
-1.500000, 2.200000, 9
-1.350000, 2.200000, 9
-1.200000, 2.200000, 9
-1.050000, 2.200000, 9
-0.900000, 2.200000, 4
-0.750000, 2.200000, 4
-0.600000, 2.200000, 4
-0.450000, 2.200000, 4
-0.300000, 2.200000, 10
-0.150000, 2.200000, 10
-0.000000, 2.200000, 10
0.150000, 2.200000, 10
0.300000, 2.200000, 10
0.450000, 2.200000, 10
0.600000, 2.200000, 10
0.750000, 2.200000, 4
0.900000, 2.200000, 4
1.050000, 2.200000, 4
1.200000, 2.200000, 4
1.350000, 2.200000, 4
1.500000, 2.200000, 4
1.650000, 2.200000, 4
1.800000, 2.200000, 4
1.950000, 2.200000, 4
2.100000, 2.200000, 4
2.250000, 2.200000, 6
2.400000, 2.200000, 6
2.550000, 2.200000, 6
2.700000, 2.200000, 6
2.850000, 2.200000, 6
3.000000, 2.200000, 6
3.150000, 2.200000, 6
3.300000, 2.200000, 6
3.450000, 2.200000, 6
3.600000, 2.200000, 6
3.750000, 2.200000, 6
3.900000, 2.200000, 6
4.050000, 2.200000, 6
4.200000, 2.200000, 6
4.350000, 2.200000, 6
4.500000, 2.200000, 6
4.650000, 2.200000, 6
4.800000, 2.200000, 6
4.950000, 2.200000, 6
5.100000, 2.200000, 6
5.250000, 2.200000, 6
5.400000, 2.200000, 6
5.550000, 2.200000, 6
5.700000, 2.200000, 6
5.850000, 2.200000, 4
6.000000, 2.200000, 4
6.150000, 2.200000, 4
6.300000, 2.200000, 4
6.450000, 2.200000, 4
6.600000, 2.200000, 10
6.750000, 2.200000, 4
6.900000, 2.200000, 4
7.050000, 2.200000, 10
7.200000, 2.200000, 4
7.350000, 2.200000, 6
7.500000, 2.200000, 4
7.650000, 2.200000, 6
7.800000, 2.200000, 10
7.950000, 2.200000, 2
8.100000, 2.200000, 2
8.250000, 2.200000, 8
8.400000, 2.200000, 8
8.550000, 2.200000, 0
8.700000, 2.200000, 11
8.850000, 2.200000, 8
9.000000, 2.200000, 8
9.150000, 2.200000, 8
9.300000, 2.200000, 10
9.450000, 2.200000, 4
9.600000, 2.200000, 4
9.750000, 2.200000, 8
9.900000, 2.200000, 1
10.050000, 2.200000, 3
10.200000, 2.200000, 11
10.350000, 2.200000, 4
10.500000, 2.200000, 6
10.650000, 2.200000, 5
10.800000, 2.200000, 5
10.950000, 2.200000, 5
11.100000, 2.200000, 5
11.250000, 2.200000, 5
11.400000, 2.200000, 5
11.550000, 2.200000, 5
11.700000, 2.200000, 5
11.850000, 2.200000, 5
12.000000, 2.200000, 5
12.150000, 2.200000, 5
12.300000, 2.200000, 5
12.450000, 2.200000, 5
12.600000, 2.200000, 5
12.750000, 2.200000, 5
12.900000, 2.200000, 5
13.050000, 2.200000, 5
13.200000, 2.200000, 5
13.350000, 2.200000, 5
13.500000, 2.200000, 5
13.650000, 2.200000, 5
13.800000, 2.200000, 5
13.950000, 2.200000, 5
14.100000, 2.200000, 5
14.250000, 2.200000, 5
14.400000, 2.200000, 5
14.550000, 2.200000, 5
14.700000, 2.200000, 5
14.850000, 2.200000, 5
-15.000000, 2.250000, 11
-14.850000, 2.250000, 11
-14.700000, 2.250000, 11
-14.550000, 2.250000, 11
-14.400000, 2.250000, 11
-14.250000, 2.250000, 11
-14.100000, 2.250000, 11
-13.950000, 2.250000, 11
-13.800000, 2.250000, 11
-13.650000, 2.250000, 11
-13.500000, 2.250000, 11
-13.350000, 2.250000, 11
-13.200000, 2.250000, 11
-13.050000, 2.250000, 11
-12.900000, 2.250000, 11
-12.750000, 2.250000, 11
-12.600000, 2.250000, 11
-12.450000, 2.250000, 11
-12.300000, 2.250000, 11
-12.150000, 2.250000, 11
-12.000000, 2.250000, 11
-11.850000, 2.250000, 11
-11.700000, 2.250000, 11
-11.550000, 2.250000, 11
-11.400000, 2.250000, 11
-11.250000, 2.250000, 11
-11.100000, 2.250000, 11
-10.950000, 2.250000, 11
-10.800000, 2.250000, 11
-10.650000, 2.250000, 11
-10.500000, 2.250000, 11
-10.350000, 2.250000, 11
-10.200000, 2.250000, 11
-10.050000, 2.250000, 0
-9.900000, 2.250000, 0
-9.750000, 2.250000, 0
-9.600000, 2.250000, 0
-9.450000, 2.250000, 2
-9.300000, 2.250000, 4
-9.150000, 2.250000, 0
-9.000000, 2.250000, 0
-8.850000, 2.250000, 0
-8.700000, 2.250000, 0
-8.550000, 2.250000, 0
-8.400000, 2.250000, 0
-8.250000, 2.250000, 0
-8.100000, 2.250000, 0
-7.950000, 2.250000, 0
-7.800000, 2.250000, 0
-7.650000, 2.250000, 0
-7.500000, 2.250000, 0
-7.350000, 2.250000, 0
-7.200000, 2.250000, 0
-7.050000, 2.250000, 0
-6.900000, 2.250000, 0
-6.750000, 2.250000, 0
-6.600000, 2.250000, 0
-6.450000, 2.250000, 0
-6.300000, 2.250000, 0
-6.150000, 2.250000, 0
-6.000000, 2.250000, 0
-5.850000, 2.250000, 0
-5.700000, 2.250000, 0
-5.550000, 2.250000, 0
-5.400000, 2.250000, 0
-5.250000, 2.250000, 0
-5.100000, 2.250000, 2
-4.950000, 2.250000, 1
-4.800000, 2.250000, 2
-4.650000, 2.250000, 2
-4.500000, 2.250000, 2
-4.350000, 2.250000, 2
-4.200000, 2.250000, 2
-4.050000, 2.250000, 2
-3.900000, 2.250000, 2
-3.750000, 2.250000, 2
-3.600000, 2.250000, 2
-3.450000, 2.250000, 2
-3.300000, 2.250000, 2
-3.150000, 2.250000, 2
-3.000000, 2.250000, 4
-2.850000, 2.250000, 1
-2.700000, 2.250000, 4
-2.550000, 2.250000, 4
-2.400000, 2.250000, 3
-2.250000, 2.250000, 9
-2.100000, 2.250000, 9
-1.950000, 2.250000, 9
-1.800000, 2.250000, 9
-1.650000, 2.250000, 9
-1.500000, 2.250000, 9
-1.350000, 2.250000, 9
-1.200000, 2.250000, 9
-1.050000, 2.250000, 9
-0.900000, 2.250000, 9
-0.750000, 2.250000, 6
-0.600000, 2.250000, 4
-0.450000, 2.250000, 4
-0.300000, 2.250000, 10
-0.150000, 2.250000, 10
-0.000000, 2.250000, 10
0.150000, 2.250000, 10
0.300000, 2.250000, 10
0.450000, 2.250000, 10
0.600000, 2.250000, 10
0.750000, 2.250000, 4
0.900000, 2.250000, 4
1.050000, 2.250000, 4
1.200000, 2.250000, 4
1.350000, 2.250000, 4
1.500000, 2.250000, 4
1.650000, 2.250000, 4
1.800000, 2.250000, 4
1.950000, 2.250000, 4
2.100000, 2.250000, 4
2.250000, 2.250000, 4
2.400000, 2.250000, 6
2.550000, 2.250000, 6
2.700000, 2.250000, 6
2.850000, 2.250000, 6
3.000000, 2.250000, 6
3.150000, 2.250000, 6
3.300000, 2.250000, 6
3.450000, 2.250000, 6
3.600000, 2.250000, 6
3.750000, 2.250000, 6
3.900000, 2.250000, 6
4.050000, 2.250000, 6
4.200000, 2.250000, 6
4.350000, 2.250000, 6
4.500000, 2.250000, 6
4.650000, 2.250000, 6
4.800000, 2.250000, 6
4.950000, 2.250000, 6
5.100000, 2.250000, 6
5.250000, 2.250000, 6
5.400000, 2.250000, 6
5.550000, 2.250000, 6
5.700000, 2.250000, 6
5.850000, 2.250000, 4
6.000000, 2.250000, 6
6.150000, 2.250000, 4
6.300000, 2.250000, 4
6.450000, 2.250000, 4
6.600000, 2.250000, 10
6.750000, 2.250000, 4
6.900000, 2.250000, 4
7.050000, 2.250000, 10
7.200000, 2.250000, 4
7.350000, 2.250000, 4
7.500000, 2.250000, 5
7.650000, 2.250000, 6
7.800000, 2.250000, 10
7.950000, 2.250000, 9
8.100000, 2.250000, 2
8.250000, 2.250000, 11
8.400000, 2.250000, 1
8.550000, 2.250000, 11
8.700000, 2.250000, 0
8.850000, 2.250000, 8
9.000000, 2.250000, 3
9.150000, 2.250000, 3
9.300000, 2.250000, 5
9.450000, 2.250000, 9
9.600000, 2.250000, 4
9.750000, 2.250000, 3
9.900000, 2.250000, 1
10.050000, 2.250000, 8
10.200000, 2.250000, 10
10.350000, 2.250000, 6
10.500000, 2.250000, 6
10.650000, 2.250000, 5
10.800000, 2.250000, 5
10.950000, 2.250000, 3
11.100000, 2.250000, 6
11.250000, 2.250000, 5
11.400000, 2.250000, 5
11.550000, 2.250000, 5
11.700000, 2.250000, 5
11.850000, 2.250000, 5
12.000000, 2.250000, 5
12.150000, 2.250000, 5
12.300000, 2.250000, 5
12.450000, 2.250000, 5
12.600000, 2.250000, 5
12.750000, 2.250000, 5
12.900000, 2.250000, 5
13.050000, 2.250000, 5
13.200000, 2.250000, 5
13.350000, 2.250000, 5
13.500000, 2.250000, 5
13.650000, 2.250000, 5
13.800000, 2.250000, 5
13.950000, 2.250000, 5
14.100000, 2.250000, 5
14.250000, 2.250000, 5
14.400000, 2.250000, 5
14.550000, 2.250000, 5
14.700000, 2.250000, 5
14.850000, 2.250000, 5
-15.000000, 2.300000, 11
-14.850000, 2.300000, 11
-14.700000, 2.300000, 11
-14.550000, 2.300000, 11
-14.400000, 2.300000, 11
-14.250000, 2.300000, 11
-14.100000, 2.300000, 11
-13.950000, 2.300000, 11
-13.800000, 2.300000, 11
-13.650000, 2.300000, 11
-13.500000, 2.300000, 11
-13.350000, 2.300000, 11
-13.200000, 2.300000, 11
-13.050000, 2.300000, 11
-12.900000, 2.300000, 11
-12.750000, 2.300000, 11
-12.600000, 2.300000, 11
-12.450000, 2.300000, 11
-12.300000, 2.300000, 11
-12.150000, 2.300000, 11
-12.000000, 2.300000, 11
-11.850000, 2.300000, 11
-11.700000, 2.300000, 11
-11.550000, 2.300000, 11
-11.400000, 2.300000, 11
-11.250000, 2.300000, 11
-11.100000, 2.300000, 11
-10.950000, 2.300000, 11
-10.800000, 2.300000, 11
-10.650000, 2.300000, 11
-10.500000, 2.300000, 11
-10.350000, 2.300000, 11
-10.200000, 2.300000, 11
-10.050000, 2.300000, 0
-9.900000, 2.300000, 0
-9.750000, 2.300000, 0
-9.600000, 2.300000, 0
-9.450000, 2.300000, 2
-9.300000, 2.300000, 0
-9.150000, 2.300000, 0
-9.000000, 2.300000, 0
-8.850000, 2.300000, 0
-8.700000, 2.300000, 0
-8.550000, 2.300000, 0
-8.400000, 2.300000, 0
-8.250000, 2.300000, 0
-8.100000, 2.300000, 0
-7.950000, 2.300000, 0
-7.800000, 2.300000, 0
-7.650000, 2.300000, 0
-7.500000, 2.300000, 0
-7.350000, 2.300000, 0
-7.200000, 2.300000, 0
-7.050000, 2.300000, 0
-6.900000, 2.300000, 0
-6.750000, 2.300000, 0
-6.600000, 2.300000, 0
-6.450000, 2.300000, 0
-6.300000, 2.300000, 0
-6.150000, 2.300000, 0
-6.000000, 2.300000, 0
-5.850000, 2.300000, 0
-5.700000, 2.300000, 0
-5.550000, 2.300000, 0
-5.400000, 2.300000, 0
-5.250000, 2.300000, 0
-5.100000, 2.300000, 2
-4.950000, 2.300000, 2
-4.800000, 2.300000, 2
-4.650000, 2.300000, 2
-4.500000, 2.300000, 2
-4.350000, 2.300000, 2
-4.200000, 2.300000, 2
-4.050000, 2.300000, 2
-3.900000, 2.300000, 2
-3.750000, 2.300000, 2
-3.600000, 2.300000, 2
-3.450000, 2.300000, 2
-3.300000, 2.300000, 2
-3.150000, 2.300000, 2
-3.000000, 2.300000, 4
-2.850000, 2.300000, 4
-2.700000, 2.300000, 10
-2.550000, 2.300000, 4
-2.400000, 2.300000, 9
-2.250000, 2.300000, 9
-2.100000, 2.300000, 9
-1.950000, 2.300000, 9
-1.800000, 2.300000, 9
-1.650000, 2.300000, 9
-1.500000, 2.300000, 9
-1.350000, 2.300000, 9
-1.200000, 2.300000, 9
-1.050000, 2.300000, 9
-0.900000, 2.300000, 2
-0.750000, 2.300000, 6
-0.600000, 2.300000, 4
-0.450000, 2.300000, 4
-0.300000, 2.300000, 10
-0.150000, 2.300000, 10
-0.000000, 2.300000, 10
0.150000, 2.300000, 10
0.300000, 2.300000, 10
0.450000, 2.300000, 10
0.600000, 2.300000, 10
0.750000, 2.300000, 4
0.900000, 2.300000, 4
1.050000, 2.300000, 4
1.200000, 2.300000, 4
1.350000, 2.300000, 4
1.500000, 2.300000, 4
1.650000, 2.300000, 4
1.800000, 2.300000, 4
1.950000, 2.300000, 4
2.100000, 2.300000, 2
2.250000, 2.300000, 4
2.400000, 2.300000, 6
2.550000, 2.300000, 6
2.700000, 2.300000, 6
2.850000, 2.300000, 6
3.000000, 2.300000, 6
3.150000, 2.300000, 6
3.300000, 2.300000, 6
3.450000, 2.300000, 6
3.600000, 2.300000, 6
3.750000, 2.300000, 6
3.900000, 2.300000, 6
4.050000, 2.300000, 6
4.200000, 2.300000, 6
4.350000, 2.300000, 6
4.500000, 2.300000, 6
4.650000, 2.300000, 6
4.800000, 2.300000, 6
4.950000, 2.300000, 6
5.100000, 2.300000, 6
5.250000, 2.300000, 6
5.400000, 2.300000, 6
5.550000, 2.300000, 6
5.700000, 2.300000, 6
5.850000, 2.300000, 6
6.000000, 2.300000, 6
6.150000, 2.300000, 4
6.300000, 2.300000, 10
6.450000, 2.300000, 2
6.600000, 2.300000, 10
6.750000, 2.300000, 4
6.900000, 2.300000, 4
7.050000, 2.300000, 4
7.200000, 2.300000, 4
7.350000, 2.300000, 4
7.500000, 2.300000, 4
7.650000, 2.300000, 4
7.800000, 2.300000, 10
7.950000, 2.300000, 9
8.100000, 2.300000, 1
8.250000, 2.300000, 5
8.400000, 2.300000, 5
8.550000, 2.300000, 11
8.700000, 2.300000, 0
8.850000, 2.300000, 7
9.000000, 2.300000, 3
9.150000, 2.300000, 8
9.300000, 2.300000, 7
9.450000, 2.300000, 9
9.600000, 2.300000, 5
9.750000, 2.300000, 3
9.900000, 2.300000, 1
10.050000, 2.300000, 3
10.200000, 2.300000, 5
10.350000, 2.300000, 4
10.500000, 2.300000, 6
10.650000, 2.300000, 5
10.800000, 2.300000, 1
10.950000, 2.300000, 3
11.100000, 2.300000, 4
11.250000, 2.300000, 3
11.400000, 2.300000, 5
11.550000, 2.300000, 5
11.700000, 2.300000, 5
11.850000, 2.300000, 5
12.000000, 2.300000, 5
12.150000, 2.300000, 5
12.300000, 2.300000, 5
12.450000, 2.300000, 5
12.600000, 2.300000, 5
12.750000, 2.300000, 5
12.900000, 2.300000, 5
13.050000, 2.300000, 5
13.200000, 2.300000, 5
13.350000, 2.300000, 5
13.500000, 2.300000, 5
13.650000, 2.300000, 5
13.800000, 2.300000, 5
13.950000, 2.300000, 5
14.100000, 2.300000, 5
14.250000, 2.300000, 5
14.400000, 2.300000, 5
14.550000, 2.300000, 5
14.700000, 2.300000, 5
14.850000, 2.300000, 5
-15.000000, 2.350000, 11
-14.850000, 2.350000, 11
-14.700000, 2.350000, 11
-14.550000, 2.350000, 11
-14.400000, 2.350000, 11
-14.250000, 2.350000, 11
-14.100000, 2.350000, 11
-13.950000, 2.350000, 11
-13.800000, 2.350000, 11
-13.650000, 2.350000, 11
-13.500000, 2.350000, 11
-13.350000, 2.350000, 11
-13.200000, 2.350000, 11
-13.050000, 2.350000, 11
-12.900000, 2.350000, 11
-12.750000, 2.350000, 11
-12.600000, 2.350000, 11
-12.450000, 2.350000, 11
-12.300000, 2.350000, 11
-12.150000, 2.350000, 11
-12.000000, 2.350000, 11
-11.850000, 2.350000, 11
-11.700000, 2.350000, 11
-11.550000, 2.350000, 11
-11.400000, 2.350000, 11
-11.250000, 2.350000, 11
-11.100000, 2.350000, 11
-10.950000, 2.350000, 11
-10.800000, 2.350000, 11
-10.650000, 2.350000, 0
-10.500000, 2.350000, 0
-10.350000, 2.350000, 0
-10.200000, 2.350000, 11
-10.050000, 2.350000, 2
-9.900000, 2.350000, 0
-9.750000, 2.350000, 0
-9.600000, 2.350000, 0
-9.450000, 2.350000, 9
-9.300000, 2.350000, 0
-9.150000, 2.350000, 0
-9.000000, 2.350000, 0
-8.850000, 2.350000, 0
-8.700000, 2.350000, 0
-8.550000, 2.350000, 0
-8.400000, 2.350000, 0
-8.250000, 2.350000, 0
-8.100000, 2.350000, 0
-7.950000, 2.350000, 0
-7.800000, 2.350000, 0
-7.650000, 2.350000, 0
-7.500000, 2.350000, 0
-7.350000, 2.350000, 0
-7.200000, 2.350000, 0
-7.050000, 2.350000, 0
-6.900000, 2.350000, 0
-6.750000, 2.350000, 0
-6.600000, 2.350000, 0
-6.450000, 2.350000, 0
-6.300000, 2.350000, 0
-6.150000, 2.350000, 0
-6.000000, 2.350000, 0
-5.850000, 2.350000, 0
-5.700000, 2.350000, 0
-5.550000, 2.350000, 0
-5.400000, 2.350000, 0
-5.250000, 2.350000, 2
-5.100000, 2.350000, 2
-4.950000, 2.350000, 2
-4.800000, 2.350000, 2
-4.650000, 2.350000, 2
-4.500000, 2.350000, 2
-4.350000, 2.350000, 2
-4.200000, 2.350000, 2
-4.050000, 2.350000, 2
-3.900000, 2.350000, 2
-3.750000, 2.350000, 2
-3.600000, 2.350000, 2
-3.450000, 2.350000, 2
-3.300000, 2.350000, 2
-3.150000, 2.350000, 7
-3.000000, 2.350000, 7
-2.850000, 2.350000, 5
-2.700000, 2.350000, 4
-2.550000, 2.350000, 4
-2.400000, 2.350000, 9
-2.250000, 2.350000, 9
-2.100000, 2.350000, 9
-1.950000, 2.350000, 9
-1.800000, 2.350000, 9
-1.650000, 2.350000, 9
-1.500000, 2.350000, 9
-1.350000, 2.350000, 9
-1.200000, 2.350000, 9
-1.050000, 2.350000, 9
-0.900000, 2.350000, 3
-0.750000, 2.350000, 10
-0.600000, 2.350000, 4
-0.450000, 2.350000, 4
-0.300000, 2.350000, 10
-0.150000, 2.350000, 10
-0.000000, 2.350000, 10
0.150000, 2.350000, 10
0.300000, 2.350000, 10
0.450000, 2.350000, 10
0.600000, 2.350000, 10
0.750000, 2.350000, 4
0.900000, 2.350000, 4
1.050000, 2.350000, 4
1.200000, 2.350000, 4
1.350000, 2.350000, 4
1.500000, 2.350000, 4
1.650000, 2.350000, 4
1.800000, 2.350000, 4
1.950000, 2.350000, 4
2.100000, 2.350000, 4
2.250000, 2.350000, 6
2.400000, 2.350000, 6
2.550000, 2.350000, 6
2.700000, 2.350000, 6
2.850000, 2.350000, 6
3.000000, 2.350000, 6
3.150000, 2.350000, 6
3.300000, 2.350000, 6
3.450000, 2.350000, 6
3.600000, 2.350000, 6
3.750000, 2.350000, 6
3.900000, 2.350000, 6
4.050000, 2.350000, 6
4.200000, 2.350000, 6
4.350000, 2.350000, 6
4.500000, 2.350000, 6
4.650000, 2.350000, 6
4.800000, 2.350000, 6
4.950000, 2.350000, 6
5.100000, 2.350000, 6
5.250000, 2.350000, 6
5.400000, 2.350000, 6
5.550000, 2.350000, 6
5.700000, 2.350000, 6
5.850000, 2.350000, 6
6.000000, 2.350000, 6
6.150000, 2.350000, 4
6.300000, 2.350000, 4
6.450000, 2.350000, 1
6.600000, 2.350000, 4
6.750000, 2.350000, 4
6.900000, 2.350000, 4
7.050000, 2.350000, 4
7.200000, 2.350000, 4
7.350000, 2.350000, 4
7.500000, 2.350000, 4
7.650000, 2.350000, 4
7.800000, 2.350000, 10
7.950000, 2.350000, 9
8.100000, 2.350000, 1
8.250000, 2.350000, 4
8.400000, 2.350000, 5
8.550000, 2.350000, 9
8.700000, 2.350000, 0
8.850000, 2.350000, 3
9.000000, 2.350000, 3
9.150000, 2.350000, 8
9.300000, 2.350000, 7
9.450000, 2.350000, 0
9.600000, 2.350000, 1
9.750000, 2.350000, 3
9.900000, 2.350000, 1
10.050000, 2.350000, 3
10.200000, 2.350000, 5
10.350000, 2.350000, 10
10.500000, 2.350000, 10
10.650000, 2.350000, 1
10.800000, 2.350000, 1
10.950000, 2.350000, 3
11.100000, 2.350000, 9
11.250000, 2.350000, 4
11.400000, 2.350000, 6
11.550000, 2.350000, 5
11.700000, 2.350000, 5
11.850000, 2.350000, 5
12.000000, 2.350000, 5
12.150000, 2.350000, 5
12.300000, 2.350000, 5
12.450000, 2.350000, 5
12.600000, 2.350000, 5
12.750000, 2.350000, 5
12.900000, 2.350000, 5
13.050000, 2.350000, 5
13.200000, 2.350000, 5
13.350000, 2.350000, 5
13.500000, 2.350000, 5
13.650000, 2.350000, 5
13.800000, 2.350000, 5
13.950000, 2.350000, 5
14.100000, 2.350000, 5
14.250000, 2.350000, 5
14.400000, 2.350000, 5
14.550000, 2.350000, 5
14.700000, 2.350000, 5
14.850000, 2.350000, 5
-15.000000, 2.400000, 11
-14.850000, 2.400000, 11
-14.700000, 2.400000, 11
-14.550000, 2.400000, 11
-14.400000, 2.400000, 11
-14.250000, 2.400000, 11
-14.100000, 2.400000, 11
-13.950000, 2.400000, 11
-13.800000, 2.400000, 11
-13.650000, 2.400000, 11
-13.500000, 2.400000, 11
-13.350000, 2.400000, 11
-13.200000, 2.400000, 11
-13.050000, 2.400000, 11
-12.900000, 2.400000, 11
-12.750000, 2.400000, 11
-12.600000, 2.400000, 11
-12.450000, 2.400000, 11
-12.300000, 2.400000, 11
-12.150000, 2.400000, 11
-12.000000, 2.400000, 11
-11.850000, 2.400000, 11
-11.700000, 2.400000, 11
-11.550000, 2.400000, 11
-11.400000, 2.400000, 11
-11.250000, 2.400000, 11
-11.100000, 2.400000, 11
-10.950000, 2.400000, 11
-10.800000, 2.400000, 0
-10.650000, 2.400000, 0
-10.500000, 2.400000, 0
-10.350000, 2.400000, 0
-10.200000, 2.400000, 0
-10.050000, 2.400000, 10
-9.900000, 2.400000, 0
-9.750000, 2.400000, 0
-9.600000, 2.400000, 0
-9.450000, 2.400000, 0
-9.300000, 2.400000, 0
-9.150000, 2.400000, 0
-9.000000, 2.400000, 0
-8.850000, 2.400000, 0
-8.700000, 2.400000, 0
-8.550000, 2.400000, 0
-8.400000, 2.400000, 0
-8.250000, 2.400000, 0
-8.100000, 2.400000, 0
-7.950000, 2.400000, 0
-7.800000, 2.400000, 0
-7.650000, 2.400000, 0
-7.500000, 2.400000, 0
-7.350000, 2.400000, 0
-7.200000, 2.400000, 0
-7.050000, 2.400000, 0
-6.900000, 2.400000, 0
-6.750000, 2.400000, 0
-6.600000, 2.400000, 0
-6.450000, 2.400000, 0
-6.300000, 2.400000, 0
-6.150000, 2.400000, 0
-6.000000, 2.400000, 0
-5.850000, 2.400000, 0
-5.700000, 2.400000, 0
-5.550000, 2.400000, 0
-5.400000, 2.400000, 0
-5.250000, 2.400000, 2
-5.100000, 2.400000, 2
-4.950000, 2.400000, 2
-4.800000, 2.400000, 2
-4.650000, 2.400000, 2
-4.500000, 2.400000, 2
-4.350000, 2.400000, 2
-4.200000, 2.400000, 2
-4.050000, 2.400000, 2
-3.900000, 2.400000, 2
-3.750000, 2.400000, 2
-3.600000, 2.400000, 2
-3.450000, 2.400000, 2
-3.300000, 2.400000, 4
-3.150000, 2.400000, 5
-3.000000, 2.400000, 1
-2.850000, 2.400000, 6
-2.700000, 2.400000, 6
-2.550000, 2.400000, 6
-2.400000, 2.400000, 9
-2.250000, 2.400000, 9
-2.100000, 2.400000, 9
-1.950000, 2.400000, 9
-1.800000, 2.400000, 9
-1.650000, 2.400000, 9
-1.500000, 2.400000, 9
-1.350000, 2.400000, 9
-1.200000, 2.400000, 9
-1.050000, 2.400000, 9
-0.900000, 2.400000, 4
-0.750000, 2.400000, 10
-0.600000, 2.400000, 4
-0.450000, 2.400000, 4
-0.300000, 2.400000, 10
-0.150000, 2.400000, 10
-0.000000, 2.400000, 10
0.150000, 2.400000, 10
0.300000, 2.400000, 10
0.450000, 2.400000, 10
0.600000, 2.400000, 10
0.750000, 2.400000, 4
0.900000, 2.400000, 4
1.050000, 2.400000, 4
1.200000, 2.400000, 4
1.350000, 2.400000, 4
1.500000, 2.400000, 4
1.650000, 2.400000, 4
1.800000, 2.400000, 4
1.950000, 2.400000, 4
2.100000, 2.400000, 4
2.250000, 2.400000, 4
2.400000, 2.400000, 6
2.550000, 2.400000, 6
2.700000, 2.400000, 6
2.850000, 2.400000, 6
3.000000, 2.400000, 6
3.150000, 2.400000, 6
3.300000, 2.400000, 6
3.450000, 2.400000, 6
3.600000, 2.400000, 6
3.750000, 2.400000, 6
3.900000, 2.400000, 6
4.050000, 2.400000, 6
4.200000, 2.400000, 6
4.350000, 2.400000, 6
4.500000, 2.400000, 6
4.650000, 2.400000, 6
4.800000, 2.400000, 6
4.950000, 2.400000, 6
5.100000, 2.400000, 6
5.250000, 2.400000, 6
5.400000, 2.400000, 6
5.550000, 2.400000, 6
5.700000, 2.400000, 6
5.850000, 2.400000, 6
6.000000, 2.400000, 6
6.150000, 2.400000, 6
6.300000, 2.400000, 4
6.450000, 2.400000, 5
6.600000, 2.400000, 4
6.750000, 2.400000, 4
6.900000, 2.400000, 4
7.050000, 2.400000, 4
7.200000, 2.400000, 10
7.350000, 2.400000, 4
7.500000, 2.400000, 4
7.650000, 2.400000, 4
7.800000, 2.400000, 10
7.950000, 2.400000, 1
8.100000, 2.400000, 10
8.250000, 2.400000, 6
8.400000, 2.400000, 6
8.550000, 2.400000, 9
8.700000, 2.400000, 2
8.850000, 2.400000, 2
9.000000, 2.400000, 3
9.150000, 2.400000, 3
9.300000, 2.400000, 7
9.450000, 2.400000, 11
9.600000, 2.400000, 8
9.750000, 2.400000, 3
9.900000, 2.400000, 3
10.050000, 2.400000, 3
10.200000, 2.400000, 11
10.350000, 2.400000, 10
10.500000, 2.400000, 10
10.650000, 2.400000, 8
10.800000, 2.400000, 1
10.950000, 2.400000, 3
11.100000, 2.400000, 11
11.250000, 2.400000, 4
11.400000, 2.400000, 6
11.550000, 2.400000, 5
11.700000, 2.400000, 5
11.850000, 2.400000, 5
12.000000, 2.400000, 5
12.150000, 2.400000, 5
12.300000, 2.400000, 5
12.450000, 2.400000, 5
12.600000, 2.400000, 5
12.750000, 2.400000, 5
12.900000, 2.400000, 5
13.050000, 2.400000, 5
13.200000, 2.400000, 5
13.350000, 2.400000, 5
13.500000, 2.400000, 5
13.650000, 2.400000, 5
13.800000, 2.400000, 5
13.950000, 2.400000, 5
14.100000, 2.400000, 5
14.250000, 2.400000, 5
14.400000, 2.400000, 5
14.550000, 2.400000, 5
14.700000, 2.400000, 5
14.850000, 2.400000, 5
-15.000000, 2.450000, 11
-14.850000, 2.450000, 11
-14.700000, 2.450000, 11
-14.550000, 2.450000, 11
-14.400000, 2.450000, 11
-14.250000, 2.450000, 11
-14.100000, 2.450000, 11
-13.950000, 2.450000, 11
-13.800000, 2.450000, 11
-13.650000, 2.450000, 11
-13.500000, 2.450000, 11
-13.350000, 2.450000, 11
-13.200000, 2.450000, 11
-13.050000, 2.450000, 11
-12.900000, 2.450000, 11
-12.750000, 2.450000, 11
-12.600000, 2.450000, 11
-12.450000, 2.450000, 11
-12.300000, 2.450000, 11
-12.150000, 2.450000, 11
-12.000000, 2.450000, 11
-11.850000, 2.450000, 11
-11.700000, 2.450000, 11
-11.550000, 2.450000, 11
-11.400000, 2.450000, 11
-11.250000, 2.450000, 11
-11.100000, 2.450000, 11
-10.950000, 2.450000, 11
-10.800000, 2.450000, 0
-10.650000, 2.450000, 0
-10.500000, 2.450000, 0
-10.350000, 2.450000, 0
-10.200000, 2.450000, 2
-10.050000, 2.450000, 5
-9.900000, 2.450000, 0
-9.750000, 2.450000, 0
-9.600000, 2.450000, 0
-9.450000, 2.450000, 0
-9.300000, 2.450000, 0
-9.150000, 2.450000, 0
-9.000000, 2.450000, 0
-8.850000, 2.450000, 0
-8.700000, 2.450000, 0
-8.550000, 2.450000, 0
-8.400000, 2.450000, 0
-8.250000, 2.450000, 0
-8.100000, 2.450000, 0
-7.950000, 2.450000, 0
-7.800000, 2.450000, 0
-7.650000, 2.450000, 0
-7.500000, 2.450000, 0
-7.350000, 2.450000, 0
-7.200000, 2.450000, 0
-7.050000, 2.450000, 0
-6.900000, 2.450000, 0
-6.750000, 2.450000, 0
-6.600000, 2.450000, 0
-6.450000, 2.450000, 0
-6.300000, 2.450000, 0
-6.150000, 2.450000, 0
-6.000000, 2.450000, 0
-5.850000, 2.450000, 0
-5.700000, 2.450000, 0
-5.550000, 2.450000, 0
-5.400000, 2.450000, 2
-5.250000, 2.450000, 9
-5.100000, 2.450000, 2
-4.950000, 2.450000, 2
-4.800000, 2.450000, 2
-4.650000, 2.450000, 2
-4.500000, 2.450000, 2
-4.350000, 2.450000, 2
-4.200000, 2.450000, 2
-4.050000, 2.450000, 2
-3.900000, 2.450000, 2
-3.750000, 2.450000, 2
-3.600000, 2.450000, 2
-3.450000, 2.450000, 2
-3.300000, 2.450000, 4
-3.150000, 2.450000, 8
-3.000000, 2.450000, 3
-2.850000, 2.450000, 6
-2.700000, 2.450000, 1
-2.550000, 2.450000, 4
-2.400000, 2.450000, 9
-2.250000, 2.450000, 9
-2.100000, 2.450000, 9
-1.950000, 2.450000, 9
-1.800000, 2.450000, 9
-1.650000, 2.450000, 9
-1.500000, 2.450000, 9
-1.350000, 2.450000, 9
-1.200000, 2.450000, 9
-1.050000, 2.450000, 9
-0.900000, 2.450000, 10
-0.750000, 2.450000, 4
-0.600000, 2.450000, 4
-0.450000, 2.450000, 4
-0.300000, 2.450000, 10
-0.150000, 2.450000, 10
-0.000000, 2.450000, 10
0.150000, 2.450000, 10
0.300000, 2.450000, 10
0.450000, 2.450000, 10
0.600000, 2.450000, 10
0.750000, 2.450000, 10
0.900000, 2.450000, 4
1.050000, 2.450000, 4
1.200000, 2.450000, 4
1.350000, 2.450000, 4
1.500000, 2.450000, 4
1.650000, 2.450000, 4
1.800000, 2.450000, 4
1.950000, 2.450000, 4
2.100000, 2.450000, 4
2.250000, 2.450000, 4
2.400000, 2.450000, 6
2.550000, 2.450000, 6
2.700000, 2.450000, 6
2.850000, 2.450000, 6
3.000000, 2.450000, 6
3.150000, 2.450000, 6
3.300000, 2.450000, 6
3.450000, 2.450000, 6
3.600000, 2.450000, 6
3.750000, 2.450000, 6
3.900000, 2.450000, 6
4.050000, 2.450000, 6
4.200000, 2.450000, 6
4.350000, 2.450000, 6
4.500000, 2.450000, 6
4.650000, 2.450000, 6
4.800000, 2.450000, 6
4.950000, 2.450000, 6
5.100000, 2.450000, 6
5.250000, 2.450000, 6
5.400000, 2.450000, 6
5.550000, 2.450000, 6
5.700000, 2.450000, 6
5.850000, 2.450000, 6
6.000000, 2.450000, 6
6.150000, 2.450000, 6
6.300000, 2.450000, 8
6.450000, 2.450000, 10
6.600000, 2.450000, 6
6.750000, 2.450000, 4
6.900000, 2.450000, 4
7.050000, 2.450000, 5
7.200000, 2.450000, 10
7.350000, 2.450000, 4
7.500000, 2.450000, 4
7.650000, 2.450000, 4
7.800000, 2.450000, 10
7.950000, 2.450000, 4
8.100000, 2.450000, 10
8.250000, 2.450000, 6
8.400000, 2.450000, 4
8.550000, 2.450000, 9
8.700000, 2.450000, 2
8.850000, 2.450000, 2
9.000000, 2.450000, 4
9.150000, 2.450000, 1
9.300000, 2.450000, 11
9.450000, 2.450000, 11
9.600000, 2.450000, 7
9.750000, 2.450000, 3
9.900000, 2.450000, 3
10.050000, 2.450000, 3
10.200000, 2.450000, 2
10.350000, 2.450000, 10
10.500000, 2.450000, 3
10.650000, 2.450000, 3
10.800000, 2.450000, 1
10.950000, 2.450000, 8
11.100000, 2.450000, 8
11.250000, 2.450000, 10
11.400000, 2.450000, 6
11.550000, 2.450000, 5
11.700000, 2.450000, 5
11.850000, 2.450000, 5
12.000000, 2.450000, 5
12.150000, 2.450000, 5
12.300000, 2.450000, 5
12.450000, 2.450000, 5
12.600000, 2.450000, 5
12.750000, 2.450000, 5
12.900000, 2.450000, 5
13.050000, 2.450000, 5
13.200000, 2.450000, 5
13.350000, 2.450000, 5
13.500000, 2.450000, 5
13.650000, 2.450000, 5
13.800000, 2.450000, 5
13.950000, 2.450000, 5
14.100000, 2.450000, 5
14.250000, 2.450000, 5
14.400000, 2.450000, 5
14.550000, 2.450000, 5
14.700000, 2.450000, 5
14.850000, 2.450000, 5
-15.000000, 2.500000, 11
-14.850000, 2.500000, 11
-14.700000, 2.500000, 11
-14.550000, 2.500000, 11
-14.400000, 2.500000, 11
-14.250000, 2.500000, 11
-14.100000, 2.500000, 11
-13.950000, 2.500000, 11
-13.800000, 2.500000, 11
-13.650000, 2.500000, 11
-13.500000, 2.500000, 11
-13.350000, 2.500000, 11
-13.200000, 2.500000, 11
-13.050000, 2.500000, 11
-12.900000, 2.500000, 11
-12.750000, 2.500000, 11
-12.600000, 2.500000, 11
-12.450000, 2.500000, 11
-12.300000, 2.500000, 11
-12.150000, 2.500000, 11
-12.000000, 2.500000, 11
-11.850000, 2.500000, 11
-11.700000, 2.500000, 11
-11.550000, 2.500000, 11
-11.400000, 2.500000, 11
-11.250000, 2.500000, 11
-11.100000, 2.500000, 11
-10.950000, 2.500000, 11
-10.800000, 2.500000, 0
-10.650000, 2.500000, 0
-10.500000, 2.500000, 0
-10.350000, 2.500000, 0
-10.200000, 2.500000, 2
-10.050000, 2.500000, 0
-9.900000, 2.500000, 0
-9.750000, 2.500000, 0
-9.600000, 2.500000, 0
-9.450000, 2.500000, 0
-9.300000, 2.500000, 0
-9.150000, 2.500000, 0
-9.000000, 2.500000, 0
-8.850000, 2.500000, 0
-8.700000, 2.500000, 0
-8.550000, 2.500000, 0
-8.400000, 2.500000, 0
-8.250000, 2.500000, 0
-8.100000, 2.500000, 0
-7.950000, 2.500000, 0
-7.800000, 2.500000, 0
-7.650000, 2.500000, 0
-7.500000, 2.500000, 0
-7.350000, 2.500000, 0
-7.200000, 2.500000, 0
-7.050000, 2.500000, 0
-6.900000, 2.500000, 0
-6.750000, 2.500000, 0
-6.600000, 2.500000, 0
-6.450000, 2.500000, 0
-6.300000, 2.500000, 0
-6.150000, 2.500000, 0
-6.000000, 2.500000, 0
-5.850000, 2.500000, 0
-5.700000, 2.500000, 0
-5.550000, 2.500000, 0
-5.400000, 2.500000, 2
-5.250000, 2.500000, 6
-5.100000, 2.500000, 2
-4.950000, 2.500000, 2
-4.800000, 2.500000, 2
-4.650000, 2.500000, 2
-4.500000, 2.500000, 2
-4.350000, 2.500000, 2
-4.200000, 2.500000, 2
-4.050000, 2.500000, 2
-3.900000, 2.500000, 2
-3.750000, 2.500000, 2
-3.600000, 2.500000, 2
-3.450000, 2.500000, 2
-3.300000, 2.500000, 9
-3.150000, 2.500000, 3
-3.000000, 2.500000, 7
-2.850000, 2.500000, 4
-2.700000, 2.500000, 6
-2.550000, 2.500000, 3
-2.400000, 2.500000, 9
-2.250000, 2.500000, 9
-2.100000, 2.500000, 9
-1.950000, 2.500000, 9
-1.800000, 2.500000, 9
-1.650000, 2.500000, 9
-1.500000, 2.500000, 9
-1.350000, 2.500000, 9
-1.200000, 2.500000, 9
-1.050000, 2.500000, 9
-0.900000, 2.500000, 3
-0.750000, 2.500000, 4
-0.600000, 2.500000, 4
-0.450000, 2.500000, 4
-0.300000, 2.500000, 10
-0.150000, 2.500000, 10
-0.000000, 2.500000, 10
0.150000, 2.500000, 10
0.300000, 2.500000, 10
0.450000, 2.500000, 10
0.600000, 2.500000, 10
0.750000, 2.500000, 10
0.900000, 2.500000, 4
1.050000, 2.500000, 4
1.200000, 2.500000, 4
1.350000, 2.500000, 4
1.500000, 2.500000, 4
1.650000, 2.500000, 4
1.800000, 2.500000, 4
1.950000, 2.500000, 4
2.100000, 2.500000, 4
2.250000, 2.500000, 4
2.400000, 2.500000, 1
2.550000, 2.500000, 6
2.700000, 2.500000, 6
2.850000, 2.500000, 6
3.000000, 2.500000, 6
3.150000, 2.500000, 6
3.300000, 2.500000, 6
3.450000, 2.500000, 6
3.600000, 2.500000, 6
3.750000, 2.500000, 6
3.900000, 2.500000, 6
4.050000, 2.500000, 6
4.200000, 2.500000, 6
4.350000, 2.500000, 6
4.500000, 2.500000, 6
4.650000, 2.500000, 6
4.800000, 2.500000, 6
4.950000, 2.500000, 6
5.100000, 2.500000, 6
5.250000, 2.500000, 6
5.400000, 2.500000, 6
5.550000, 2.500000, 6
5.700000, 2.500000, 6
5.850000, 2.500000, 6
6.000000, 2.500000, 6
6.150000, 2.500000, 6
6.300000, 2.500000, 6
6.450000, 2.500000, 6
6.600000, 2.500000, 6
6.750000, 2.500000, 4
6.900000, 2.500000, 10
7.050000, 2.500000, 2
7.200000, 2.500000, 10
7.350000, 2.500000, 4
7.500000, 2.500000, 4
7.650000, 2.500000, 4
7.800000, 2.500000, 4
7.950000, 2.500000, 4
8.100000, 2.500000, 4
8.250000, 2.500000, 4
8.400000, 2.500000, 10
8.550000, 2.500000, 10
8.700000, 2.500000, 9
8.850000, 2.500000, 1
9.000000, 2.500000, 5
9.150000, 2.500000, 5
9.300000, 2.500000, 11
9.450000, 2.500000, 0
9.600000, 2.500000, 7
9.750000, 2.500000, 3
9.900000, 2.500000, 3
10.050000, 2.500000, 8
10.200000, 2.500000, 2
10.350000, 2.500000, 9
10.500000, 2.500000, 5
10.650000, 2.500000, 3
10.800000, 2.500000, 1
10.950000, 2.500000, 3
11.100000, 2.500000, 5
11.250000, 2.500000, 4
11.400000, 2.500000, 6
11.550000, 2.500000, 5
11.700000, 2.500000, 5
11.850000, 2.500000, 5
12.000000, 2.500000, 5
12.150000, 2.500000, 2
12.300000, 2.500000, 5
12.450000, 2.500000, 5
12.600000, 2.500000, 5
12.750000, 2.500000, 5
12.900000, 2.500000, 5
13.050000, 2.500000, 5
13.200000, 2.500000, 5
13.350000, 2.500000, 5
13.500000, 2.500000, 5
13.650000, 2.500000, 5
13.800000, 2.500000, 5
13.950000, 2.500000, 5
14.100000, 2.500000, 5
14.250000, 2.500000, 5
14.400000, 2.500000, 5
14.550000, 2.500000, 5
14.700000, 2.500000, 5
14.850000, 2.500000, 5
-15.000000, 2.550000, 11
-14.850000, 2.550000, 11
-14.700000, 2.550000, 11
-14.550000, 2.550000, 11
-14.400000, 2.550000, 11
-14.250000, 2.550000, 11
-14.100000, 2.550000, 11
-13.950000, 2.550000, 11
-13.800000, 2.550000, 11
-13.650000, 2.550000, 11
-13.500000, 2.550000, 11
-13.350000, 2.550000, 11
-13.200000, 2.550000, 11
-13.050000, 2.550000, 11
-12.900000, 2.550000, 11
-12.750000, 2.550000, 11
-12.600000, 2.550000, 11
-12.450000, 2.550000, 11
-12.300000, 2.550000, 11
-12.150000, 2.550000, 11
-12.000000, 2.550000, 11
-11.850000, 2.550000, 11
-11.700000, 2.550000, 11
-11.550000, 2.550000, 11
-11.400000, 2.550000, 0
-11.250000, 2.550000, 0
-11.100000, 2.550000, 11
-10.950000, 2.550000, 0
-10.800000, 2.550000, 0
-10.650000, 2.550000, 0
-10.500000, 2.550000, 0
-10.350000, 2.550000, 0
-10.200000, 2.550000, 2
-10.050000, 2.550000, 0
-9.900000, 2.550000, 0
-9.750000, 2.550000, 0
-9.600000, 2.550000, 0
-9.450000, 2.550000, 0
-9.300000, 2.550000, 0
-9.150000, 2.550000, 0
-9.000000, 2.550000, 0
-8.850000, 2.550000, 0
-8.700000, 2.550000, 0
-8.550000, 2.550000, 0
-8.400000, 2.550000, 0
-8.250000, 2.550000, 0
-8.100000, 2.550000, 0
-7.950000, 2.550000, 0
-7.800000, 2.550000, 0
-7.650000, 2.550000, 0
-7.500000, 2.550000, 0
-7.350000, 2.550000, 0
-7.200000, 2.550000, 0
-7.050000, 2.550000, 0
-6.900000, 2.550000, 0
-6.750000, 2.550000, 0
-6.600000, 2.550000, 0
-6.450000, 2.550000, 0
-6.300000, 2.550000, 0
-6.150000, 2.550000, 0
-6.000000, 2.550000, 0
-5.850000, 2.550000, 0
-5.700000, 2.550000, 0
-5.550000, 2.550000, 2
-5.400000, 2.550000, 2
-5.250000, 2.550000, 2
-5.100000, 2.550000, 2
-4.950000, 2.550000, 2
-4.800000, 2.550000, 2
-4.650000, 2.550000, 2
-4.500000, 2.550000, 2
-4.350000, 2.550000, 2
-4.200000, 2.550000, 2
-4.050000, 2.550000, 2
-3.900000, 2.550000, 2
-3.750000, 2.550000, 2
-3.600000, 2.550000, 2
-3.450000, 2.550000, 2
-3.300000, 2.550000, 10
-3.150000, 2.550000, 3
-3.000000, 2.550000, 6
-2.850000, 2.550000, 4
-2.700000, 2.550000, 10
-2.550000, 2.550000, 9
-2.400000, 2.550000, 9
-2.250000, 2.550000, 9
-2.100000, 2.550000, 9
-1.950000, 2.550000, 9
-1.800000, 2.550000, 9
-1.650000, 2.550000, 9
-1.500000, 2.550000, 9
-1.350000, 2.550000, 9
-1.200000, 2.550000, 9
-1.050000, 2.550000, 9
-0.900000, 2.550000, 9
-0.750000, 2.550000, 4
-0.600000, 2.550000, 4
-0.450000, 2.550000, 4
-0.300000, 2.550000, 10
-0.150000, 2.550000, 10
-0.000000, 2.550000, 10
0.150000, 2.550000, 10
0.300000, 2.550000, 10
0.450000, 2.550000, 10
0.600000, 2.550000, 10
0.750000, 2.550000, 10
0.900000, 2.550000, 6
1.050000, 2.550000, 4
1.200000, 2.550000, 4
1.350000, 2.550000, 4
1.500000, 2.550000, 4
1.650000, 2.550000, 4
1.800000, 2.550000, 4
1.950000, 2.550000, 4
2.100000, 2.550000, 4
2.250000, 2.550000, 4
2.400000, 2.550000, 3
2.550000, 2.550000, 9
2.700000, 2.550000, 6
2.850000, 2.550000, 6
3.000000, 2.550000, 6
3.150000, 2.550000, 6
3.300000, 2.550000, 6
3.450000, 2.550000, 6
3.600000, 2.550000, 6
3.750000, 2.550000, 6
3.900000, 2.550000, 6
4.050000, 2.550000, 6
4.200000, 2.550000, 6
4.350000, 2.550000, 6
4.500000, 2.550000, 6
4.650000, 2.550000, 6
4.800000, 2.550000, 6
4.950000, 2.550000, 6
5.100000, 2.550000, 6
5.250000, 2.550000, 6
5.400000, 2.550000, 6
5.550000, 2.550000, 6
5.700000, 2.550000, 6
5.850000, 2.550000, 6
6.000000, 2.550000, 6
6.150000, 2.550000, 6
6.300000, 2.550000, 6
6.450000, 2.550000, 6
6.600000, 2.550000, 6
6.750000, 2.550000, 6
6.900000, 2.550000, 4
7.050000, 2.550000, 8
7.200000, 2.550000, 4
7.350000, 2.550000, 4
7.500000, 2.550000, 4
7.650000, 2.550000, 4
7.800000, 2.550000, 4
7.950000, 2.550000, 4
8.100000, 2.550000, 4
8.250000, 2.550000, 4
8.400000, 2.550000, 10
8.550000, 2.550000, 10
8.700000, 2.550000, 9
8.850000, 2.550000, 1
9.000000, 2.550000, 5
9.150000, 2.550000, 5
9.300000, 2.550000, 9
9.450000, 2.550000, 0
9.600000, 2.550000, 2
9.750000, 2.550000, 1
9.900000, 2.550000, 3
10.050000, 2.550000, 8
10.200000, 2.550000, 0
10.350000, 2.550000, 9
10.500000, 2.550000, 1
10.650000, 2.550000, 3
10.800000, 2.550000, 1
10.950000, 2.550000, 3
11.100000, 2.550000, 5
11.250000, 2.550000, 4
11.400000, 2.550000, 4
11.550000, 2.550000, 5
11.700000, 2.550000, 1
11.850000, 2.550000, 1
12.000000, 2.550000, 1
12.150000, 2.550000, 3
12.300000, 2.550000, 5
12.450000, 2.550000, 5
12.600000, 2.550000, 5
12.750000, 2.550000, 5
12.900000, 2.550000, 5
13.050000, 2.550000, 5
13.200000, 2.550000, 5
13.350000, 2.550000, 5
13.500000, 2.550000, 5
13.650000, 2.550000, 5
13.800000, 2.550000, 5
13.950000, 2.550000, 5
14.100000, 2.550000, 5
14.250000, 2.550000, 5
14.400000, 2.550000, 5
14.550000, 2.550000, 5
14.700000, 2.550000, 5
14.850000, 2.550000, 5
-15.000000, 2.600000, 11
-14.850000, 2.600000, 11
-14.700000, 2.600000, 11
-14.550000, 2.600000, 11
-14.400000, 2.600000, 11
-14.250000, 2.600000, 11
-14.100000, 2.600000, 11
-13.950000, 2.600000, 11
-13.800000, 2.600000, 11
-13.650000, 2.600000, 11
-13.500000, 2.600000, 11
-13.350000, 2.600000, 11
-13.200000, 2.600000, 11
-13.050000, 2.600000, 11
-12.900000, 2.600000, 11
-12.750000, 2.600000, 11
-12.600000, 2.600000, 11
-12.450000, 2.600000, 11
-12.300000, 2.600000, 11
-12.150000, 2.600000, 11
-12.000000, 2.600000, 11
-11.850000, 2.600000, 11
-11.700000, 2.600000, 11
-11.550000, 2.600000, 0
-11.400000, 2.600000, 0
-11.250000, 2.600000, 0
-11.100000, 2.600000, 0
-10.950000, 2.600000, 0
-10.800000, 2.600000, 2
-10.650000, 2.600000, 0
-10.500000, 2.600000, 0
-10.350000, 2.600000, 0
-10.200000, 2.600000, 0
-10.050000, 2.600000, 0
-9.900000, 2.600000, 0
-9.750000, 2.600000, 0
-9.600000, 2.600000, 0
-9.450000, 2.600000, 0
-9.300000, 2.600000, 0
-9.150000, 2.600000, 0
-9.000000, 2.600000, 0
-8.850000, 2.600000, 0
-8.700000, 2.600000, 0
-8.550000, 2.600000, 0
-8.400000, 2.600000, 0
-8.250000, 2.600000, 0
-8.100000, 2.600000, 0
-7.950000, 2.600000, 0
-7.800000, 2.600000, 0
-7.650000, 2.600000, 0
-7.500000, 2.600000, 0
-7.350000, 2.600000, 0
-7.200000, 2.600000, 0
-7.050000, 2.600000, 0
-6.900000, 2.600000, 0
-6.750000, 2.600000, 0
-6.600000, 2.600000, 0
-6.450000, 2.600000, 0
-6.300000, 2.600000, 0
-6.150000, 2.600000, 0
-6.000000, 2.600000, 0
-5.850000, 2.600000, 0
-5.700000, 2.600000, 0
-5.550000, 2.600000, 2
-5.400000, 2.600000, 2
-5.250000, 2.600000, 2
-5.100000, 2.600000, 2
-4.950000, 2.600000, 2
-4.800000, 2.600000, 2
-4.650000, 2.600000, 2
-4.500000, 2.600000, 2
-4.350000, 2.600000, 2
-4.200000, 2.600000, 2
-4.050000, 2.600000, 2
-3.900000, 2.600000, 2
-3.750000, 2.600000, 2
-3.600000, 2.600000, 2
-3.450000, 2.600000, 6
-3.300000, 2.600000, 3
-3.150000, 2.600000, 5
-3.000000, 2.600000, 6
-2.850000, 2.600000, 4
-2.700000, 2.600000, 4
-2.550000, 2.600000, 9
-2.400000, 2.600000, 9
-2.250000, 2.600000, 9
-2.100000, 2.600000, 9
-1.950000, 2.600000, 9
-1.800000, 2.600000, 9
-1.650000, 2.600000, 9
-1.500000, 2.600000, 9
-1.350000, 2.600000, 9
-1.200000, 2.600000, 9
-1.050000, 2.600000, 2
-0.900000, 2.600000, 3
-0.750000, 2.600000, 4
-0.600000, 2.600000, 4
-0.450000, 2.600000, 4
-0.300000, 2.600000, 10
-0.150000, 2.600000, 10
-0.000000, 2.600000, 10
0.150000, 2.600000, 10
0.300000, 2.600000, 10
0.450000, 2.600000, 10
0.600000, 2.600000, 10
0.750000, 2.600000, 10
0.900000, 2.600000, 4
1.050000, 2.600000, 4
1.200000, 2.600000, 4
1.350000, 2.600000, 4
1.500000, 2.600000, 4
1.650000, 2.600000, 4
1.800000, 2.600000, 4
1.950000, 2.600000, 4
2.100000, 2.600000, 4
2.250000, 2.600000, 4
2.400000, 2.600000, 9
2.550000, 2.600000, 4
2.700000, 2.600000, 6
2.850000, 2.600000, 6
3.000000, 2.600000, 6
3.150000, 2.600000, 6
3.300000, 2.600000, 6
3.450000, 2.600000, 6
3.600000, 2.600000, 6
3.750000, 2.600000, 6
3.900000, 2.600000, 6
4.050000, 2.600000, 6
4.200000, 2.600000, 6
4.350000, 2.600000, 6
4.500000, 2.600000, 6
4.650000, 2.600000, 6
4.800000, 2.600000, 6
4.950000, 2.600000, 6
5.100000, 2.600000, 6
5.250000, 2.600000, 6
5.400000, 2.600000, 6
5.550000, 2.600000, 6
5.700000, 2.600000, 6
5.850000, 2.600000, 6
6.000000, 2.600000, 6
6.150000, 2.600000, 6
6.300000, 2.600000, 6
6.450000, 2.600000, 6
6.600000, 2.600000, 6
6.750000, 2.600000, 4
6.900000, 2.600000, 4
7.050000, 2.600000, 5
7.200000, 2.600000, 4
7.350000, 2.600000, 4
7.500000, 2.600000, 4
7.650000, 2.600000, 4
7.800000, 2.600000, 4
7.950000, 2.600000, 4
8.100000, 2.600000, 4
8.250000, 2.600000, 4
8.400000, 2.600000, 10
8.550000, 2.600000, 10
8.700000, 2.600000, 4
8.850000, 2.600000, 10
9.000000, 2.600000, 6
9.150000, 2.600000, 6
9.300000, 2.600000, 10
9.450000, 2.600000, 0
9.600000, 2.600000, 2
9.750000, 2.600000, 5
9.900000, 2.600000, 1
10.050000, 2.600000, 8
10.200000, 2.600000, 0
10.350000, 2.600000, 11
10.500000, 2.600000, 8
10.650000, 2.600000, 3
10.800000, 2.600000, 1
10.950000, 2.600000, 8
11.100000, 2.600000, 6
11.250000, 2.600000, 4
11.400000, 2.600000, 4
11.550000, 2.600000, 11
11.700000, 2.600000, 1
11.850000, 2.600000, 1
12.000000, 2.600000, 1
12.150000, 2.600000, 3
12.300000, 2.600000, 6
12.450000, 2.600000, 6
12.600000, 2.600000, 5
12.750000, 2.600000, 5
12.900000, 2.600000, 5
13.050000, 2.600000, 5
13.200000, 2.600000, 5
13.350000, 2.600000, 5
13.500000, 2.600000, 5
13.650000, 2.600000, 5
13.800000, 2.600000, 5
13.950000, 2.600000, 5
14.100000, 2.600000, 5
14.250000, 2.600000, 5
14.400000, 2.600000, 5
14.550000, 2.600000, 5
14.700000, 2.600000, 5
14.850000, 2.600000, 5
-15.000000, 2.650000, 11
-14.850000, 2.650000, 11
-14.700000, 2.650000, 11
-14.550000, 2.650000, 11
-14.400000, 2.650000, 11
-14.250000, 2.650000, 11
-14.100000, 2.650000, 11
-13.950000, 2.650000, 11
-13.800000, 2.650000, 11
-13.650000, 2.650000, 11
-13.500000, 2.650000, 11
-13.350000, 2.650000, 11
-13.200000, 2.650000, 11
-13.050000, 2.650000, 11
-12.900000, 2.650000, 11
-12.750000, 2.650000, 11
-12.600000, 2.650000, 11
-12.450000, 2.650000, 11
-12.300000, 2.650000, 11
-12.150000, 2.650000, 11
-12.000000, 2.650000, 11
-11.850000, 2.650000, 11
-11.700000, 2.650000, 0
-11.550000, 2.650000, 0
-11.400000, 2.650000, 0
-11.250000, 2.650000, 0
-11.100000, 2.650000, 0
-10.950000, 2.650000, 6
-10.800000, 2.650000, 2
-10.650000, 2.650000, 0
-10.500000, 2.650000, 0
-10.350000, 2.650000, 0
-10.200000, 2.650000, 0
-10.050000, 2.650000, 0
-9.900000, 2.650000, 0
-9.750000, 2.650000, 0
-9.600000, 2.650000, 0
-9.450000, 2.650000, 0
-9.300000, 2.650000, 0
-9.150000, 2.650000, 0
-9.000000, 2.650000, 0
-8.850000, 2.650000, 0
-8.700000, 2.650000, 0
-8.550000, 2.650000, 0
-8.400000, 2.650000, 0
-8.250000, 2.650000, 0
-8.100000, 2.650000, 0
-7.950000, 2.650000, 0
-7.800000, 2.650000, 0
-7.650000, 2.650000, 0
-7.500000, 2.650000, 0
-7.350000, 2.650000, 0
-7.200000, 2.650000, 0
-7.050000, 2.650000, 0
-6.900000, 2.650000, 0
-6.750000, 2.650000, 0
-6.600000, 2.650000, 0
-6.450000, 2.650000, 0
-6.300000, 2.650000, 0
-6.150000, 2.650000, 0
-6.000000, 2.650000, 0
-5.850000, 2.650000, 0
-5.700000, 2.650000, 2
-5.550000, 2.650000, 2
-5.400000, 2.650000, 2
-5.250000, 2.650000, 2
-5.100000, 2.650000, 2
-4.950000, 2.650000, 2
-4.800000, 2.650000, 2
-4.650000, 2.650000, 2
-4.500000, 2.650000, 2
-4.350000, 2.650000, 2
-4.200000, 2.650000, 2
-4.050000, 2.650000, 2
-3.900000, 2.650000, 2
-3.750000, 2.650000, 2
-3.600000, 2.650000, 2
-3.450000, 2.650000, 3
-3.300000, 2.650000, 3
-3.150000, 2.650000, 7
-3.000000, 2.650000, 6
-2.850000, 2.650000, 6
-2.700000, 2.650000, 6
-2.550000, 2.650000, 9
-2.400000, 2.650000, 9
-2.250000, 2.650000, 9
-2.100000, 2.650000, 9
-1.950000, 2.650000, 9
-1.800000, 2.650000, 9
-1.650000, 2.650000, 9
-1.500000, 2.650000, 9
-1.350000, 2.650000, 9
-1.200000, 2.650000, 9
-1.050000, 2.650000, 4
-0.900000, 2.650000, 6
-0.750000, 2.650000, 4
-0.600000, 2.650000, 4
-0.450000, 2.650000, 4
-0.300000, 2.650000, 10
-0.150000, 2.650000, 10
-0.000000, 2.650000, 10
0.150000, 2.650000, 10
0.300000, 2.650000, 10
0.450000, 2.650000, 10
0.600000, 2.650000, 10
0.750000, 2.650000, 10
0.900000, 2.650000, 4
1.050000, 2.650000, 4
1.200000, 2.650000, 4
1.350000, 2.650000, 4
1.500000, 2.650000, 4
1.650000, 2.650000, 4
1.800000, 2.650000, 4
1.950000, 2.650000, 4
2.100000, 2.650000, 4
2.250000, 2.650000, 4
2.400000, 2.650000, 10
2.550000, 2.650000, 10
2.700000, 2.650000, 6
2.850000, 2.650000, 6
3.000000, 2.650000, 6
3.150000, 2.650000, 6
3.300000, 2.650000, 6
3.450000, 2.650000, 6
3.600000, 2.650000, 6
3.750000, 2.650000, 6
3.900000, 2.650000, 6
4.050000, 2.650000, 6
4.200000, 2.650000, 6
4.350000, 2.650000, 6
4.500000, 2.650000, 6
4.650000, 2.650000, 6
4.800000, 2.650000, 6
4.950000, 2.650000, 6
5.100000, 2.650000, 6
5.250000, 2.650000, 6
5.400000, 2.650000, 6
5.550000, 2.650000, 6
5.700000, 2.650000, 6
5.850000, 2.650000, 6
6.000000, 2.650000, 6
6.150000, 2.650000, 6
6.300000, 2.650000, 6
6.450000, 2.650000, 6
6.600000, 2.650000, 6
6.750000, 2.650000, 6
6.900000, 2.650000, 10
7.050000, 2.650000, 3
7.200000, 2.650000, 4
7.350000, 2.650000, 4
7.500000, 2.650000, 4
7.650000, 2.650000, 10
7.800000, 2.650000, 4
7.950000, 2.650000, 10
8.100000, 2.650000, 4
8.250000, 2.650000, 4
8.400000, 2.650000, 10
8.550000, 2.650000, 4
8.700000, 2.650000, 4
8.850000, 2.650000, 10
9.000000, 2.650000, 6
9.150000, 2.650000, 6
9.300000, 2.650000, 10
9.450000, 2.650000, 9
9.600000, 2.650000, 2
9.750000, 2.650000, 4
9.900000, 2.650000, 1
10.050000, 2.650000, 8
10.200000, 2.650000, 11
10.350000, 2.650000, 11
10.500000, 2.650000, 8
10.650000, 2.650000, 3
10.800000, 2.650000, 3
10.950000, 2.650000, 8
11.100000, 2.650000, 2
11.250000, 2.650000, 9
11.400000, 2.650000, 4
11.550000, 2.650000, 7
11.700000, 2.650000, 1
11.850000, 2.650000, 1
12.000000, 2.650000, 1
12.150000, 2.650000, 4
12.300000, 2.650000, 6
12.450000, 2.650000, 6
12.600000, 2.650000, 5
12.750000, 2.650000, 5
12.900000, 2.650000, 5
13.050000, 2.650000, 5
13.200000, 2.650000, 5
13.350000, 2.650000, 5
13.500000, 2.650000, 5
13.650000, 2.650000, 5
13.800000, 2.650000, 5
13.950000, 2.650000, 5
14.100000, 2.650000, 5
14.250000, 2.650000, 5
14.400000, 2.650000, 5
14.550000, 2.650000, 5
14.700000, 2.650000, 5
14.850000, 2.650000, 5
-15.000000, 2.700000, 11
-14.850000, 2.700000, 11
-14.700000, 2.700000, 11
-14.550000, 2.700000, 11
-14.400000, 2.700000, 11
-14.250000, 2.700000, 11
-14.100000, 2.700000, 11
-13.950000, 2.700000, 11
-13.800000, 2.700000, 11
-13.650000, 2.700000, 11
-13.500000, 2.700000, 11
-13.350000, 2.700000, 11
-13.200000, 2.700000, 11
-13.050000, 2.700000, 11
-12.900000, 2.700000, 11
-12.750000, 2.700000, 11
-12.600000, 2.700000, 11
-12.450000, 2.700000, 11
-12.300000, 2.700000, 11
-12.150000, 2.700000, 11
-12.000000, 2.700000, 11
-11.850000, 2.700000, 11
-11.700000, 2.700000, 0
-11.550000, 2.700000, 0
-11.400000, 2.700000, 0
-11.250000, 2.700000, 0
-11.100000, 2.700000, 2
-10.950000, 2.700000, 7
-10.800000, 2.700000, 0
-10.650000, 2.700000, 0
-10.500000, 2.700000, 0
-10.350000, 2.700000, 0
-10.200000, 2.700000, 0
-10.050000, 2.700000, 0
-9.900000, 2.700000, 0
-9.750000, 2.700000, 0
-9.600000, 2.700000, 0
-9.450000, 2.700000, 0
-9.300000, 2.700000, 0
-9.150000, 2.700000, 0
-9.000000, 2.700000, 0
-8.850000, 2.700000, 0
-8.700000, 2.700000, 0
-8.550000, 2.700000, 0
-8.400000, 2.700000, 0
-8.250000, 2.700000, 0
-8.100000, 2.700000, 0
-7.950000, 2.700000, 0
-7.800000, 2.700000, 0
-7.650000, 2.700000, 0
-7.500000, 2.700000, 0
-7.350000, 2.700000, 0
-7.200000, 2.700000, 0
-7.050000, 2.700000, 0
-6.900000, 2.700000, 0
-6.750000, 2.700000, 0
-6.600000, 2.700000, 0
-6.450000, 2.700000, 0
-6.300000, 2.700000, 0
-6.150000, 2.700000, 0
-6.000000, 2.700000, 0
-5.850000, 2.700000, 0
-5.700000, 2.700000, 0
-5.550000, 2.700000, 2
-5.400000, 2.700000, 2
-5.250000, 2.700000, 2
-5.100000, 2.700000, 2
-4.950000, 2.700000, 2
-4.800000, 2.700000, 2
-4.650000, 2.700000, 2
-4.500000, 2.700000, 2
-4.350000, 2.700000, 2
-4.200000, 2.700000, 2
-4.050000, 2.700000, 2
-3.900000, 2.700000, 2
-3.750000, 2.700000, 2
-3.600000, 2.700000, 5
-3.450000, 2.700000, 5
-3.300000, 2.700000, 3
-3.150000, 2.700000, 4
-3.000000, 2.700000, 4
-2.850000, 2.700000, 11
-2.700000, 2.700000, 10
-2.550000, 2.700000, 9
-2.400000, 2.700000, 9
-2.250000, 2.700000, 9
-2.100000, 2.700000, 9
-1.950000, 2.700000, 9
-1.800000, 2.700000, 9
-1.650000, 2.700000, 9
-1.500000, 2.700000, 9
-1.350000, 2.700000, 9
-1.200000, 2.700000, 9
-1.050000, 2.700000, 4
-0.900000, 2.700000, 6
-0.750000, 2.700000, 4
-0.600000, 2.700000, 4
-0.450000, 2.700000, 4
-0.300000, 2.700000, 10
-0.150000, 2.700000, 10
-0.000000, 2.700000, 10
0.150000, 2.700000, 10
0.300000, 2.700000, 10
0.450000, 2.700000, 10
0.600000, 2.700000, 10
0.750000, 2.700000, 10
0.900000, 2.700000, 4
1.050000, 2.700000, 4
1.200000, 2.700000, 4
1.350000, 2.700000, 4
1.500000, 2.700000, 4
1.650000, 2.700000, 4
1.800000, 2.700000, 4
1.950000, 2.700000, 4
2.100000, 2.700000, 4
2.250000, 2.700000, 4
2.400000, 2.700000, 10
2.550000, 2.700000, 4
2.700000, 2.700000, 4
2.850000, 2.700000, 6
3.000000, 2.700000, 6
3.150000, 2.700000, 6
3.300000, 2.700000, 6
3.450000, 2.700000, 6
3.600000, 2.700000, 6
3.750000, 2.700000, 6
3.900000, 2.700000, 6
4.050000, 2.700000, 6
4.200000, 2.700000, 6
4.350000, 2.700000, 6
4.500000, 2.700000, 6
4.650000, 2.700000, 6
4.800000, 2.700000, 6
4.950000, 2.700000, 6
5.100000, 2.700000, 6
5.250000, 2.700000, 6
5.400000, 2.700000, 6
5.550000, 2.700000, 6
5.700000, 2.700000, 6
5.850000, 2.700000, 6
6.000000, 2.700000, 6
6.150000, 2.700000, 6
6.300000, 2.700000, 6
6.450000, 2.700000, 6
6.600000, 2.700000, 6
6.750000, 2.700000, 6
6.900000, 2.700000, 6
7.050000, 2.700000, 6
7.200000, 2.700000, 6
7.350000, 2.700000, 4
7.500000, 2.700000, 4
7.650000, 2.700000, 3
7.800000, 2.700000, 10
7.950000, 2.700000, 10
8.100000, 2.700000, 4
8.250000, 2.700000, 4
8.400000, 2.700000, 10
8.550000, 2.700000, 6
8.700000, 2.700000, 4
8.850000, 2.700000, 4
9.000000, 2.700000, 6
9.150000, 2.700000, 4
9.300000, 2.700000, 10
9.450000, 2.700000, 9
9.600000, 2.700000, 2
9.750000, 2.700000, 5
9.900000, 2.700000, 5
10.050000, 2.700000, 1
10.200000, 2.700000, 11
10.350000, 2.700000, 0
10.500000, 2.700000, 7
10.650000, 2.700000, 3
10.800000, 2.700000, 3
10.950000, 2.700000, 8
11.100000, 2.700000, 7
11.250000, 2.700000, 9
11.400000, 2.700000, 6
11.550000, 2.700000, 3
11.700000, 2.700000, 1
11.850000, 2.700000, 1
12.000000, 2.700000, 3
12.150000, 2.700000, 4
12.300000, 2.700000, 4
12.450000, 2.700000, 6
12.600000, 2.700000, 5
12.750000, 2.700000, 5
12.900000, 2.700000, 5
13.050000, 2.700000, 5
13.200000, 2.700000, 5
13.350000, 2.700000, 5
13.500000, 2.700000, 5
13.650000, 2.700000, 5
13.800000, 2.700000, 5
13.950000, 2.700000, 5
14.100000, 2.700000, 5
14.250000, 2.700000, 5
14.400000, 2.700000, 5
14.550000, 2.700000, 5
14.700000, 2.700000, 5
14.850000, 2.700000, 5
-15.000000, 2.750000, 11
-14.850000, 2.750000, 11
-14.700000, 2.750000, 11
-14.550000, 2.750000, 11
-14.400000, 2.750000, 11
-14.250000, 2.750000, 11
-14.100000, 2.750000, 11
-13.950000, 2.750000, 11
-13.800000, 2.750000, 11
-13.650000, 2.750000, 11
-13.500000, 2.750000, 11
-13.350000, 2.750000, 11
-13.200000, 2.750000, 11
-13.050000, 2.750000, 11
-12.900000, 2.750000, 11
-12.750000, 2.750000, 11
-12.600000, 2.750000, 11
-12.450000, 2.750000, 11
-12.300000, 2.750000, 11
-12.150000, 2.750000, 11
-12.000000, 2.750000, 11
-11.850000, 2.750000, 0
-11.700000, 2.750000, 0
-11.550000, 2.750000, 0
-11.400000, 2.750000, 0
-11.250000, 2.750000, 0
-11.100000, 2.750000, 2
-10.950000, 2.750000, 2
-10.800000, 2.750000, 0
-10.650000, 2.750000, 0
-10.500000, 2.750000, 0
-10.350000, 2.750000, 0
-10.200000, 2.750000, 0
-10.050000, 2.750000, 0
-9.900000, 2.750000, 0
-9.750000, 2.750000, 0
-9.600000, 2.750000, 0
-9.450000, 2.750000, 0
-9.300000, 2.750000, 0
-9.150000, 2.750000, 0
-9.000000, 2.750000, 0
-8.850000, 2.750000, 0
-8.700000, 2.750000, 0
-8.550000, 2.750000, 0
-8.400000, 2.750000, 0
-8.250000, 2.750000, 0
-8.100000, 2.750000, 0
-7.950000, 2.750000, 0
-7.800000, 2.750000, 0
-7.650000, 2.750000, 0
-7.500000, 2.750000, 0
-7.350000, 2.750000, 0
-7.200000, 2.750000, 0
-7.050000, 2.750000, 0
-6.900000, 2.750000, 0
-6.750000, 2.750000, 0
-6.600000, 2.750000, 0
-6.450000, 2.750000, 0
-6.300000, 2.750000, 0
-6.150000, 2.750000, 0
-6.000000, 2.750000, 0
-5.850000, 2.750000, 2
-5.700000, 2.750000, 3
-5.550000, 2.750000, 2
-5.400000, 2.750000, 2
-5.250000, 2.750000, 2
-5.100000, 2.750000, 2
-4.950000, 2.750000, 2
-4.800000, 2.750000, 2
-4.650000, 2.750000, 2
-4.500000, 2.750000, 2
-4.350000, 2.750000, 2
-4.200000, 2.750000, 2
-4.050000, 2.750000, 2
-3.900000, 2.750000, 2
-3.750000, 2.750000, 2
-3.600000, 2.750000, 5
-3.450000, 2.750000, 4
-3.300000, 2.750000, 3
-3.150000, 2.750000, 4
-3.000000, 2.750000, 4
-2.850000, 2.750000, 2
-2.700000, 2.750000, 9
-2.550000, 2.750000, 9
-2.400000, 2.750000, 9
-2.250000, 2.750000, 9
-2.100000, 2.750000, 9
-1.950000, 2.750000, 9
-1.800000, 2.750000, 9
-1.650000, 2.750000, 9
-1.500000, 2.750000, 9
-1.350000, 2.750000, 9
-1.200000, 2.750000, 9
-1.050000, 2.750000, 5
-0.900000, 2.750000, 6
-0.750000, 2.750000, 4
-0.600000, 2.750000, 4
-0.450000, 2.750000, 4
-0.300000, 2.750000, 10
-0.150000, 2.750000, 10
-0.000000, 2.750000, 10
0.150000, 2.750000, 10
0.300000, 2.750000, 10
0.450000, 2.750000, 10
0.600000, 2.750000, 10
0.750000, 2.750000, 10
0.900000, 2.750000, 4
1.050000, 2.750000, 4
1.200000, 2.750000, 4
1.350000, 2.750000, 4
1.500000, 2.750000, 4
1.650000, 2.750000, 4
1.800000, 2.750000, 4
1.950000, 2.750000, 4
2.100000, 2.750000, 4
2.250000, 2.750000, 4
2.400000, 2.750000, 4
2.550000, 2.750000, 1
2.700000, 2.750000, 7
2.850000, 2.750000, 6
3.000000, 2.750000, 6
3.150000, 2.750000, 6
3.300000, 2.750000, 6
3.450000, 2.750000, 6
3.600000, 2.750000, 6
3.750000, 2.750000, 6
3.900000, 2.750000, 6
4.050000, 2.750000, 6
4.200000, 2.750000, 6
4.350000, 2.750000, 6
4.500000, 2.750000, 6
4.650000, 2.750000, 6
4.800000, 2.750000, 6
4.950000, 2.750000, 6
5.100000, 2.750000, 6
5.250000, 2.750000, 6
5.400000, 2.750000, 6
5.550000, 2.750000, 6
5.700000, 2.750000, 6
5.850000, 2.750000, 6
6.000000, 2.750000, 6
6.150000, 2.750000, 6
6.300000, 2.750000, 6
6.450000, 2.750000, 6
6.600000, 2.750000, 6
6.750000, 2.750000, 6
6.900000, 2.750000, 6
7.050000, 2.750000, 6
7.200000, 2.750000, 6
7.350000, 2.750000, 4
7.500000, 2.750000, 4
7.650000, 2.750000, 3
7.800000, 2.750000, 10
7.950000, 2.750000, 4
8.100000, 2.750000, 4
8.250000, 2.750000, 4
8.400000, 2.750000, 4
8.550000, 2.750000, 4
8.700000, 2.750000, 4
8.850000, 2.750000, 4
9.000000, 2.750000, 4
9.150000, 2.750000, 4
9.300000, 2.750000, 10
9.450000, 2.750000, 9
9.600000, 2.750000, 8
9.750000, 2.750000, 1
9.900000, 2.750000, 5
10.050000, 2.750000, 5
10.200000, 2.750000, 11
10.350000, 2.750000, 0
10.500000, 2.750000, 7
10.650000, 2.750000, 1
10.800000, 2.750000, 3
10.950000, 2.750000, 8
11.100000, 2.750000, 7
11.250000, 2.750000, 9
11.400000, 2.750000, 5
11.550000, 2.750000, 3
11.700000, 2.750000, 8
11.850000, 2.750000, 1
12.000000, 2.750000, 3
12.150000, 2.750000, 4
12.300000, 2.750000, 4
12.450000, 2.750000, 6
12.600000, 2.750000, 5
12.750000, 2.750000, 5
12.900000, 2.750000, 5
13.050000, 2.750000, 5
13.200000, 2.750000, 5
13.350000, 2.750000, 5
13.500000, 2.750000, 5
13.650000, 2.750000, 5
13.800000, 2.750000, 5
13.950000, 2.750000, 5
14.100000, 2.750000, 5
14.250000, 2.750000, 5
14.400000, 2.750000, 5
14.550000, 2.750000, 5
14.700000, 2.750000, 5
14.850000, 2.750000, 5
-15.000000, 2.800000, 11
-14.850000, 2.800000, 11
-14.700000, 2.800000, 11
-14.550000, 2.800000, 11
-14.400000, 2.800000, 11
-14.250000, 2.800000, 11
-14.100000, 2.800000, 11
-13.950000, 2.800000, 11
-13.800000, 2.800000, 11
-13.650000, 2.800000, 11
-13.500000, 2.800000, 11
-13.350000, 2.800000, 11
-13.200000, 2.800000, 11
-13.050000, 2.800000, 11
-12.900000, 2.800000, 11
-12.750000, 2.800000, 11
-12.600000, 2.800000, 11
-12.450000, 2.800000, 11
-12.300000, 2.800000, 0
-12.150000, 2.800000, 0
-12.000000, 2.800000, 0
-11.850000, 2.800000, 0
-11.700000, 2.800000, 0
-11.550000, 2.800000, 0
-11.400000, 2.800000, 0
-11.250000, 2.800000, 0
-11.100000, 2.800000, 0
-10.950000, 2.800000, 0
-10.800000, 2.800000, 0
-10.650000, 2.800000, 0
-10.500000, 2.800000, 0
-10.350000, 2.800000, 0
-10.200000, 2.800000, 0
-10.050000, 2.800000, 0
-9.900000, 2.800000, 0
-9.750000, 2.800000, 0
-9.600000, 2.800000, 0
-9.450000, 2.800000, 0
-9.300000, 2.800000, 0
-9.150000, 2.800000, 0
-9.000000, 2.800000, 0
-8.850000, 2.800000, 0
-8.700000, 2.800000, 0
-8.550000, 2.800000, 0
-8.400000, 2.800000, 0
-8.250000, 2.800000, 0
-8.100000, 2.800000, 0
-7.950000, 2.800000, 0
-7.800000, 2.800000, 0
-7.650000, 2.800000, 0
-7.500000, 2.800000, 0
-7.350000, 2.800000, 0
-7.200000, 2.800000, 0
-7.050000, 2.800000, 0
-6.900000, 2.800000, 0
-6.750000, 2.800000, 0
-6.600000, 2.800000, 0
-6.450000, 2.800000, 0
-6.300000, 2.800000, 0
-6.150000, 2.800000, 0
-6.000000, 2.800000, 2
-5.850000, 2.800000, 2
-5.700000, 2.800000, 3
-5.550000, 2.800000, 2
-5.400000, 2.800000, 2
-5.250000, 2.800000, 2
-5.100000, 2.800000, 2
-4.950000, 2.800000, 2
-4.800000, 2.800000, 2
-4.650000, 2.800000, 2
-4.500000, 2.800000, 2
-4.350000, 2.800000, 2
-4.200000, 2.800000, 2
-4.050000, 2.800000, 2
-3.900000, 2.800000, 2
-3.750000, 2.800000, 2
-3.600000, 2.800000, 2
-3.450000, 2.800000, 4
-3.300000, 2.800000, 1
-3.150000, 2.800000, 4
-3.000000, 2.800000, 4
-2.850000, 2.800000, 2
-2.700000, 2.800000, 9
-2.550000, 2.800000, 9
-2.400000, 2.800000, 9
-2.250000, 2.800000, 9
-2.100000, 2.800000, 9
-1.950000, 2.800000, 9
-1.800000, 2.800000, 9
-1.650000, 2.800000, 9
-1.500000, 2.800000, 9
-1.350000, 2.800000, 9
-1.200000, 2.800000, 9
-1.050000, 2.800000, 2
-0.900000, 2.800000, 4
-0.750000, 2.800000, 4
-0.600000, 2.800000, 4
-0.450000, 2.800000, 4
-0.300000, 2.800000, 10
-0.150000, 2.800000, 10
-0.000000, 2.800000, 10
0.150000, 2.800000, 10
0.300000, 2.800000, 10
0.450000, 2.800000, 10
0.600000, 2.800000, 10
0.750000, 2.800000, 10
0.900000, 2.800000, 10
1.050000, 2.800000, 4
1.200000, 2.800000, 4
1.350000, 2.800000, 4
1.500000, 2.800000, 4
1.650000, 2.800000, 4
1.800000, 2.800000, 4
1.950000, 2.800000, 4
2.100000, 2.800000, 4
2.250000, 2.800000, 4
2.400000, 2.800000, 4
2.550000, 2.800000, 3
2.700000, 2.800000, 6
2.850000, 2.800000, 4
3.000000, 2.800000, 6
3.150000, 2.800000, 6
3.300000, 2.800000, 6
3.450000, 2.800000, 6
3.600000, 2.800000, 6
3.750000, 2.800000, 6
3.900000, 2.800000, 6
4.050000, 2.800000, 6
4.200000, 2.800000, 6
4.350000, 2.800000, 6
4.500000, 2.800000, 6
4.650000, 2.800000, 6
4.800000, 2.800000, 6
4.950000, 2.800000, 6
5.100000, 2.800000, 6
5.250000, 2.800000, 6
5.400000, 2.800000, 6
5.550000, 2.800000, 6
5.700000, 2.800000, 6
5.850000, 2.800000, 6
6.000000, 2.800000, 6
6.150000, 2.800000, 6
6.300000, 2.800000, 6
6.450000, 2.800000, 6
6.600000, 2.800000, 6
6.750000, 2.800000, 6
6.900000, 2.800000, 6
7.050000, 2.800000, 6
7.200000, 2.800000, 6
7.350000, 2.800000, 4
7.500000, 2.800000, 10
7.650000, 2.800000, 3
7.800000, 2.800000, 10
7.950000, 2.800000, 4
8.100000, 2.800000, 4
8.250000, 2.800000, 4
8.400000, 2.800000, 4
8.550000, 2.800000, 4
8.700000, 2.800000, 4
8.850000, 2.800000, 4
9.000000, 2.800000, 4
9.150000, 2.800000, 10
9.300000, 2.800000, 10
9.450000, 2.800000, 9
9.600000, 2.800000, 6
9.750000, 2.800000, 8
9.900000, 2.800000, 5
10.050000, 2.800000, 6
10.200000, 2.800000, 9
10.350000, 2.800000, 0
10.500000, 2.800000, 2
10.650000, 2.800000, 1
10.800000, 2.800000, 3
10.950000, 2.800000, 8
11.100000, 2.800000, 7
11.250000, 2.800000, 11
11.400000, 2.800000, 1
11.550000, 2.800000, 8
11.700000, 2.800000, 6
11.850000, 2.800000, 1
12.000000, 2.800000, 3
12.150000, 2.800000, 2
12.300000, 2.800000, 10
12.450000, 2.800000, 4
12.600000, 2.800000, 10
12.750000, 2.800000, 1
12.900000, 2.800000, 1
13.050000, 2.800000, 5
13.200000, 2.800000, 5
13.350000, 2.800000, 5
13.500000, 2.800000, 5
13.650000, 2.800000, 5
13.800000, 2.800000, 5
13.950000, 2.800000, 5
14.100000, 2.800000, 5
14.250000, 2.800000, 5
14.400000, 2.800000, 5
14.550000, 2.800000, 5
14.700000, 2.800000, 5
14.850000, 2.800000, 5
-15.000000, 2.850000, 11
-14.850000, 2.850000, 11
-14.700000, 2.850000, 11
-14.550000, 2.850000, 11
-14.400000, 2.850000, 11
-14.250000, 2.850000, 11
-14.100000, 2.850000, 11
-13.950000, 2.850000, 11
-13.800000, 2.850000, 11
-13.650000, 2.850000, 11
-13.500000, 2.850000, 11
-13.350000, 2.850000, 11
-13.200000, 2.850000, 11
-13.050000, 2.850000, 11
-12.900000, 2.850000, 11
-12.750000, 2.850000, 11
-12.600000, 2.850000, 2
-12.450000, 2.850000, 0
-12.300000, 2.850000, 0
-12.150000, 2.850000, 0
-12.000000, 2.850000, 0
-11.850000, 2.850000, 9
-11.700000, 2.850000, 0
-11.550000, 2.850000, 0
-11.400000, 2.850000, 0
-11.250000, 2.850000, 0
-11.100000, 2.850000, 0
-10.950000, 2.850000, 0
-10.800000, 2.850000, 0
-10.650000, 2.850000, 0
-10.500000, 2.850000, 0
-10.350000, 2.850000, 0
-10.200000, 2.850000, 0
-10.050000, 2.850000, 0
-9.900000, 2.850000, 0
-9.750000, 2.850000, 0
-9.600000, 2.850000, 0
-9.450000, 2.850000, 0
-9.300000, 2.850000, 0
-9.150000, 2.850000, 0
-9.000000, 2.850000, 0
-8.850000, 2.850000, 0
-8.700000, 2.850000, 0
-8.550000, 2.850000, 0
-8.400000, 2.850000, 0
-8.250000, 2.850000, 0
-8.100000, 2.850000, 0
-7.950000, 2.850000, 0
-7.800000, 2.850000, 0
-7.650000, 2.850000, 0
-7.500000, 2.850000, 0
-7.350000, 2.850000, 0
-7.200000, 2.850000, 0
-7.050000, 2.850000, 0
-6.900000, 2.850000, 0
-6.750000, 2.850000, 0
-6.600000, 2.850000, 0
-6.450000, 2.850000, 0
-6.300000, 2.850000, 0
-6.150000, 2.850000, 0
-6.000000, 2.850000, 2
-5.850000, 2.850000, 2
-5.700000, 2.850000, 2
-5.550000, 2.850000, 2
-5.400000, 2.850000, 2
-5.250000, 2.850000, 2
-5.100000, 2.850000, 2
-4.950000, 2.850000, 2
-4.800000, 2.850000, 2
-4.650000, 2.850000, 2
-4.500000, 2.850000, 2
-4.350000, 2.850000, 2
-4.200000, 2.850000, 2
-4.050000, 2.850000, 2
-3.900000, 2.850000, 2
-3.750000, 2.850000, 2
-3.600000, 2.850000, 7
-3.450000, 2.850000, 5
-3.300000, 2.850000, 5
-3.150000, 2.850000, 10
-3.000000, 2.850000, 4
-2.850000, 2.850000, 9
-2.700000, 2.850000, 9
-2.550000, 2.850000, 9
-2.400000, 2.850000, 9
-2.250000, 2.850000, 9
-2.100000, 2.850000, 9
-1.950000, 2.850000, 9
-1.800000, 2.850000, 9
-1.650000, 2.850000, 9
-1.500000, 2.850000, 9
-1.350000, 2.850000, 9
-1.200000, 2.850000, 9
-1.050000, 2.850000, 1
-0.900000, 2.850000, 4
-0.750000, 2.850000, 4
-0.600000, 2.850000, 4
-0.450000, 2.850000, 4
-0.300000, 2.850000, 10
-0.150000, 2.850000, 10
-0.000000, 2.850000, 10
0.150000, 2.850000, 10
0.300000, 2.850000, 10
0.450000, 2.850000, 10
0.600000, 2.850000, 10
0.750000, 2.850000, 10
0.900000, 2.850000, 10
1.050000, 2.850000, 4
1.200000, 2.850000, 4
1.350000, 2.850000, 4
1.500000, 2.850000, 4
1.650000, 2.850000, 4
1.800000, 2.850000, 4
1.950000, 2.850000, 4
2.100000, 2.850000, 4
2.250000, 2.850000, 4
2.400000, 2.850000, 4
2.550000, 2.850000, 6
2.700000, 2.850000, 4
2.850000, 2.850000, 6
3.000000, 2.850000, 6
3.150000, 2.850000, 6
3.300000, 2.850000, 6
3.450000, 2.850000, 6
3.600000, 2.850000, 6
3.750000, 2.850000, 6
3.900000, 2.850000, 6
4.050000, 2.850000, 6
4.200000, 2.850000, 6
4.350000, 2.850000, 6
4.500000, 2.850000, 6
4.650000, 2.850000, 6
4.800000, 2.850000, 6
4.950000, 2.850000, 6
5.100000, 2.850000, 6
5.250000, 2.850000, 6
5.400000, 2.850000, 6
5.550000, 2.850000, 6
5.700000, 2.850000, 6
5.850000, 2.850000, 6
6.000000, 2.850000, 6
6.150000, 2.850000, 6
6.300000, 2.850000, 6
6.450000, 2.850000, 6
6.600000, 2.850000, 6
6.750000, 2.850000, 6
6.900000, 2.850000, 6
7.050000, 2.850000, 6
7.200000, 2.850000, 6
7.350000, 2.850000, 6
7.500000, 2.850000, 4
7.650000, 2.850000, 3
7.800000, 2.850000, 6
7.950000, 2.850000, 4
8.100000, 2.850000, 4
8.250000, 2.850000, 4
8.400000, 2.850000, 4
8.550000, 2.850000, 10
8.700000, 2.850000, 4
8.850000, 2.850000, 4
9.000000, 2.850000, 4
9.150000, 2.850000, 10
9.300000, 2.850000, 10
9.450000, 2.850000, 4
9.600000, 2.850000, 6
9.750000, 2.850000, 4
9.900000, 2.850000, 6
10.050000, 2.850000, 6
10.200000, 2.850000, 9
10.350000, 2.850000, 0
10.500000, 2.850000, 2
10.650000, 2.850000, 10
10.800000, 2.850000, 1
10.950000, 2.850000, 8
11.100000, 2.850000, 0
11.250000, 2.850000, 11
11.400000, 2.850000, 8
11.550000, 2.850000, 8
11.700000, 2.850000, 8
11.850000, 2.850000, 4
12.000000, 2.850000, 8
12.150000, 2.850000, 2
12.300000, 2.850000, 10
12.450000, 2.850000, 4
12.600000, 2.850000, 0
12.750000, 2.850000, 1
12.900000, 2.850000, 1
13.050000, 2.850000, 1
13.200000, 2.850000, 5
13.350000, 2.850000, 5
13.500000, 2.850000, 6
13.650000, 2.850000, 6
13.800000, 2.850000, 5
13.950000, 2.850000, 5
14.100000, 2.850000, 5
14.250000, 2.850000, 5
14.400000, 2.850000, 5
14.550000, 2.850000, 5
14.700000, 2.850000, 5
14.850000, 2.850000, 5
-15.000000, 2.900000, 11
-14.850000, 2.900000, 11
-14.700000, 2.900000, 11
-14.550000, 2.900000, 11
-14.400000, 2.900000, 11
-14.250000, 2.900000, 11
-14.100000, 2.900000, 11
-13.950000, 2.900000, 11
-13.800000, 2.900000, 11
-13.650000, 2.900000, 11
-13.500000, 2.900000, 11
-13.350000, 2.900000, 11
-13.200000, 2.900000, 11
-13.050000, 2.900000, 11
-12.900000, 2.900000, 11
-12.750000, 2.900000, 0
-12.600000, 2.900000, 0
-12.450000, 2.900000, 0
-12.300000, 2.900000, 0
-12.150000, 2.900000, 0
-12.000000, 2.900000, 2
-11.850000, 2.900000, 4
-11.700000, 2.900000, 2
-11.550000, 2.900000, 0
-11.400000, 2.900000, 0
-11.250000, 2.900000, 0
-11.100000, 2.900000, 0
-10.950000, 2.900000, 0
-10.800000, 2.900000, 0
-10.650000, 2.900000, 0
-10.500000, 2.900000, 0
-10.350000, 2.900000, 0
-10.200000, 2.900000, 0
-10.050000, 2.900000, 0
-9.900000, 2.900000, 0
-9.750000, 2.900000, 0
-9.600000, 2.900000, 0
-9.450000, 2.900000, 0
-9.300000, 2.900000, 0
-9.150000, 2.900000, 0
-9.000000, 2.900000, 0
-8.850000, 2.900000, 0
-8.700000, 2.900000, 0
-8.550000, 2.900000, 0
-8.400000, 2.900000, 0
-8.250000, 2.900000, 0
-8.100000, 2.900000, 0
-7.950000, 2.900000, 0
-7.800000, 2.900000, 0
-7.650000, 2.900000, 0
-7.500000, 2.900000, 0
-7.350000, 2.900000, 0
-7.200000, 2.900000, 0
-7.050000, 2.900000, 0
-6.900000, 2.900000, 0
-6.750000, 2.900000, 0
-6.600000, 2.900000, 0
-6.450000, 2.900000, 0
-6.300000, 2.900000, 0
-6.150000, 2.900000, 0
-6.000000, 2.900000, 2
-5.850000, 2.900000, 2
-5.700000, 2.900000, 2
-5.550000, 2.900000, 2
-5.400000, 2.900000, 2
-5.250000, 2.900000, 2
-5.100000, 2.900000, 2
-4.950000, 2.900000, 2
-4.800000, 2.900000, 2
-4.650000, 2.900000, 2
-4.500000, 2.900000, 2
-4.350000, 2.900000, 2
-4.200000, 2.900000, 2
-4.050000, 2.900000, 2
-3.900000, 2.900000, 2
-3.750000, 2.900000, 10
-3.600000, 2.900000, 3
-3.450000, 2.900000, 5
-3.300000, 2.900000, 9
-3.150000, 2.900000, 4
-3.000000, 2.900000, 4
-2.850000, 2.900000, 9
-2.700000, 2.900000, 9
-2.550000, 2.900000, 9
-2.400000, 2.900000, 9
-2.250000, 2.900000, 9
-2.100000, 2.900000, 9
-1.950000, 2.900000, 9
-1.800000, 2.900000, 9
-1.650000, 2.900000, 9
-1.500000, 2.900000, 9
-1.350000, 2.900000, 9
-1.200000, 2.900000, 9
-1.050000, 2.900000, 4
-0.900000, 2.900000, 10
-0.750000, 2.900000, 4
-0.600000, 2.900000, 4
-0.450000, 2.900000, 4
-0.300000, 2.900000, 10
-0.150000, 2.900000, 10
-0.000000, 2.900000, 10
0.150000, 2.900000, 10
0.300000, 2.900000, 10
0.450000, 2.900000, 10
0.600000, 2.900000, 10
0.750000, 2.900000, 10
0.900000, 2.900000, 10
1.050000, 2.900000, 4
1.200000, 2.900000, 4
1.350000, 2.900000, 4
1.500000, 2.900000, 4
1.650000, 2.900000, 4
1.800000, 2.900000, 4
1.950000, 2.900000, 4
2.100000, 2.900000, 4
2.250000, 2.900000, 4
2.400000, 2.900000, 4
2.550000, 2.900000, 4
2.700000, 2.900000, 4
2.850000, 2.900000, 4
3.000000, 2.900000, 6
3.150000, 2.900000, 6
3.300000, 2.900000, 6
3.450000, 2.900000, 6
3.600000, 2.900000, 6
3.750000, 2.900000, 6
3.900000, 2.900000, 6
4.050000, 2.900000, 6
4.200000, 2.900000, 6
4.350000, 2.900000, 6
4.500000, 2.900000, 6
4.650000, 2.900000, 6
4.800000, 2.900000, 6
4.950000, 2.900000, 6
5.100000, 2.900000, 6
5.250000, 2.900000, 6
5.400000, 2.900000, 6
5.550000, 2.900000, 6
5.700000, 2.900000, 6
5.850000, 2.900000, 6
6.000000, 2.900000, 6
6.150000, 2.900000, 6
6.300000, 2.900000, 6
6.450000, 2.900000, 6
6.600000, 2.900000, 6
6.750000, 2.900000, 6
6.900000, 2.900000, 6
7.050000, 2.900000, 6
7.200000, 2.900000, 6
7.350000, 2.900000, 6
7.500000, 2.900000, 10
7.650000, 2.900000, 7
7.800000, 2.900000, 6
7.950000, 2.900000, 4
8.100000, 2.900000, 4
8.250000, 2.900000, 4
8.400000, 2.900000, 6
8.550000, 2.900000, 10
8.700000, 2.900000, 10
8.850000, 2.900000, 4
9.000000, 2.900000, 4
9.150000, 2.900000, 10
9.300000, 2.900000, 10
9.450000, 2.900000, 4
9.600000, 2.900000, 4
9.750000, 2.900000, 10
9.900000, 2.900000, 6
10.050000, 2.900000, 10
10.200000, 2.900000, 9
10.350000, 2.900000, 9
10.500000, 2.900000, 2
10.650000, 2.900000, 6
10.800000, 2.900000, 1
10.950000, 2.900000, 1
11.100000, 2.900000, 11
11.250000, 2.900000, 11
11.400000, 2.900000, 7
11.550000, 2.900000, 8
11.700000, 2.900000, 8
11.850000, 2.900000, 3
12.000000, 2.900000, 8
12.150000, 2.900000, 2
12.300000, 2.900000, 9
12.450000, 2.900000, 6
12.600000, 2.900000, 7
12.750000, 2.900000, 1
12.900000, 2.900000, 1
13.050000, 2.900000, 1
13.200000, 2.900000, 5
13.350000, 2.900000, 6
13.500000, 2.900000, 6
13.650000, 2.900000, 6
13.800000, 2.900000, 5
13.950000, 2.900000, 5
14.100000, 2.900000, 5
14.250000, 2.900000, 5
14.400000, 2.900000, 5
14.550000, 2.900000, 5
14.700000, 2.900000, 5
14.850000, 2.900000, 5
-15.000000, 2.950000, 11
-14.850000, 2.950000, 11
-14.700000, 2.950000, 11
-14.550000, 2.950000, 11
-14.400000, 2.950000, 11
-14.250000, 2.950000, 11
-14.100000, 2.950000, 11
-13.950000, 2.950000, 11
-13.800000, 2.950000, 11
-13.650000, 2.950000, 11
-13.500000, 2.950000, 11
-13.350000, 2.950000, 11
-13.200000, 2.950000, 11
-13.050000, 2.950000, 11
-12.900000, 2.950000, 11
-12.750000, 2.950000, 0
-12.600000, 2.950000, 0
-12.450000, 2.950000, 0
-12.300000, 2.950000, 0
-12.150000, 2.950000, 0
-12.000000, 2.950000, 2
-11.850000, 2.950000, 2
-11.700000, 2.950000, 0
-11.550000, 2.950000, 0
-11.400000, 2.950000, 0
-11.250000, 2.950000, 0
-11.100000, 2.950000, 0
-10.950000, 2.950000, 0
-10.800000, 2.950000, 0
-10.650000, 2.950000, 0
-10.500000, 2.950000, 0
-10.350000, 2.950000, 0
-10.200000, 2.950000, 0
-10.050000, 2.950000, 0
-9.900000, 2.950000, 0
-9.750000, 2.950000, 0
-9.600000, 2.950000, 0
-9.450000, 2.950000, 0
-9.300000, 2.950000, 0
-9.150000, 2.950000, 0
-9.000000, 2.950000, 0
-8.850000, 2.950000, 0
-8.700000, 2.950000, 0
-8.550000, 2.950000, 0
-8.400000, 2.950000, 0
-8.250000, 2.950000, 0
-8.100000, 2.950000, 0
-7.950000, 2.950000, 0
-7.800000, 2.950000, 0
-7.650000, 2.950000, 0
-7.500000, 2.950000, 0
-7.350000, 2.950000, 0
-7.200000, 2.950000, 0
-7.050000, 2.950000, 0
-6.900000, 2.950000, 0
-6.750000, 2.950000, 0
-6.600000, 2.950000, 0
-6.450000, 2.950000, 0
-6.300000, 2.950000, 0
-6.150000, 2.950000, 0
-6.000000, 2.950000, 2
-5.850000, 2.950000, 2
-5.700000, 2.950000, 2
-5.550000, 2.950000, 2
-5.400000, 2.950000, 2
-5.250000, 2.950000, 2
-5.100000, 2.950000, 2
-4.950000, 2.950000, 2
-4.800000, 2.950000, 2
-4.650000, 2.950000, 2
-4.500000, 2.950000, 2
-4.350000, 2.950000, 2
-4.200000, 2.950000, 2
-4.050000, 2.950000, 2
-3.900000, 2.950000, 2
-3.750000, 2.950000, 10
-3.600000, 2.950000, 8
-3.450000, 2.950000, 5
-3.300000, 2.950000, 6
-3.150000, 2.950000, 6
-3.000000, 2.950000, 4
-2.850000, 2.950000, 9
-2.700000, 2.950000, 9
-2.550000, 2.950000, 9
-2.400000, 2.950000, 9
-2.250000, 2.950000, 9
-2.100000, 2.950000, 9
-1.950000, 2.950000, 9
-1.800000, 2.950000, 9
-1.650000, 2.950000, 9
-1.500000, 2.950000, 9
-1.350000, 2.950000, 9
-1.200000, 2.950000, 9
-1.050000, 2.950000, 4
-0.900000, 2.950000, 4
-0.750000, 2.950000, 4
-0.600000, 2.950000, 4
-0.450000, 2.950000, 4
-0.300000, 2.950000, 10
-0.150000, 2.950000, 10
-0.000000, 2.950000, 10
0.150000, 2.950000, 10
0.300000, 2.950000, 10
0.450000, 2.950000, 10
0.600000, 2.950000, 10
0.750000, 2.950000, 10
0.900000, 2.950000, 10
1.050000, 2.950000, 4
1.200000, 2.950000, 4
1.350000, 2.950000, 4
1.500000, 2.950000, 4
1.650000, 2.950000, 4
1.800000, 2.950000, 4
1.950000, 2.950000, 4
2.100000, 2.950000, 4
2.250000, 2.950000, 4
2.400000, 2.950000, 4
2.550000, 2.950000, 4
2.700000, 2.950000, 4
2.850000, 2.950000, 6
3.000000, 2.950000, 3
3.150000, 2.950000, 6
3.300000, 2.950000, 6
3.450000, 2.950000, 6
3.600000, 2.950000, 6
3.750000, 2.950000, 6
3.900000, 2.950000, 6
4.050000, 2.950000, 6
4.200000, 2.950000, 6
4.350000, 2.950000, 6
4.500000, 2.950000, 6
4.650000, 2.950000, 6
4.800000, 2.950000, 6
4.950000, 2.950000, 6
5.100000, 2.950000, 6
5.250000, 2.950000, 6
5.400000, 2.950000, 6
5.550000, 2.950000, 6
5.700000, 2.950000, 6
5.850000, 2.950000, 6
6.000000, 2.950000, 6
6.150000, 2.950000, 6
6.300000, 2.950000, 6
6.450000, 2.950000, 6
6.600000, 2.950000, 6
6.750000, 2.950000, 6
6.900000, 2.950000, 6
7.050000, 2.950000, 6
7.200000, 2.950000, 6
7.350000, 2.950000, 6
7.500000, 2.950000, 6
7.650000, 2.950000, 6
7.800000, 2.950000, 6
7.950000, 2.950000, 10
8.100000, 2.950000, 4
8.250000, 2.950000, 4
8.400000, 2.950000, 0
8.550000, 2.950000, 10
8.700000, 2.950000, 2
8.850000, 2.950000, 4
9.000000, 2.950000, 4
9.150000, 2.950000, 10
9.300000, 2.950000, 10
9.450000, 2.950000, 4
9.600000, 2.950000, 4
9.750000, 2.950000, 6
9.900000, 2.950000, 6
10.050000, 2.950000, 10
10.200000, 2.950000, 9
10.350000, 2.950000, 9
10.500000, 2.950000, 2
10.650000, 2.950000, 5
10.800000, 2.950000, 5
10.950000, 2.950000, 5
11.100000, 2.950000, 11
11.250000, 2.950000, 11
11.400000, 2.950000, 7
11.550000, 2.950000, 7
11.700000, 2.950000, 3
11.850000, 2.950000, 3
12.000000, 2.950000, 8
12.150000, 2.950000, 2
12.300000, 2.950000, 9
12.450000, 2.950000, 6
12.600000, 2.950000, 3
12.750000, 2.950000, 1
12.900000, 2.950000, 1
13.050000, 2.950000, 1
13.200000, 2.950000, 1
13.350000, 2.950000, 6
13.500000, 2.950000, 6
13.650000, 2.950000, 6
13.800000, 2.950000, 5
13.950000, 2.950000, 5
14.100000, 2.950000, 5
14.250000, 2.950000, 5
14.400000, 2.950000, 5
14.550000, 2.950000, 5
14.700000, 2.950000, 5
14.850000, 2.950000, 5
-15.000000, 3.000000, 11
-14.850000, 3.000000, 11
-14.700000, 3.000000, 11
-14.550000, 3.000000, 11
-14.400000, 3.000000, 11
-14.250000, 3.000000, 11
-14.100000, 3.000000, 11
-13.950000, 3.000000, 11
-13.800000, 3.000000, 11
-13.650000, 3.000000, 11
-13.500000, 3.000000, 11
-13.350000, 3.000000, 11
-13.200000, 3.000000, 11
-13.050000, 3.000000, 11
-12.900000, 3.000000, 11
-12.750000, 3.000000, 0
-12.600000, 3.000000, 0
-12.450000, 3.000000, 0
-12.300000, 3.000000, 0
-12.150000, 3.000000, 0
-12.000000, 3.000000, 2
-11.850000, 3.000000, 5
-11.700000, 3.000000, 0
-11.550000, 3.000000, 0
-11.400000, 3.000000, 0
-11.250000, 3.000000, 0
-11.100000, 3.000000, 0
-10.950000, 3.000000, 0
-10.800000, 3.000000, 0
-10.650000, 3.000000, 0
-10.500000, 3.000000, 0
-10.350000, 3.000000, 0
-10.200000, 3.000000, 0
-10.050000, 3.000000, 0
-9.900000, 3.000000, 0
-9.750000, 3.000000, 0
-9.600000, 3.000000, 0
-9.450000, 3.000000, 0
-9.300000, 3.000000, 0
-9.150000, 3.000000, 0
-9.000000, 3.000000, 0
-8.850000, 3.000000, 0
-8.700000, 3.000000, 0
-8.550000, 3.000000, 0
-8.400000, 3.000000, 0
-8.250000, 3.000000, 0
-8.100000, 3.000000, 0
-7.950000, 3.000000, 0
-7.800000, 3.000000, 0
-7.650000, 3.000000, 0
-7.500000, 3.000000, 0
-7.350000, 3.000000, 0
-7.200000, 3.000000, 0
-7.050000, 3.000000, 0
-6.900000, 3.000000, 0
-6.750000, 3.000000, 0
-6.600000, 3.000000, 0
-6.450000, 3.000000, 0
-6.300000, 3.000000, 2
-6.150000, 3.000000, 7
-6.000000, 3.000000, 2
-5.850000, 3.000000, 2
-5.700000, 3.000000, 2
-5.550000, 3.000000, 2
-5.400000, 3.000000, 2
-5.250000, 3.000000, 2
-5.100000, 3.000000, 2
-4.950000, 3.000000, 2
-4.800000, 3.000000, 2
-4.650000, 3.000000, 2
-4.500000, 3.000000, 2
-4.350000, 3.000000, 2
-4.200000, 3.000000, 2
-4.050000, 3.000000, 2
-3.900000, 3.000000, 2
-3.750000, 3.000000, 6
-3.600000, 3.000000, 3
-3.450000, 3.000000, 3
-3.300000, 3.000000, 6
-3.150000, 3.000000, 5
-3.000000, 3.000000, 6
-2.850000, 3.000000, 9
-2.700000, 3.000000, 9
-2.550000, 3.000000, 9
-2.400000, 3.000000, 9
-2.250000, 3.000000, 9
-2.100000, 3.000000, 9
-1.950000, 3.000000, 9
-1.800000, 3.000000, 9
-1.650000, 3.000000, 9
-1.500000, 3.000000, 9
-1.350000, 3.000000, 9
-1.200000, 3.000000, 9
-1.050000, 3.000000, 3
-0.900000, 3.000000, 4
-0.750000, 3.000000, 4
-0.600000, 3.000000, 4
-0.450000, 3.000000, 4
-0.300000, 3.000000, 10
-0.150000, 3.000000, 10
-0.000000, 3.000000, 10
0.150000, 3.000000, 10
0.300000, 3.000000, 10
0.450000, 3.000000, 10
0.600000, 3.000000, 10
0.750000, 3.000000, 10
0.900000, 3.000000, 10
1.050000, 3.000000, 4
1.200000, 3.000000, 4
1.350000, 3.000000, 4
1.500000, 3.000000, 4
1.650000, 3.000000, 4
1.800000, 3.000000, 4
1.950000, 3.000000, 4
2.100000, 3.000000, 4
2.250000, 3.000000, 4
2.400000, 3.000000, 4
2.550000, 3.000000, 4
2.700000, 3.000000, 4
2.850000, 3.000000, 3
3.000000, 3.000000, 4
3.150000, 3.000000, 6
3.300000, 3.000000, 6
3.450000, 3.000000, 6
3.600000, 3.000000, 6
3.750000, 3.000000, 6
3.900000, 3.000000, 6
4.050000, 3.000000, 6
4.200000, 3.000000, 6
4.350000, 3.000000, 6
4.500000, 3.000000, 6
4.650000, 3.000000, 6
4.800000, 3.000000, 6
4.950000, 3.000000, 6
5.100000, 3.000000, 6
5.250000, 3.000000, 6
5.400000, 3.000000, 6
5.550000, 3.000000, 6
5.700000, 3.000000, 6
5.850000, 3.000000, 6
6.000000, 3.000000, 6
6.150000, 3.000000, 6
6.300000, 3.000000, 6
6.450000, 3.000000, 6
6.600000, 3.000000, 6
6.750000, 3.000000, 6
6.900000, 3.000000, 6
7.050000, 3.000000, 6
7.200000, 3.000000, 6
7.350000, 3.000000, 6
7.500000, 3.000000, 6
7.650000, 3.000000, 6
7.800000, 3.000000, 6
7.950000, 3.000000, 7
8.100000, 3.000000, 4
8.250000, 3.000000, 10
8.400000, 3.000000, 7
8.550000, 3.000000, 10
8.700000, 3.000000, 4
8.850000, 3.000000, 4
9.000000, 3.000000, 4
9.150000, 3.000000, 4
9.300000, 3.000000, 4
9.450000, 3.000000, 4
9.600000, 3.000000, 4
9.750000, 3.000000, 4
9.900000, 3.000000, 4
10.050000, 3.000000, 10
10.200000, 3.000000, 10
10.350000, 3.000000, 9
10.500000, 3.000000, 5
10.650000, 3.000000, 1
10.800000, 3.000000, 5
10.950000, 3.000000, 5
11.100000, 3.000000, 11
11.250000, 3.000000, 11
11.400000, 3.000000, 0
11.550000, 3.000000, 7
11.700000, 3.000000, 3
11.850000, 3.000000, 3
12.000000, 3.000000, 8
12.150000, 3.000000, 0
12.300000, 3.000000, 9
12.450000, 3.000000, 5
12.600000, 3.000000, 3
12.750000, 3.000000, 3
12.900000, 3.000000, 1
13.050000, 3.000000, 1
13.200000, 3.000000, 1
13.350000, 3.000000, 6
13.500000, 3.000000, 6
13.650000, 3.000000, 6
13.800000, 3.000000, 5
13.950000, 3.000000, 5
14.100000, 3.000000, 5
14.250000, 3.000000, 5
14.400000, 3.000000, 5
14.550000, 3.000000, 5
14.700000, 3.000000, 5
14.850000, 3.000000, 5
-15.000000, 3.050000, 11
-14.850000, 3.050000, 11
-14.700000, 3.050000, 11
-14.550000, 3.050000, 11
-14.400000, 3.050000, 11
-14.250000, 3.050000, 11
-14.100000, 3.050000, 11
-13.950000, 3.050000, 11
-13.800000, 3.050000, 11
-13.650000, 3.050000, 11
-13.500000, 3.050000, 11
-13.350000, 3.050000, 0
-13.200000, 3.050000, 0
-13.050000, 3.050000, 0
-12.900000, 3.050000, 11
-12.750000, 3.050000, 0
-12.600000, 3.050000, 0
-12.450000, 3.050000, 0
-12.300000, 3.050000, 0
-12.150000, 3.050000, 0
-12.000000, 3.050000, 0
-11.850000, 3.050000, 0
-11.700000, 3.050000, 0
-11.550000, 3.050000, 0
-11.400000, 3.050000, 0
-11.250000, 3.050000, 0
-11.100000, 3.050000, 0
-10.950000, 3.050000, 0
-10.800000, 3.050000, 0
-10.650000, 3.050000, 0
-10.500000, 3.050000, 0
-10.350000, 3.050000, 0
-10.200000, 3.050000, 0
-10.050000, 3.050000, 0
-9.900000, 3.050000, 0
-9.750000, 3.050000, 0
-9.600000, 3.050000, 0
-9.450000, 3.050000, 0
-9.300000, 3.050000, 0
-9.150000, 3.050000, 0
-9.000000, 3.050000, 0
-8.850000, 3.050000, 0
-8.700000, 3.050000, 0
-8.550000, 3.050000, 0
-8.400000, 3.050000, 0
-8.250000, 3.050000, 0
-8.100000, 3.050000, 0
-7.950000, 3.050000, 0
-7.800000, 3.050000, 0
-7.650000, 3.050000, 0
-7.500000, 3.050000, 0
-7.350000, 3.050000, 0
-7.200000, 3.050000, 0
-7.050000, 3.050000, 0
-6.900000, 3.050000, 0
-6.750000, 3.050000, 0
-6.600000, 3.050000, 0
-6.450000, 3.050000, 2
-6.300000, 3.050000, 2
-6.150000, 3.050000, 7
-6.000000, 3.050000, 2
-5.850000, 3.050000, 2
-5.700000, 3.050000, 2
-5.550000, 3.050000, 2
-5.400000, 3.050000, 2
-5.250000, 3.050000, 2
-5.100000, 3.050000, 2
-4.950000, 3.050000, 2
-4.800000, 3.050000, 2
-4.650000, 3.050000, 2
-4.500000, 3.050000, 2
-4.350000, 3.050000, 2
-4.200000, 3.050000, 2
-4.050000, 3.050000, 2
-3.900000, 3.050000, 2
-3.750000, 3.050000, 4
-3.600000, 3.050000, 8
-3.450000, 3.050000, 2
-3.300000, 3.050000, 4
-3.150000, 3.050000, 3
-3.000000, 3.050000, 6
-2.850000, 3.050000, 9
-2.700000, 3.050000, 9
-2.550000, 3.050000, 9
-2.400000, 3.050000, 9
-2.250000, 3.050000, 9
-2.100000, 3.050000, 9
-1.950000, 3.050000, 9
-1.800000, 3.050000, 9
-1.650000, 3.050000, 9
-1.500000, 3.050000, 9
-1.350000, 3.050000, 9
-1.200000, 3.050000, 9
-1.050000, 3.050000, 2
-0.900000, 3.050000, 6
-0.750000, 3.050000, 4
-0.600000, 3.050000, 4
-0.450000, 3.050000, 4
-0.300000, 3.050000, 10
-0.150000, 3.050000, 10
-0.000000, 3.050000, 10
0.150000, 3.050000, 10
0.300000, 3.050000, 10
0.450000, 3.050000, 10
0.600000, 3.050000, 10
0.750000, 3.050000, 10
0.900000, 3.050000, 10
1.050000, 3.050000, 5
1.200000, 3.050000, 4
1.350000, 3.050000, 4
1.500000, 3.050000, 4
1.650000, 3.050000, 4
1.800000, 3.050000, 4
1.950000, 3.050000, 4
2.100000, 3.050000, 4
2.250000, 3.050000, 4
2.400000, 3.050000, 4
2.550000, 3.050000, 4
2.700000, 3.050000, 4
2.850000, 3.050000, 3
3.000000, 3.050000, 4
3.150000, 3.050000, 6
3.300000, 3.050000, 6
3.450000, 3.050000, 6
3.600000, 3.050000, 6
3.750000, 3.050000, 6
3.900000, 3.050000, 6
4.050000, 3.050000, 6
4.200000, 3.050000, 6
4.350000, 3.050000, 6
4.500000, 3.050000, 6
4.650000, 3.050000, 6
4.800000, 3.050000, 6
4.950000, 3.050000, 6
5.100000, 3.050000, 6
5.250000, 3.050000, 6
5.400000, 3.050000, 6
5.550000, 3.050000, 6
5.700000, 3.050000, 6
5.850000, 3.050000, 6
6.000000, 3.050000, 6
6.150000, 3.050000, 6
6.300000, 3.050000, 6
6.450000, 3.050000, 6
6.600000, 3.050000, 6
6.750000, 3.050000, 6
6.900000, 3.050000, 6
7.050000, 3.050000, 6
7.200000, 3.050000, 6
7.350000, 3.050000, 6
7.500000, 3.050000, 6
7.650000, 3.050000, 6
7.800000, 3.050000, 6
7.950000, 3.050000, 6
8.100000, 3.050000, 1
8.250000, 3.050000, 6
8.400000, 3.050000, 1
8.550000, 3.050000, 10
8.700000, 3.050000, 4
8.850000, 3.050000, 4
9.000000, 3.050000, 4
9.150000, 3.050000, 4
9.300000, 3.050000, 4
9.450000, 3.050000, 4
9.600000, 3.050000, 4
9.750000, 3.050000, 4
9.900000, 3.050000, 4
10.050000, 3.050000, 10
10.200000, 3.050000, 10
10.350000, 3.050000, 9
10.500000, 3.050000, 6
10.650000, 3.050000, 3
10.800000, 3.050000, 5
10.950000, 3.050000, 6
11.100000, 3.050000, 9
11.250000, 3.050000, 0
11.400000, 3.050000, 0
11.550000, 3.050000, 7
11.700000, 3.050000, 3
11.850000, 3.050000, 3
12.000000, 3.050000, 8
12.150000, 3.050000, 0
12.300000, 3.050000, 11
12.450000, 3.050000, 1
12.600000, 3.050000, 8
12.750000, 3.050000, 2
12.900000, 3.050000, 1
13.050000, 3.050000, 1
13.200000, 3.050000, 1
13.350000, 3.050000, 6
13.500000, 3.050000, 6
13.650000, 3.050000, 10
13.800000, 3.050000, 1
13.950000, 3.050000, 1
14.100000, 3.050000, 1
14.250000, 3.050000, 5
14.400000, 3.050000, 5
14.550000, 3.050000, 5
14.700000, 3.050000, 5
14.850000, 3.050000, 5
-15.000000, 3.100000, 11
-14.850000, 3.100000, 11
-14.700000, 3.100000, 11
-14.550000, 3.100000, 11
-14.400000, 3.100000, 11
-14.250000, 3.100000, 11
-14.100000, 3.100000, 11
-13.950000, 3.100000, 11
-13.800000, 3.100000, 11
-13.650000, 3.100000, 0
-13.500000, 3.100000, 0
-13.350000, 3.100000, 0
-13.200000, 3.100000, 0
-13.050000, 3.100000, 0
-12.900000, 3.100000, 11
-12.750000, 3.100000, 2
-12.600000, 3.100000, 0
-12.450000, 3.100000, 0
-12.300000, 3.100000, 0
-12.150000, 3.100000, 0
-12.000000, 3.100000, 0
-11.850000, 3.100000, 0
-11.700000, 3.100000, 0
-11.550000, 3.100000, 0
-11.400000, 3.100000, 0
-11.250000, 3.100000, 0
-11.100000, 3.100000, 0
-10.950000, 3.100000, 0
-10.800000, 3.100000, 0
-10.650000, 3.100000, 0
-10.500000, 3.100000, 0
-10.350000, 3.100000, 0
-10.200000, 3.100000, 0
-10.050000, 3.100000, 0
-9.900000, 3.100000, 0
-9.750000, 3.100000, 0
-9.600000, 3.100000, 0
-9.450000, 3.100000, 0
-9.300000, 3.100000, 0
-9.150000, 3.100000, 0
-9.000000, 3.100000, 0
-8.850000, 3.100000, 0
-8.700000, 3.100000, 0
-8.550000, 3.100000, 0
-8.400000, 3.100000, 0
-8.250000, 3.100000, 0
-8.100000, 3.100000, 0
-7.950000, 3.100000, 0
-7.800000, 3.100000, 0
-7.650000, 3.100000, 0
-7.500000, 3.100000, 0
-7.350000, 3.100000, 0
-7.200000, 3.100000, 0
-7.050000, 3.100000, 0
-6.900000, 3.100000, 0
-6.750000, 3.100000, 0
-6.600000, 3.100000, 0
-6.450000, 3.100000, 2
-6.300000, 3.100000, 2
-6.150000, 3.100000, 6
-6.000000, 3.100000, 2
-5.850000, 3.100000, 2
-5.700000, 3.100000, 2
-5.550000, 3.100000, 2
-5.400000, 3.100000, 2
-5.250000, 3.100000, 2
-5.100000, 3.100000, 2
-4.950000, 3.100000, 2
-4.800000, 3.100000, 2
-4.650000, 3.100000, 2
-4.500000, 3.100000, 2
-4.350000, 3.100000, 2
-4.200000, 3.100000, 2
-4.050000, 3.100000, 2
-3.900000, 3.100000, 0
-3.750000, 3.100000, 6
-3.600000, 3.100000, 1
-3.450000, 3.100000, 9
-3.300000, 3.100000, 4
-3.150000, 3.100000, 10
-3.000000, 3.100000, 2
-2.850000, 3.100000, 9
-2.700000, 3.100000, 9
-2.550000, 3.100000, 9
-2.400000, 3.100000, 9
-2.250000, 3.100000, 9
-2.100000, 3.100000, 9
-1.950000, 3.100000, 9
-1.800000, 3.100000, 9
-1.650000, 3.100000, 9
-1.500000, 3.100000, 9
-1.350000, 3.100000, 9
-1.200000, 3.100000, 6
-1.050000, 3.100000, 3
-0.900000, 3.100000, 1
-0.750000, 3.100000, 4
-0.600000, 3.100000, 4
-0.450000, 3.100000, 4
-0.300000, 3.100000, 10
-0.150000, 3.100000, 10
-0.000000, 3.100000, 10
0.150000, 3.100000, 10
0.300000, 3.100000, 10
0.450000, 3.100000, 10
0.600000, 3.100000, 10
0.750000, 3.100000, 10
0.900000, 3.100000, 10
1.050000, 3.100000, 9
1.200000, 3.100000, 4
1.350000, 3.100000, 4
1.500000, 3.100000, 4
1.650000, 3.100000, 4
1.800000, 3.100000, 4
1.950000, 3.100000, 4
2.100000, 3.100000, 4
2.250000, 3.100000, 4
2.400000, 3.100000, 4
2.550000, 3.100000, 4
2.700000, 3.100000, 4
2.850000, 3.100000, 6
3.000000, 3.100000, 4
3.150000, 3.100000, 6
3.300000, 3.100000, 6
3.450000, 3.100000, 6
3.600000, 3.100000, 6
3.750000, 3.100000, 6
3.900000, 3.100000, 6
4.050000, 3.100000, 6
4.200000, 3.100000, 6
4.350000, 3.100000, 6
4.500000, 3.100000, 6
4.650000, 3.100000, 6
4.800000, 3.100000, 6
4.950000, 3.100000, 6
5.100000, 3.100000, 6
5.250000, 3.100000, 6
5.400000, 3.100000, 6
5.550000, 3.100000, 6
5.700000, 3.100000, 6
5.850000, 3.100000, 6
6.000000, 3.100000, 6
6.150000, 3.100000, 6
6.300000, 3.100000, 6
6.450000, 3.100000, 6
6.600000, 3.100000, 6
6.750000, 3.100000, 6
6.900000, 3.100000, 6
7.050000, 3.100000, 6
7.200000, 3.100000, 6
7.350000, 3.100000, 6
7.500000, 3.100000, 6
7.650000, 3.100000, 6
7.800000, 3.100000, 6
7.950000, 3.100000, 6
8.100000, 3.100000, 6
8.250000, 3.100000, 4
8.400000, 3.100000, 5
8.550000, 3.100000, 4
8.700000, 3.100000, 4
8.850000, 3.100000, 4
9.000000, 3.100000, 4
9.150000, 3.100000, 4
9.300000, 3.100000, 4
9.450000, 3.100000, 10
9.600000, 3.100000, 4
9.750000, 3.100000, 4
9.900000, 3.100000, 4
10.050000, 3.100000, 10
10.200000, 3.100000, 10
10.350000, 3.100000, 7
10.500000, 3.100000, 6
10.650000, 3.100000, 4
10.800000, 3.100000, 6
10.950000, 3.100000, 6
11.100000, 3.100000, 10
11.250000, 3.100000, 0
11.400000, 3.100000, 2
11.550000, 3.100000, 2
11.700000, 3.100000, 1
11.850000, 3.100000, 1
12.000000, 3.100000, 8
12.150000, 3.100000, 11
12.300000, 3.100000, 11
12.450000, 3.100000, 8
12.600000, 3.100000, 8
12.750000, 3.100000, 8
12.900000, 3.100000, 1
13.050000, 3.100000, 1
13.200000, 3.100000, 1
13.350000, 3.100000, 6
13.500000, 3.100000, 4
13.650000, 3.100000, 10
13.800000, 3.100000, 8
13.950000, 3.100000, 1
14.100000, 3.100000, 1
14.250000, 3.100000, 5
14.400000, 3.100000, 5
14.550000, 3.100000, 5
14.700000, 3.100000, 5
14.850000, 3.100000, 5
-15.000000, 3.150000, 11
-14.850000, 3.150000, 11
-14.700000, 3.150000, 11
-14.550000, 3.150000, 11
-14.400000, 3.150000, 11
-14.250000, 3.150000, 11
-14.100000, 3.150000, 11
-13.950000, 3.150000, 11
-13.800000, 3.150000, 2
-13.650000, 3.150000, 0
-13.500000, 3.150000, 2
-13.350000, 3.150000, 0
-13.200000, 3.150000, 0
-13.050000, 3.150000, 0
-12.900000, 3.150000, 8
-12.750000, 3.150000, 2
-12.600000, 3.150000, 0
-12.450000, 3.150000, 0
-12.300000, 3.150000, 0
-12.150000, 3.150000, 0
-12.000000, 3.150000, 0
-11.850000, 3.150000, 0
-11.700000, 3.150000, 0
-11.550000, 3.150000, 0
-11.400000, 3.150000, 0
-11.250000, 3.150000, 0
-11.100000, 3.150000, 0
-10.950000, 3.150000, 0
-10.800000, 3.150000, 0
-10.650000, 3.150000, 0
-10.500000, 3.150000, 0
-10.350000, 3.150000, 0
-10.200000, 3.150000, 0
-10.050000, 3.150000, 0
-9.900000, 3.150000, 0
-9.750000, 3.150000, 0
-9.600000, 3.150000, 0
-9.450000, 3.150000, 0
-9.300000, 3.150000, 0
-9.150000, 3.150000, 0
-9.000000, 3.150000, 0
-8.850000, 3.150000, 0
-8.700000, 3.150000, 0
-8.550000, 3.150000, 0
-8.400000, 3.150000, 0
-8.250000, 3.150000, 0
-8.100000, 3.150000, 0
-7.950000, 3.150000, 0
-7.800000, 3.150000, 0
-7.650000, 3.150000, 0
-7.500000, 3.150000, 0
-7.350000, 3.150000, 0
-7.200000, 3.150000, 0
-7.050000, 3.150000, 0
-6.900000, 3.150000, 0
-6.750000, 3.150000, 0
-6.600000, 3.150000, 2
-6.450000, 3.150000, 2
-6.300000, 3.150000, 2
-6.150000, 3.150000, 2
-6.000000, 3.150000, 2
-5.850000, 3.150000, 2
-5.700000, 3.150000, 2
-5.550000, 3.150000, 2
-5.400000, 3.150000, 2
-5.250000, 3.150000, 2
-5.100000, 3.150000, 2
-4.950000, 3.150000, 2
-4.800000, 3.150000, 2
-4.650000, 3.150000, 2
-4.500000, 3.150000, 2
-4.350000, 3.150000, 2
-4.200000, 3.150000, 2
-4.050000, 3.150000, 2
-3.900000, 3.150000, 8
-3.750000, 3.150000, 5
-3.600000, 3.150000, 5
-3.450000, 3.150000, 10
-3.300000, 3.150000, 4
-3.150000, 3.150000, 10
-3.000000, 3.150000, 9
-2.850000, 3.150000, 9
-2.700000, 3.150000, 9
-2.550000, 3.150000, 9
-2.400000, 3.150000, 9
-2.250000, 3.150000, 9
-2.100000, 3.150000, 9
-1.950000, 3.150000, 9
-1.800000, 3.150000, 9
-1.650000, 3.150000, 9
-1.500000, 3.150000, 9
-1.350000, 3.150000, 9
-1.200000, 3.150000, 4
-1.050000, 3.150000, 1
-0.900000, 3.150000, 4
-0.750000, 3.150000, 4
-0.600000, 3.150000, 4
-0.450000, 3.150000, 4
-0.300000, 3.150000, 10
-0.150000, 3.150000, 10
-0.000000, 3.150000, 10
0.150000, 3.150000, 10
0.300000, 3.150000, 10
0.450000, 3.150000, 10
0.600000, 3.150000, 10
0.750000, 3.150000, 10
0.900000, 3.150000, 10
1.050000, 3.150000, 4
1.200000, 3.150000, 4
1.350000, 3.150000, 4
1.500000, 3.150000, 4
1.650000, 3.150000, 4
1.800000, 3.150000, 4
1.950000, 3.150000, 4
2.100000, 3.150000, 4
2.250000, 3.150000, 4
2.400000, 3.150000, 4
2.550000, 3.150000, 4
2.700000, 3.150000, 4
2.850000, 3.150000, 4
3.000000, 3.150000, 4
3.150000, 3.150000, 6
3.300000, 3.150000, 6
3.450000, 3.150000, 6
3.600000, 3.150000, 6
3.750000, 3.150000, 6
3.900000, 3.150000, 6
4.050000, 3.150000, 6
4.200000, 3.150000, 6
4.350000, 3.150000, 6
4.500000, 3.150000, 6
4.650000, 3.150000, 6
4.800000, 3.150000, 6
4.950000, 3.150000, 6
5.100000, 3.150000, 6
5.250000, 3.150000, 6
5.400000, 3.150000, 6
5.550000, 3.150000, 6
5.700000, 3.150000, 6
5.850000, 3.150000, 6
6.000000, 3.150000, 6
6.150000, 3.150000, 6
6.300000, 3.150000, 6
6.450000, 3.150000, 6
6.600000, 3.150000, 6
6.750000, 3.150000, 6
6.900000, 3.150000, 6
7.050000, 3.150000, 6
7.200000, 3.150000, 6
7.350000, 3.150000, 6
7.500000, 3.150000, 6
7.650000, 3.150000, 6
7.800000, 3.150000, 6
7.950000, 3.150000, 6
8.100000, 3.150000, 6
8.250000, 3.150000, 4
8.400000, 3.150000, 5
8.550000, 3.150000, 6
8.700000, 3.150000, 4
8.850000, 3.150000, 4
9.000000, 3.150000, 4
9.150000, 3.150000, 4
9.300000, 3.150000, 4
9.450000, 3.150000, 10
9.600000, 3.150000, 4
9.750000, 3.150000, 4
9.900000, 3.150000, 4
10.050000, 3.150000, 10
10.200000, 3.150000, 10
10.350000, 3.150000, 4
10.500000, 3.150000, 4
10.650000, 3.150000, 10
10.800000, 3.150000, 6
10.950000, 3.150000, 10
11.100000, 3.150000, 10
11.250000, 3.150000, 9
11.400000, 3.150000, 2
11.550000, 3.150000, 2
11.700000, 3.150000, 5
11.850000, 3.150000, 1
12.000000, 3.150000, 8
12.150000, 3.150000, 11
12.300000, 3.150000, 11
12.450000, 3.150000, 7
12.600000, 3.150000, 8
12.750000, 3.150000, 8
12.900000, 3.150000, 3
13.050000, 3.150000, 1
13.200000, 3.150000, 1
13.350000, 3.150000, 6
13.500000, 3.150000, 4
13.650000, 3.150000, 4
13.800000, 3.150000, 8
13.950000, 3.150000, 1
14.100000, 3.150000, 1
14.250000, 3.150000, 1
14.400000, 3.150000, 5
14.550000, 3.150000, 5
14.700000, 3.150000, 5
14.850000, 3.150000, 5
-15.000000, 3.200000, 11
-14.850000, 3.200000, 11
-14.700000, 3.200000, 11
-14.550000, 3.200000, 11
-14.400000, 3.200000, 11
-14.250000, 3.200000, 11
-14.100000, 3.200000, 11
-13.950000, 3.200000, 11
-13.800000, 3.200000, 0
-13.650000, 3.200000, 0
-13.500000, 3.200000, 0
-13.350000, 3.200000, 0
-13.200000, 3.200000, 0
-13.050000, 3.200000, 2
-12.900000, 3.200000, 3
-12.750000, 3.200000, 2
-12.600000, 3.200000, 0
-12.450000, 3.200000, 0
-12.300000, 3.200000, 0
-12.150000, 3.200000, 0
-12.000000, 3.200000, 0
-11.850000, 3.200000, 0
-11.700000, 3.200000, 0
-11.550000, 3.200000, 0
-11.400000, 3.200000, 0
-11.250000, 3.200000, 0
-11.100000, 3.200000, 0
-10.950000, 3.200000, 0
-10.800000, 3.200000, 0
-10.650000, 3.200000, 0
-10.500000, 3.200000, 0
-10.350000, 3.200000, 0
-10.200000, 3.200000, 0
-10.050000, 3.200000, 0
-9.900000, 3.200000, 0
-9.750000, 3.200000, 0
-9.600000, 3.200000, 0
-9.450000, 3.200000, 0
-9.300000, 3.200000, 0
-9.150000, 3.200000, 0
-9.000000, 3.200000, 0
-8.850000, 3.200000, 0
-8.700000, 3.200000, 0
-8.550000, 3.200000, 0
-8.400000, 3.200000, 0
-8.250000, 3.200000, 0
-8.100000, 3.200000, 0
-7.950000, 3.200000, 0
-7.800000, 3.200000, 0
-7.650000, 3.200000, 0
-7.500000, 3.200000, 0
-7.350000, 3.200000, 0
-7.200000, 3.200000, 0
-7.050000, 3.200000, 0
-6.900000, 3.200000, 0
-6.750000, 3.200000, 0
-6.600000, 3.200000, 2
-6.450000, 3.200000, 2
-6.300000, 3.200000, 2
-6.150000, 3.200000, 2
-6.000000, 3.200000, 2
-5.850000, 3.200000, 2
-5.700000, 3.200000, 2
-5.550000, 3.200000, 2
-5.400000, 3.200000, 2
-5.250000, 3.200000, 2
-5.100000, 3.200000, 2
-4.950000, 3.200000, 2
-4.800000, 3.200000, 2
-4.650000, 3.200000, 2
-4.500000, 3.200000, 2
-4.350000, 3.200000, 2
-4.200000, 3.200000, 2
-4.050000, 3.200000, 6
-3.900000, 3.200000, 8
-3.750000, 3.200000, 5
-3.600000, 3.200000, 5
-3.450000, 3.200000, 4
-3.300000, 3.200000, 4
-3.150000, 3.200000, 4
-3.000000, 3.200000, 9
-2.850000, 3.200000, 9
-2.700000, 3.200000, 9
-2.550000, 3.200000, 9
-2.400000, 3.200000, 9
-2.250000, 3.200000, 9
-2.100000, 3.200000, 9
-1.950000, 3.200000, 9
-1.800000, 3.200000, 9
-1.650000, 3.200000, 9
-1.500000, 3.200000, 9
-1.350000, 3.200000, 9
-1.200000, 3.200000, 4
-1.050000, 3.200000, 6
-0.900000, 3.200000, 10
-0.750000, 3.200000, 4
-0.600000, 3.200000, 4
-0.450000, 3.200000, 6
-0.300000, 3.200000, 10
-0.150000, 3.200000, 10
-0.000000, 3.200000, 10
0.150000, 3.200000, 10
0.300000, 3.200000, 10
0.450000, 3.200000, 10
0.600000, 3.200000, 10
0.750000, 3.200000, 10
0.900000, 3.200000, 10
1.050000, 3.200000, 8
1.200000, 3.200000, 4
1.350000, 3.200000, 4
1.500000, 3.200000, 4
1.650000, 3.200000, 4
1.800000, 3.200000, 4
1.950000, 3.200000, 4
2.100000, 3.200000, 4
2.250000, 3.200000, 4
2.400000, 3.200000, 4
2.550000, 3.200000, 4
2.700000, 3.200000, 4
2.850000, 3.200000, 10
3.000000, 3.200000, 10
3.150000, 3.200000, 6
3.300000, 3.200000, 6
3.450000, 3.200000, 6
3.600000, 3.200000, 6
3.750000, 3.200000, 6
3.900000, 3.200000, 6
4.050000, 3.200000, 6
4.200000, 3.200000, 6
4.350000, 3.200000, 6
4.500000, 3.200000, 6
4.650000, 3.200000, 6
4.800000, 3.200000, 6
4.950000, 3.200000, 6
5.100000, 3.200000, 6
5.250000, 3.200000, 6
5.400000, 3.200000, 6
5.550000, 3.200000, 6
5.700000, 3.200000, 6
5.850000, 3.200000, 6
6.000000, 3.200000, 6
6.150000, 3.200000, 6
6.300000, 3.200000, 6
6.450000, 3.200000, 6
6.600000, 3.200000, 6
6.750000, 3.200000, 6
6.900000, 3.200000, 6
7.050000, 3.200000, 6
7.200000, 3.200000, 6
7.350000, 3.200000, 6
7.500000, 3.200000, 6
7.650000, 3.200000, 6
7.800000, 3.200000, 6
7.950000, 3.200000, 6
8.100000, 3.200000, 6
8.250000, 3.200000, 6
8.400000, 3.200000, 6
8.550000, 3.200000, 6
8.700000, 3.200000, 4
8.850000, 3.200000, 4
9.000000, 3.200000, 4
9.150000, 3.200000, 1
9.300000, 3.200000, 10
9.450000, 3.200000, 10
9.600000, 3.200000, 4
9.750000, 3.200000, 4
9.900000, 3.200000, 4
10.050000, 3.200000, 10
10.200000, 3.200000, 10
10.350000, 3.200000, 4
10.500000, 3.200000, 4
10.650000, 3.200000, 2
10.800000, 3.200000, 6
10.950000, 3.200000, 10
11.100000, 3.200000, 10
11.250000, 3.200000, 9
11.400000, 3.200000, 2
11.550000, 3.200000, 0
11.700000, 3.200000, 5
11.850000, 3.200000, 5
12.000000, 3.200000, 1
12.150000, 3.200000, 11
12.300000, 3.200000, 11
12.450000, 3.200000, 7
12.600000, 3.200000, 7
12.750000, 3.200000, 8
12.900000, 3.200000, 3
13.050000, 3.200000, 3
13.200000, 3.200000, 1
13.350000, 3.200000, 6
13.500000, 3.200000, 4
13.650000, 3.200000, 2
13.800000, 3.200000, 8
13.950000, 3.200000, 1
14.100000, 3.200000, 1
14.250000, 3.200000, 1
14.400000, 3.200000, 5
14.550000, 3.200000, 5
14.700000, 3.200000, 5
14.850000, 3.200000, 5
-15.000000, 3.250000, 11
-14.850000, 3.250000, 11
-14.700000, 3.250000, 11
-14.550000, 3.250000, 11
-14.400000, 3.250000, 11
-14.250000, 3.250000, 11
-14.100000, 3.250000, 11
-13.950000, 3.250000, 0
-13.800000, 3.250000, 0
-13.650000, 3.250000, 0
-13.500000, 3.250000, 0
-13.350000, 3.250000, 0
-13.200000, 3.250000, 0
-13.050000, 3.250000, 2
-12.900000, 3.250000, 5
-12.750000, 3.250000, 0
-12.600000, 3.250000, 0
-12.450000, 3.250000, 0
-12.300000, 3.250000, 0
-12.150000, 3.250000, 0
-12.000000, 3.250000, 0
-11.850000, 3.250000, 0
-11.700000, 3.250000, 0
-11.550000, 3.250000, 0
-11.400000, 3.250000, 0
-11.250000, 3.250000, 0
-11.100000, 3.250000, 0
-10.950000, 3.250000, 0
-10.800000, 3.250000, 0
-10.650000, 3.250000, 0
-10.500000, 3.250000, 0
-10.350000, 3.250000, 0
-10.200000, 3.250000, 0
-10.050000, 3.250000, 0
-9.900000, 3.250000, 0
-9.750000, 3.250000, 0
-9.600000, 3.250000, 0
-9.450000, 3.250000, 0
-9.300000, 3.250000, 0
-9.150000, 3.250000, 0
-9.000000, 3.250000, 0
-8.850000, 3.250000, 0
-8.700000, 3.250000, 0
-8.550000, 3.250000, 0
-8.400000, 3.250000, 0
-8.250000, 3.250000, 0
-8.100000, 3.250000, 0
-7.950000, 3.250000, 0
-7.800000, 3.250000, 0
-7.650000, 3.250000, 0
-7.500000, 3.250000, 0
-7.350000, 3.250000, 0
-7.200000, 3.250000, 0
-7.050000, 3.250000, 0
-6.900000, 3.250000, 0
-6.750000, 3.250000, 0
-6.600000, 3.250000, 5
-6.450000, 3.250000, 2
-6.300000, 3.250000, 2
-6.150000, 3.250000, 2
-6.000000, 3.250000, 2
-5.850000, 3.250000, 2
-5.700000, 3.250000, 2
-5.550000, 3.250000, 2
-5.400000, 3.250000, 2
-5.250000, 3.250000, 2
-5.100000, 3.250000, 2
-4.950000, 3.250000, 2
-4.800000, 3.250000, 2
-4.650000, 3.250000, 2
-4.500000, 3.250000, 2
-4.350000, 3.250000, 2
-4.200000, 3.250000, 2
-4.050000, 3.250000, 6
-3.900000, 3.250000, 3
-3.750000, 3.250000, 1
-3.600000, 3.250000, 4
-3.450000, 3.250000, 3
-3.300000, 3.250000, 10
-3.150000, 3.250000, 9
-3.000000, 3.250000, 9
-2.850000, 3.250000, 9
-2.700000, 3.250000, 9
-2.550000, 3.250000, 9
-2.400000, 3.250000, 9
-2.250000, 3.250000, 9
-2.100000, 3.250000, 9
-1.950000, 3.250000, 9
-1.800000, 3.250000, 9
-1.650000, 3.250000, 9
-1.500000, 3.250000, 9
-1.350000, 3.250000, 9
-1.200000, 3.250000, 10
-1.050000, 3.250000, 8
-0.900000, 3.250000, 4
-0.750000, 3.250000, 4
-0.600000, 3.250000, 4
-0.450000, 3.250000, 0
-0.300000, 3.250000, 10
-0.150000, 3.250000, 10
-0.000000, 3.250000, 10
0.150000, 3.250000, 10
0.300000, 3.250000, 10
0.450000, 3.250000, 10
0.600000, 3.250000, 10
0.750000, 3.250000, 10
0.900000, 3.250000, 10
1.050000, 3.250000, 4
1.200000, 3.250000, 4
1.350000, 3.250000, 4
1.500000, 3.250000, 4
1.650000, 3.250000, 4
1.800000, 3.250000, 4
1.950000, 3.250000, 4
2.100000, 3.250000, 4
2.250000, 3.250000, 4
2.400000, 3.250000, 4
2.550000, 3.250000, 4
2.700000, 3.250000, 4
2.850000, 3.250000, 4
3.000000, 3.250000, 4
3.150000, 3.250000, 1
3.300000, 3.250000, 4
3.450000, 3.250000, 6
3.600000, 3.250000, 6
3.750000, 3.250000, 6
3.900000, 3.250000, 6
4.050000, 3.250000, 6
4.200000, 3.250000, 6
4.350000, 3.250000, 6
4.500000, 3.250000, 6
4.650000, 3.250000, 6
4.800000, 3.250000, 6
4.950000, 3.250000, 6
5.100000, 3.250000, 6
5.250000, 3.250000, 6
5.400000, 3.250000, 6
5.550000, 3.250000, 6
5.700000, 3.250000, 6
5.850000, 3.250000, 6
6.000000, 3.250000, 6
6.150000, 3.250000, 6
6.300000, 3.250000, 6
6.450000, 3.250000, 6
6.600000, 3.250000, 6
6.750000, 3.250000, 6
6.900000, 3.250000, 6
7.050000, 3.250000, 6
7.200000, 3.250000, 6
7.350000, 3.250000, 6
7.500000, 3.250000, 6
7.650000, 3.250000, 6
7.800000, 3.250000, 6
7.950000, 3.250000, 6
8.100000, 3.250000, 6
8.250000, 3.250000, 6
8.400000, 3.250000, 6
8.550000, 3.250000, 6
8.700000, 3.250000, 8
8.850000, 3.250000, 6
9.000000, 3.250000, 10
9.150000, 3.250000, 3
9.300000, 3.250000, 10
9.450000, 3.250000, 10
9.600000, 3.250000, 4
9.750000, 3.250000, 4
9.900000, 3.250000, 4
10.050000, 3.250000, 10
10.200000, 3.250000, 10
10.350000, 3.250000, 4
10.500000, 3.250000, 4
10.650000, 3.250000, 4
10.800000, 3.250000, 4
10.950000, 3.250000, 10
11.100000, 3.250000, 10
11.250000, 3.250000, 9
11.400000, 3.250000, 9
11.550000, 3.250000, 8
11.700000, 3.250000, 5
11.850000, 3.250000, 5
12.000000, 3.250000, 5
12.150000, 3.250000, 11
12.300000, 3.250000, 11
12.450000, 3.250000, 0
12.600000, 3.250000, 7
12.750000, 3.250000, 3
12.900000, 3.250000, 3
13.050000, 3.250000, 3
13.200000, 3.250000, 1
13.350000, 3.250000, 6
13.500000, 3.250000, 4
13.650000, 3.250000, 3
13.800000, 3.250000, 3
13.950000, 3.250000, 1
14.100000, 3.250000, 1
14.250000, 3.250000, 1
14.400000, 3.250000, 5
14.550000, 3.250000, 5
14.700000, 3.250000, 5
14.850000, 3.250000, 5
-15.000000, 3.300000, 11
-14.850000, 3.300000, 11
-14.700000, 3.300000, 11
-14.550000, 3.300000, 11
-14.400000, 3.300000, 11
-14.250000, 3.300000, 0
-14.100000, 3.300000, 11
-13.950000, 3.300000, 0
-13.800000, 3.300000, 0
-13.650000, 3.300000, 0
-13.500000, 3.300000, 0
-13.350000, 3.300000, 0
-13.200000, 3.300000, 0
-13.050000, 3.300000, 2
-12.900000, 3.300000, 2
-12.750000, 3.300000, 0
-12.600000, 3.300000, 0
-12.450000, 3.300000, 0
-12.300000, 3.300000, 0
-12.150000, 3.300000, 0
-12.000000, 3.300000, 0
-11.850000, 3.300000, 0
-11.700000, 3.300000, 0
-11.550000, 3.300000, 0
-11.400000, 3.300000, 0
-11.250000, 3.300000, 0
-11.100000, 3.300000, 0
-10.950000, 3.300000, 0
-10.800000, 3.300000, 0
-10.650000, 3.300000, 0
-10.500000, 3.300000, 0
-10.350000, 3.300000, 0
-10.200000, 3.300000, 0
-10.050000, 3.300000, 0
-9.900000, 3.300000, 0
-9.750000, 3.300000, 0
-9.600000, 3.300000, 0
-9.450000, 3.300000, 0
-9.300000, 3.300000, 0
-9.150000, 3.300000, 0
-9.000000, 3.300000, 0
-8.850000, 3.300000, 0
-8.700000, 3.300000, 0
-8.550000, 3.300000, 0
-8.400000, 3.300000, 0
-8.250000, 3.300000, 0
-8.100000, 3.300000, 0
-7.950000, 3.300000, 0
-7.800000, 3.300000, 0
-7.650000, 3.300000, 0
-7.500000, 3.300000, 0
-7.350000, 3.300000, 0
-7.200000, 3.300000, 0
-7.050000, 3.300000, 0
-6.900000, 3.300000, 2
-6.750000, 3.300000, 2
-6.600000, 3.300000, 6
-6.450000, 3.300000, 2
-6.300000, 3.300000, 2
-6.150000, 3.300000, 2
-6.000000, 3.300000, 2
-5.850000, 3.300000, 2
-5.700000, 3.300000, 2
-5.550000, 3.300000, 2
-5.400000, 3.300000, 2
-5.250000, 3.300000, 2
-5.100000, 3.300000, 2
-4.950000, 3.300000, 2
-4.800000, 3.300000, 2
-4.650000, 3.300000, 2
-4.500000, 3.300000, 2
-4.350000, 3.300000, 2
-4.200000, 3.300000, 2
-4.050000, 3.300000, 9
-3.900000, 3.300000, 3
-3.750000, 3.300000, 3
-3.600000, 3.300000, 6
-3.450000, 3.300000, 4
-3.300000, 3.300000, 3
-3.150000, 3.300000, 4
-3.000000, 3.300000, 9
-2.850000, 3.300000, 9
-2.700000, 3.300000, 9
-2.550000, 3.300000, 9
-2.400000, 3.300000, 9
-2.250000, 3.300000, 9
-2.100000, 3.300000, 9
-1.950000, 3.300000, 9
-1.800000, 3.300000, 9
-1.650000, 3.300000, 9
-1.500000, 3.300000, 9
-1.350000, 3.300000, 9
-1.200000, 3.300000, 9
-1.050000, 3.300000, 6
-0.900000, 3.300000, 4
-0.750000, 3.300000, 4
-0.600000, 3.300000, 4
-0.450000, 3.300000, 4
-0.300000, 3.300000, 10
-0.150000, 3.300000, 10
-0.000000, 3.300000, 10
0.150000, 3.300000, 10
0.300000, 3.300000, 10
0.450000, 3.300000, 10
0.600000, 3.300000, 10
0.750000, 3.300000, 10
0.900000, 3.300000, 10
1.050000, 3.300000, 10
1.200000, 3.300000, 4
1.350000, 3.300000, 4
1.500000, 3.300000, 4
1.650000, 3.300000, 4
1.800000, 3.300000, 4
1.950000, 3.300000, 4
2.100000, 3.300000, 4
2.250000, 3.300000, 4
2.400000, 3.300000, 4
2.550000, 3.300000, 4
2.700000, 3.300000, 4
2.850000, 3.300000, 4
3.000000, 3.300000, 4
3.150000, 3.300000, 3
3.300000, 3.300000, 4
3.450000, 3.300000, 6
3.600000, 3.300000, 6
3.750000, 3.300000, 6
3.900000, 3.300000, 6
4.050000, 3.300000, 6
4.200000, 3.300000, 6
4.350000, 3.300000, 6
4.500000, 3.300000, 6
4.650000, 3.300000, 6
4.800000, 3.300000, 6
4.950000, 3.300000, 6
5.100000, 3.300000, 6
5.250000, 3.300000, 6
5.400000, 3.300000, 6
5.550000, 3.300000, 6
5.700000, 3.300000, 6
5.850000, 3.300000, 6
6.000000, 3.300000, 6
6.150000, 3.300000, 6
6.300000, 3.300000, 6
6.450000, 3.300000, 6
6.600000, 3.300000, 6
6.750000, 3.300000, 6
6.900000, 3.300000, 6
7.050000, 3.300000, 6
7.200000, 3.300000, 6
7.350000, 3.300000, 6
7.500000, 3.300000, 6
7.650000, 3.300000, 6
7.800000, 3.300000, 6
7.950000, 3.300000, 6
8.100000, 3.300000, 6
8.250000, 3.300000, 6
8.400000, 3.300000, 6
8.550000, 3.300000, 6
8.700000, 3.300000, 6
8.850000, 3.300000, 1
9.000000, 3.300000, 4
9.150000, 3.300000, 8
9.300000, 3.300000, 10
9.450000, 3.300000, 4
9.600000, 3.300000, 4
9.750000, 3.300000, 4
9.900000, 3.300000, 4
10.050000, 3.300000, 4
10.200000, 3.300000, 10
10.350000, 3.300000, 4
10.500000, 3.300000, 4
10.650000, 3.300000, 4
10.800000, 3.300000, 4
10.950000, 3.300000, 10
11.100000, 3.300000, 10
11.250000, 3.300000, 9
11.400000, 3.300000, 10
11.550000, 3.300000, 3
11.700000, 3.300000, 5
11.850000, 3.300000, 5
12.000000, 3.300000, 5
12.150000, 3.300000, 11
12.300000, 3.300000, 0
12.450000, 3.300000, 0
12.600000, 3.300000, 7
12.750000, 3.300000, 3
12.900000, 3.300000, 3
13.050000, 3.300000, 3
13.200000, 3.300000, 1
13.350000, 3.300000, 6
13.500000, 3.300000, 4
13.650000, 3.300000, 3
13.800000, 3.300000, 3
13.950000, 3.300000, 1
14.100000, 3.300000, 1
14.250000, 3.300000, 1
14.400000, 3.300000, 5
14.550000, 3.300000, 5
14.700000, 3.300000, 5
14.850000, 3.300000, 5
-15.000000, 3.350000, 11
-14.850000, 3.350000, 11
-14.700000, 3.350000, 0
-14.550000, 3.350000, 0
-14.400000, 3.350000, 0
-14.250000, 3.350000, 0
-14.100000, 3.350000, 0
-13.950000, 3.350000, 0
-13.800000, 3.350000, 0
-13.650000, 3.350000, 0
-13.500000, 3.350000, 0
-13.350000, 3.350000, 0
-13.200000, 3.350000, 0
-13.050000, 3.350000, 0
-12.900000, 3.350000, 0
-12.750000, 3.350000, 0
-12.600000, 3.350000, 0
-12.450000, 3.350000, 0
-12.300000, 3.350000, 0
-12.150000, 3.350000, 0
-12.000000, 3.350000, 0
-11.850000, 3.350000, 0
-11.700000, 3.350000, 0
-11.550000, 3.350000, 0
-11.400000, 3.350000, 0
-11.250000, 3.350000, 0
-11.100000, 3.350000, 0
-10.950000, 3.350000, 0
-10.800000, 3.350000, 0
-10.650000, 3.350000, 0
-10.500000, 3.350000, 0
-10.350000, 3.350000, 0
-10.200000, 3.350000, 0
-10.050000, 3.350000, 0
-9.900000, 3.350000, 0
-9.750000, 3.350000, 0
-9.600000, 3.350000, 0
-9.450000, 3.350000, 0
-9.300000, 3.350000, 0
-9.150000, 3.350000, 0
-9.000000, 3.350000, 0
-8.850000, 3.350000, 0
-8.700000, 3.350000, 0
-8.550000, 3.350000, 0
-8.400000, 3.350000, 0
-8.250000, 3.350000, 0
-8.100000, 3.350000, 0
-7.950000, 3.350000, 0
-7.800000, 3.350000, 0
-7.650000, 3.350000, 0
-7.500000, 3.350000, 0
-7.350000, 3.350000, 0
-7.200000, 3.350000, 0
-7.050000, 3.350000, 0
-6.900000, 3.350000, 8
-6.750000, 3.350000, 2
-6.600000, 3.350000, 1
-6.450000, 3.350000, 2
-6.300000, 3.350000, 2
-6.150000, 3.350000, 2
-6.000000, 3.350000, 2
-5.850000, 3.350000, 2
-5.700000, 3.350000, 2
-5.550000, 3.350000, 2
-5.400000, 3.350000, 2
-5.250000, 3.350000, 2
-5.100000, 3.350000, 2
-4.950000, 3.350000, 2
-4.800000, 3.350000, 2
-4.650000, 3.350000, 2
-4.500000, 3.350000, 2
-4.350000, 3.350000, 2
-4.200000, 3.350000, 2
-4.050000, 3.350000, 4
-3.900000, 3.350000, 3
-3.750000, 3.350000, 5
-3.600000, 3.350000, 6
-3.450000, 3.350000, 10
-3.300000, 3.350000, 2
-3.150000, 3.350000, 9
-3.000000, 3.350000, 9
-2.850000, 3.350000, 9
-2.700000, 3.350000, 9
-2.550000, 3.350000, 9
-2.400000, 3.350000, 9
-2.250000, 3.350000, 9
-2.100000, 3.350000, 9
-1.950000, 3.350000, 9
-1.800000, 3.350000, 9
-1.650000, 3.350000, 9
-1.500000, 3.350000, 9
-1.350000, 3.350000, 9
-1.200000, 3.350000, 2
-1.050000, 3.350000, 3
-0.900000, 3.350000, 4
-0.750000, 3.350000, 4
-0.600000, 3.350000, 4
-0.450000, 3.350000, 4
-0.300000, 3.350000, 10
-0.150000, 3.350000, 10
-0.000000, 3.350000, 10
0.150000, 3.350000, 10
0.300000, 3.350000, 10
0.450000, 3.350000, 10
0.600000, 3.350000, 10
0.750000, 3.350000, 10
0.900000, 3.350000, 10
1.050000, 3.350000, 10
1.200000, 3.350000, 5
1.350000, 3.350000, 4
1.500000, 3.350000, 4
1.650000, 3.350000, 4
1.800000, 3.350000, 4
1.950000, 3.350000, 4
2.100000, 3.350000, 4
2.250000, 3.350000, 4
2.400000, 3.350000, 4
2.550000, 3.350000, 4
2.700000, 3.350000, 4
2.850000, 3.350000, 4
3.000000, 3.350000, 4
3.150000, 3.350000, 8
3.300000, 3.350000, 4
3.450000, 3.350000, 6
3.600000, 3.350000, 6
3.750000, 3.350000, 6
3.900000, 3.350000, 6
4.050000, 3.350000, 6
4.200000, 3.350000, 6
4.350000, 3.350000, 6
4.500000, 3.350000, 6
4.650000, 3.350000, 6
4.800000, 3.350000, 6
4.950000, 3.350000, 6
5.100000, 3.350000, 6
5.250000, 3.350000, 6
5.400000, 3.350000, 6
5.550000, 3.350000, 6
5.700000, 3.350000, 6
5.850000, 3.350000, 6
6.000000, 3.350000, 6
6.150000, 3.350000, 6
6.300000, 3.350000, 6
6.450000, 3.350000, 6
6.600000, 3.350000, 6
6.750000, 3.350000, 6
6.900000, 3.350000, 6
7.050000, 3.350000, 6
7.200000, 3.350000, 6
7.350000, 3.350000, 6
7.500000, 3.350000, 6
7.650000, 3.350000, 6
7.800000, 3.350000, 6
7.950000, 3.350000, 6
8.100000, 3.350000, 6
8.250000, 3.350000, 6
8.400000, 3.350000, 6
8.550000, 3.350000, 6
8.700000, 3.350000, 6
8.850000, 3.350000, 5
9.000000, 3.350000, 4
9.150000, 3.350000, 1
9.300000, 3.350000, 6
9.450000, 3.350000, 4
9.600000, 3.350000, 4
9.750000, 3.350000, 4
9.900000, 3.350000, 4
10.050000, 3.350000, 4
10.200000, 3.350000, 10
10.350000, 3.350000, 4
10.500000, 3.350000, 4
10.650000, 3.350000, 4
10.800000, 3.350000, 4
10.950000, 3.350000, 10
11.100000, 3.350000, 10
11.250000, 3.350000, 9
11.400000, 3.350000, 1
11.550000, 3.350000, 1
11.700000, 3.350000, 5
11.850000, 3.350000, 5
12.000000, 3.350000, 6
12.150000, 3.350000, 9
12.300000, 3.350000, 0
12.450000, 3.350000, 0
12.600000, 3.350000, 7
12.750000, 3.350000, 3
12.900000, 3.350000, 3
13.050000, 3.350000, 3
13.200000, 3.350000, 3
13.350000, 3.350000, 6
13.500000, 3.350000, 4
13.650000, 3.350000, 3
13.800000, 3.350000, 3
13.950000, 3.350000, 1
14.100000, 3.350000, 1
14.250000, 3.350000, 1
14.400000, 3.350000, 5
14.550000, 3.350000, 5
14.700000, 3.350000, 5
14.850000, 3.350000, 5
-15.000000, 3.400000, 11
-14.850000, 3.400000, 9
-14.700000, 3.400000, 0
-14.550000, 3.400000, 0
-14.400000, 3.400000, 0
-14.250000, 3.400000, 0
-14.100000, 3.400000, 0
-13.950000, 3.400000, 9
-13.800000, 3.400000, 2
-13.650000, 3.400000, 0
-13.500000, 3.400000, 0
-13.350000, 3.400000, 0
-13.200000, 3.400000, 0
-13.050000, 3.400000, 0
-12.900000, 3.400000, 0
-12.750000, 3.400000, 0
-12.600000, 3.400000, 0
-12.450000, 3.400000, 0
-12.300000, 3.400000, 0
-12.150000, 3.400000, 0
-12.000000, 3.400000, 0
-11.850000, 3.400000, 0
-11.700000, 3.400000, 0
-11.550000, 3.400000, 0
-11.400000, 3.400000, 0
-11.250000, 3.400000, 0
-11.100000, 3.400000, 0
-10.950000, 3.400000, 0
-10.800000, 3.400000, 0
-10.650000, 3.400000, 0
-10.500000, 3.400000, 0
-10.350000, 3.400000, 0
-10.200000, 3.400000, 0
-10.050000, 3.400000, 0
-9.900000, 3.400000, 0
-9.750000, 3.400000, 0
-9.600000, 3.400000, 0
-9.450000, 3.400000, 0
-9.300000, 3.400000, 0
-9.150000, 3.400000, 0
-9.000000, 3.400000, 0
-8.850000, 3.400000, 0
-8.700000, 3.400000, 0
-8.550000, 3.400000, 0
-8.400000, 3.400000, 0
-8.250000, 3.400000, 0
-8.100000, 3.400000, 0
-7.950000, 3.400000, 0
-7.800000, 3.400000, 0
-7.650000, 3.400000, 0
-7.500000, 3.400000, 0
-7.350000, 3.400000, 0
-7.200000, 3.400000, 0
-7.050000, 3.400000, 3
-6.900000, 3.400000, 2
-6.750000, 3.400000, 2
-6.600000, 3.400000, 2
-6.450000, 3.400000, 2
-6.300000, 3.400000, 2
-6.150000, 3.400000, 2
-6.000000, 3.400000, 2
-5.850000, 3.400000, 2
-5.700000, 3.400000, 2
-5.550000, 3.400000, 2
-5.400000, 3.400000, 2
-5.250000, 3.400000, 2
-5.100000, 3.400000, 2
-4.950000, 3.400000, 2
-4.800000, 3.400000, 2
-4.650000, 3.400000, 2
-4.500000, 3.400000, 2
-4.350000, 3.400000, 2
-4.200000, 3.400000, 2
-4.050000, 3.400000, 6
-3.900000, 3.400000, 1
-3.750000, 3.400000, 2
-3.600000, 3.400000, 4
-3.450000, 3.400000, 4
-3.300000, 3.400000, 2
-3.150000, 3.400000, 9
-3.000000, 3.400000, 9
-2.850000, 3.400000, 9
-2.700000, 3.400000, 9
-2.550000, 3.400000, 9
-2.400000, 3.400000, 9
-2.250000, 3.400000, 9
-2.100000, 3.400000, 9
-1.950000, 3.400000, 9
-1.800000, 3.400000, 9
-1.650000, 3.400000, 9
-1.500000, 3.400000, 9
-1.350000, 3.400000, 9
-1.200000, 3.400000, 2
-1.050000, 3.400000, 8
-0.900000, 3.400000, 4
-0.750000, 3.400000, 4
-0.600000, 3.400000, 4
-0.450000, 3.400000, 4
-0.300000, 3.400000, 10
-0.150000, 3.400000, 10
-0.000000, 3.400000, 10
0.150000, 3.400000, 10
0.300000, 3.400000, 10
0.450000, 3.400000, 10
0.600000, 3.400000, 10
0.750000, 3.400000, 10
0.900000, 3.400000, 10
1.050000, 3.400000, 10
1.200000, 3.400000, 6
1.350000, 3.400000, 4
1.500000, 3.400000, 4
1.650000, 3.400000, 4
1.800000, 3.400000, 4
1.950000, 3.400000, 4
2.100000, 3.400000, 4
2.250000, 3.400000, 4
2.400000, 3.400000, 4
2.550000, 3.400000, 4
2.700000, 3.400000, 4
2.850000, 3.400000, 4
3.000000, 3.400000, 4
3.150000, 3.400000, 10
3.300000, 3.400000, 4
3.450000, 3.400000, 6
3.600000, 3.400000, 6
3.750000, 3.400000, 6
3.900000, 3.400000, 6
4.050000, 3.400000, 6
4.200000, 3.400000, 6
4.350000, 3.400000, 6
4.500000, 3.400000, 6
4.650000, 3.400000, 6
4.800000, 3.400000, 6
4.950000, 3.400000, 6
5.100000, 3.400000, 6
5.250000, 3.400000, 6
5.400000, 3.400000, 6
5.550000, 3.400000, 6
5.700000, 3.400000, 6
5.850000, 3.400000, 6
6.000000, 3.400000, 6
6.150000, 3.400000, 6
6.300000, 3.400000, 6
6.450000, 3.400000, 6
6.600000, 3.400000, 6
6.750000, 3.400000, 6
6.900000, 3.400000, 6
7.050000, 3.400000, 6
7.200000, 3.400000, 6
7.350000, 3.400000, 6
7.500000, 3.400000, 6
7.650000, 3.400000, 6
7.800000, 3.400000, 6
7.950000, 3.400000, 6
8.100000, 3.400000, 6
8.250000, 3.400000, 6
8.400000, 3.400000, 6
8.550000, 3.400000, 6
8.700000, 3.400000, 6
8.850000, 3.400000, 6
9.000000, 3.400000, 4
9.150000, 3.400000, 5
9.300000, 3.400000, 6
9.450000, 3.400000, 4
9.600000, 3.400000, 4
9.750000, 3.400000, 4
9.900000, 3.400000, 4
10.050000, 3.400000, 4
10.200000, 3.400000, 10
10.350000, 3.400000, 10
10.500000, 3.400000, 4
10.650000, 3.400000, 4
10.800000, 3.400000, 4
10.950000, 3.400000, 10
11.100000, 3.400000, 10
11.250000, 3.400000, 9
11.400000, 3.400000, 4
11.550000, 3.400000, 4
11.700000, 3.400000, 6
11.850000, 3.400000, 6
12.000000, 3.400000, 10
12.150000, 3.400000, 9
12.300000, 3.400000, 0
12.450000, 3.400000, 0
12.600000, 3.400000, 2
12.750000, 3.400000, 3
12.900000, 3.400000, 3
13.050000, 3.400000, 3
13.200000, 3.400000, 3
13.350000, 3.400000, 3
13.500000, 3.400000, 3
13.650000, 3.400000, 3
13.800000, 3.400000, 3
13.950000, 3.400000, 1
14.100000, 3.400000, 1
14.250000, 3.400000, 1
14.400000, 3.400000, 5
14.550000, 3.400000, 5
14.700000, 3.400000, 5
14.850000, 3.400000, 5
-15.000000, 3.450000, 0
-14.850000, 3.450000, 0
-14.700000, 3.450000, 0
-14.550000, 3.450000, 0
-14.400000, 3.450000, 0
-14.250000, 3.450000, 0
-14.100000, 3.450000, 0
-13.950000, 3.450000, 4
-13.800000, 3.450000, 2
-13.650000, 3.450000, 0
-13.500000, 3.450000, 0
-13.350000, 3.450000, 0
-13.200000, 3.450000, 0
-13.050000, 3.450000, 0
-12.900000, 3.450000, 0
-12.750000, 3.450000, 0
-12.600000, 3.450000, 0
-12.450000, 3.450000, 0
-12.300000, 3.450000, 0
-12.150000, 3.450000, 0
-12.000000, 3.450000, 0
-11.850000, 3.450000, 0
-11.700000, 3.450000, 0
-11.550000, 3.450000, 0
-11.400000, 3.450000, 0
-11.250000, 3.450000, 0
-11.100000, 3.450000, 0
-10.950000, 3.450000, 0
-10.800000, 3.450000, 0
-10.650000, 3.450000, 0
-10.500000, 3.450000, 0
-10.350000, 3.450000, 0
-10.200000, 3.450000, 0
-10.050000, 3.450000, 0
-9.900000, 3.450000, 0
-9.750000, 3.450000, 0
-9.600000, 3.450000, 0
-9.450000, 3.450000, 0
-9.300000, 3.450000, 0
-9.150000, 3.450000, 0
-9.000000, 3.450000, 0
-8.850000, 3.450000, 0
-8.700000, 3.450000, 0
-8.550000, 3.450000, 0
-8.400000, 3.450000, 0
-8.250000, 3.450000, 0
-8.100000, 3.450000, 0
-7.950000, 3.450000, 0
-7.800000, 3.450000, 0
-7.650000, 3.450000, 0
-7.500000, 3.450000, 0
-7.350000, 3.450000, 0
-7.200000, 3.450000, 0
-7.050000, 3.450000, 2
-6.900000, 3.450000, 2
-6.750000, 3.450000, 2
-6.600000, 3.450000, 2
-6.450000, 3.450000, 2
-6.300000, 3.450000, 2
-6.150000, 3.450000, 2
-6.000000, 3.450000, 2
-5.850000, 3.450000, 2
-5.700000, 3.450000, 2
-5.550000, 3.450000, 2
-5.400000, 3.450000, 2
-5.250000, 3.450000, 2
-5.100000, 3.450000, 2
-4.950000, 3.450000, 2
-4.800000, 3.450000, 2
-4.650000, 3.450000, 2
-4.500000, 3.450000, 2
-4.350000, 3.450000, 2
-4.200000, 3.450000, 0
-4.050000, 3.450000, 6
-3.900000, 3.450000, 8
-3.750000, 3.450000, 10
-3.600000, 3.450000, 4
-3.450000, 3.450000, 4
-3.300000, 3.450000, 9
-3.150000, 3.450000, 9
-3.000000, 3.450000, 9
-2.850000, 3.450000, 9
-2.700000, 3.450000, 9
-2.550000, 3.450000, 9
-2.400000, 3.450000, 9
-2.250000, 3.450000, 9
-2.100000, 3.450000, 9
-1.950000, 3.450000, 9
-1.800000, 3.450000, 9
-1.650000, 3.450000, 9
-1.500000, 3.450000, 9
-1.350000, 3.450000, 9
-1.200000, 3.450000, 3
-1.050000, 3.450000, 7
-0.900000, 3.450000, 4
-0.750000, 3.450000, 4
-0.600000, 3.450000, 4
-0.450000, 3.450000, 4
-0.300000, 3.450000, 10
-0.150000, 3.450000, 10
-0.000000, 3.450000, 10
0.150000, 3.450000, 10
0.300000, 3.450000, 10
0.450000, 3.450000, 10
0.600000, 3.450000, 10
0.750000, 3.450000, 10
0.900000, 3.450000, 10
1.050000, 3.450000, 10
1.200000, 3.450000, 4
1.350000, 3.450000, 4
1.500000, 3.450000, 4
1.650000, 3.450000, 4
1.800000, 3.450000, 4
1.950000, 3.450000, 4
2.100000, 3.450000, 4
2.250000, 3.450000, 4
2.400000, 3.450000, 4
2.550000, 3.450000, 4
2.700000, 3.450000, 4
2.850000, 3.450000, 4
3.000000, 3.450000, 4
3.150000, 3.450000, 10
3.300000, 3.450000, 10
3.450000, 3.450000, 6
3.600000, 3.450000, 6
3.750000, 3.450000, 6
3.900000, 3.450000, 6
4.050000, 3.450000, 6
4.200000, 3.450000, 6
4.350000, 3.450000, 6
4.500000, 3.450000, 6
4.650000, 3.450000, 6
4.800000, 3.450000, 6
4.950000, 3.450000, 6
5.100000, 3.450000, 6
5.250000, 3.450000, 6
5.400000, 3.450000, 6
5.550000, 3.450000, 6
5.700000, 3.450000, 6
5.850000, 3.450000, 6
6.000000, 3.450000, 6
6.150000, 3.450000, 6
6.300000, 3.450000, 6
6.450000, 3.450000, 6
6.600000, 3.450000, 6
6.750000, 3.450000, 6
6.900000, 3.450000, 6
7.050000, 3.450000, 6
7.200000, 3.450000, 6
7.350000, 3.450000, 6
7.500000, 3.450000, 6
7.650000, 3.450000, 6
7.800000, 3.450000, 6
7.950000, 3.450000, 6
8.100000, 3.450000, 6
8.250000, 3.450000, 6
8.400000, 3.450000, 6
8.550000, 3.450000, 6
8.700000, 3.450000, 6
8.850000, 3.450000, 6
9.000000, 3.450000, 0
9.150000, 3.450000, 1
9.300000, 3.450000, 6
9.450000, 3.450000, 4
9.600000, 3.450000, 4
9.750000, 3.450000, 4
9.900000, 3.450000, 4
10.050000, 3.450000, 2
10.200000, 3.450000, 10
10.350000, 3.450000, 10
10.500000, 3.450000, 4
10.650000, 3.450000, 4
10.800000, 3.450000, 4
10.950000, 3.450000, 10
11.100000, 3.450000, 10
11.250000, 3.450000, 10
11.400000, 3.450000, 4
11.550000, 3.450000, 4
11.700000, 3.450000, 6
11.850000, 3.450000, 6
12.000000, 3.450000, 10
12.150000, 3.450000, 9
12.300000, 3.450000, 9
12.450000, 3.450000, 2
12.600000, 3.450000, 2
12.750000, 3.450000, 2
12.900000, 3.450000, 3
13.050000, 3.450000, 3
13.200000, 3.450000, 3
13.350000, 3.450000, 3
13.500000, 3.450000, 3
13.650000, 3.450000, 3
13.800000, 3.450000, 1
13.950000, 3.450000, 1
14.100000, 3.450000, 1
14.250000, 3.450000, 1
14.400000, 3.450000, 5
14.550000, 3.450000, 5
14.700000, 3.450000, 5
14.850000, 3.450000, 5
-15.000000, 3.500000, 0
-14.850000, 3.500000, 0
-14.700000, 3.500000, 0
-14.550000, 3.500000, 0
-14.400000, 3.500000, 0
-14.250000, 3.500000, 0
-14.100000, 3.500000, 2
-13.950000, 3.500000, 2
-13.800000, 3.500000, 2
-13.650000, 3.500000, 0
-13.500000, 3.500000, 0
-13.350000, 3.500000, 0
-13.200000, 3.500000, 0
-13.050000, 3.500000, 0
-12.900000, 3.500000, 0
-12.750000, 3.500000, 0
-12.600000, 3.500000, 0
-12.450000, 3.500000, 0
-12.300000, 3.500000, 0
-12.150000, 3.500000, 0
-12.000000, 3.500000, 0
-11.850000, 3.500000, 0
-11.700000, 3.500000, 0
-11.550000, 3.500000, 0
-11.400000, 3.500000, 0
-11.250000, 3.500000, 0
-11.100000, 3.500000, 0
-10.950000, 3.500000, 0
-10.800000, 3.500000, 0
-10.650000, 3.500000, 0
-10.500000, 3.500000, 0
-10.350000, 3.500000, 0
-10.200000, 3.500000, 0
-10.050000, 3.500000, 0
-9.900000, 3.500000, 0
-9.750000, 3.500000, 0
-9.600000, 3.500000, 0
-9.450000, 3.500000, 0
-9.300000, 3.500000, 0
-9.150000, 3.500000, 0
-9.000000, 3.500000, 0
-8.850000, 3.500000, 0
-8.700000, 3.500000, 0
-8.550000, 3.500000, 0
-8.400000, 3.500000, 0
-8.250000, 3.500000, 0
-8.100000, 3.500000, 0
-7.950000, 3.500000, 0
-7.800000, 3.500000, 0
-7.650000, 3.500000, 0
-7.500000, 3.500000, 0
-7.350000, 3.500000, 0
-7.200000, 3.500000, 0
-7.050000, 3.500000, 2
-6.900000, 3.500000, 2
-6.750000, 3.500000, 2
-6.600000, 3.500000, 2
-6.450000, 3.500000, 2
-6.300000, 3.500000, 2
-6.150000, 3.500000, 2
-6.000000, 3.500000, 2
-5.850000, 3.500000, 2
-5.700000, 3.500000, 2
-5.550000, 3.500000, 2
-5.400000, 3.500000, 2
-5.250000, 3.500000, 2
-5.100000, 3.500000, 2
-4.950000, 3.500000, 2
-4.800000, 3.500000, 2
-4.650000, 3.500000, 2
-4.500000, 3.500000, 2
-4.350000, 3.500000, 8
-4.200000, 3.500000, 7
-4.050000, 3.500000, 5
-3.900000, 3.500000, 5
-3.750000, 3.500000, 6
-3.600000, 3.500000, 4
-3.450000, 3.500000, 4
-3.300000, 3.500000, 9
-3.150000, 3.500000, 9
-3.000000, 3.500000, 9
-2.850000, 3.500000, 9
-2.700000, 3.500000, 9
-2.550000, 3.500000, 9
-2.400000, 3.500000, 9
-2.250000, 3.500000, 9
-2.100000, 3.500000, 9
-1.950000, 3.500000, 9
-1.800000, 3.500000, 9
-1.650000, 3.500000, 9
-1.500000, 3.500000, 9
-1.350000, 3.500000, 9
-1.200000, 3.500000, 4
-1.050000, 3.500000, 4
-0.900000, 3.500000, 4
-0.750000, 3.500000, 4
-0.600000, 3.500000, 4
-0.450000, 3.500000, 3
-0.300000, 3.500000, 10
-0.150000, 3.500000, 10
-0.000000, 3.500000, 10
0.150000, 3.500000, 10
0.300000, 3.500000, 10
0.450000, 3.500000, 10
0.600000, 3.500000, 10
0.750000, 3.500000, 10
0.900000, 3.500000, 10
1.050000, 3.500000, 10
1.200000, 3.500000, 4
1.350000, 3.500000, 4
1.500000, 3.500000, 4
1.650000, 3.500000, 4
1.800000, 3.500000, 4
1.950000, 3.500000, 4
2.100000, 3.500000, 4
2.250000, 3.500000, 4
2.400000, 3.500000, 4
2.550000, 3.500000, 4
2.700000, 3.500000, 4
2.850000, 3.500000, 4
3.000000, 3.500000, 4
3.150000, 3.500000, 10
3.300000, 3.500000, 4
3.450000, 3.500000, 6
3.600000, 3.500000, 6
3.750000, 3.500000, 6
3.900000, 3.500000, 6
4.050000, 3.500000, 6
4.200000, 3.500000, 6
4.350000, 3.500000, 6
4.500000, 3.500000, 6
4.650000, 3.500000, 6
4.800000, 3.500000, 6
4.950000, 3.500000, 6
5.100000, 3.500000, 6
5.250000, 3.500000, 6
5.400000, 3.500000, 6
5.550000, 3.500000, 6
5.700000, 3.500000, 6
5.850000, 3.500000, 6
6.000000, 3.500000, 6
6.150000, 3.500000, 6
6.300000, 3.500000, 6
6.450000, 3.500000, 6
6.600000, 3.500000, 6
6.750000, 3.500000, 6
6.900000, 3.500000, 6
7.050000, 3.500000, 6
7.200000, 3.500000, 6
7.350000, 3.500000, 6
7.500000, 3.500000, 6
7.650000, 3.500000, 6
7.800000, 3.500000, 6
7.950000, 3.500000, 6
8.100000, 3.500000, 6
8.250000, 3.500000, 6
8.400000, 3.500000, 6
8.550000, 3.500000, 6
8.700000, 3.500000, 6
8.850000, 3.500000, 6
9.000000, 3.500000, 6
9.150000, 3.500000, 6
9.300000, 3.500000, 6
9.450000, 3.500000, 6
9.600000, 3.500000, 4
9.750000, 3.500000, 4
9.900000, 3.500000, 6
10.050000, 3.500000, 9
10.200000, 3.500000, 10
10.350000, 3.500000, 10
10.500000, 3.500000, 4
10.650000, 3.500000, 4
10.800000, 3.500000, 4
10.950000, 3.500000, 10
11.100000, 3.500000, 10
11.250000, 3.500000, 10
11.400000, 3.500000, 4
11.550000, 3.500000, 4
11.700000, 3.500000, 6
11.850000, 3.500000, 6
12.000000, 3.500000, 10
12.150000, 3.500000, 10
12.300000, 3.500000, 9
12.450000, 3.500000, 2
12.600000, 3.500000, 2
12.750000, 3.500000, 2
12.900000, 3.500000, 3
13.050000, 3.500000, 3
13.200000, 3.500000, 3
13.350000, 3.500000, 4
13.500000, 3.500000, 3
13.650000, 3.500000, 1
13.800000, 3.500000, 1
13.950000, 3.500000, 1
14.100000, 3.500000, 1
14.250000, 3.500000, 1
14.400000, 3.500000, 5
14.550000, 3.500000, 5
14.700000, 3.500000, 5
14.850000, 3.500000, 5
-15.000000, 3.550000, 0
-14.850000, 3.550000, 0
-14.700000, 3.550000, 0
-14.550000, 3.550000, 0
-14.400000, 3.550000, 0
-14.250000, 3.550000, 0
-14.100000, 3.550000, 2
-13.950000, 3.550000, 2
-13.800000, 3.550000, 0
-13.650000, 3.550000, 0
-13.500000, 3.550000, 0
-13.350000, 3.550000, 0
-13.200000, 3.550000, 0
-13.050000, 3.550000, 0
-12.900000, 3.550000, 0
-12.750000, 3.550000, 0
-12.600000, 3.550000, 0
-12.450000, 3.550000, 0
-12.300000, 3.550000, 0
-12.150000, 3.550000, 0
-12.000000, 3.550000, 0
-11.850000, 3.550000, 0
-11.700000, 3.550000, 0
-11.550000, 3.550000, 0
-11.400000, 3.550000, 0
-11.250000, 3.550000, 0
-11.100000, 3.550000, 0
-10.950000, 3.550000, 0
-10.800000, 3.550000, 0
-10.650000, 3.550000, 0
-10.500000, 3.550000, 0
-10.350000, 3.550000, 0
-10.200000, 3.550000, 0
-10.050000, 3.550000, 0
-9.900000, 3.550000, 0
-9.750000, 3.550000, 0
-9.600000, 3.550000, 0
-9.450000, 3.550000, 0
-9.300000, 3.550000, 0
-9.150000, 3.550000, 0
-9.000000, 3.550000, 0
-8.850000, 3.550000, 0
-8.700000, 3.550000, 0
-8.550000, 3.550000, 0
-8.400000, 3.550000, 0
-8.250000, 3.550000, 0
-8.100000, 3.550000, 0
-7.950000, 3.550000, 0
-7.800000, 3.550000, 0
-7.650000, 3.550000, 0
-7.500000, 3.550000, 0
-7.350000, 3.550000, 0
-7.200000, 3.550000, 0
-7.050000, 3.550000, 2
-6.900000, 3.550000, 2
-6.750000, 3.550000, 2
-6.600000, 3.550000, 2
-6.450000, 3.550000, 2
-6.300000, 3.550000, 2
-6.150000, 3.550000, 2
-6.000000, 3.550000, 2
-5.850000, 3.550000, 2
-5.700000, 3.550000, 2
-5.550000, 3.550000, 2
-5.400000, 3.550000, 2
-5.250000, 3.550000, 2
-5.100000, 3.550000, 2
-4.950000, 3.550000, 2
-4.800000, 3.550000, 2
-4.650000, 3.550000, 2
-4.500000, 3.550000, 2
-4.350000, 3.550000, 4
-4.200000, 3.550000, 3
-4.050000, 3.550000, 3
-3.900000, 3.550000, 5
-3.750000, 3.550000, 6
-3.600000, 3.550000, 4
-3.450000, 3.550000, 4
-3.300000, 3.550000, 9
-3.150000, 3.550000, 9
-3.000000, 3.550000, 9
-2.850000, 3.550000, 9
-2.700000, 3.550000, 9
-2.550000, 3.550000, 9
-2.400000, 3.550000, 9
-2.250000, 3.550000, 9
-2.100000, 3.550000, 9
-1.950000, 3.550000, 9
-1.800000, 3.550000, 9
-1.650000, 3.550000, 9
-1.500000, 3.550000, 9
-1.350000, 3.550000, 9
-1.200000, 3.550000, 4
-1.050000, 3.550000, 4
-0.900000, 3.550000, 4
-0.750000, 3.550000, 4
-0.600000, 3.550000, 4
-0.450000, 3.550000, 5
-0.300000, 3.550000, 10
-0.150000, 3.550000, 10
-0.000000, 3.550000, 10
0.150000, 3.550000, 10
0.300000, 3.550000, 10
0.450000, 3.550000, 10
0.600000, 3.550000, 10
0.750000, 3.550000, 10
0.900000, 3.550000, 10
1.050000, 3.550000, 10
1.200000, 3.550000, 4
1.350000, 3.550000, 4
1.500000, 3.550000, 4
1.650000, 3.550000, 4
1.800000, 3.550000, 4
1.950000, 3.550000, 4
2.100000, 3.550000, 4
2.250000, 3.550000, 4
2.400000, 3.550000, 4
2.550000, 3.550000, 4
2.700000, 3.550000, 4
2.850000, 3.550000, 4
3.000000, 3.550000, 4
3.150000, 3.550000, 10
3.300000, 3.550000, 4
3.450000, 3.550000, 1
3.600000, 3.550000, 4
3.750000, 3.550000, 6
3.900000, 3.550000, 6
4.050000, 3.550000, 6
4.200000, 3.550000, 6
4.350000, 3.550000, 6
4.500000, 3.550000, 6
4.650000, 3.550000, 6
4.800000, 3.550000, 6
4.950000, 3.550000, 6
5.100000, 3.550000, 6
5.250000, 3.550000, 6
5.400000, 3.550000, 6
5.550000, 3.550000, 6
5.700000, 3.550000, 6
5.850000, 3.550000, 6
6.000000, 3.550000, 6
6.150000, 3.550000, 6
6.300000, 3.550000, 6
6.450000, 3.550000, 6
6.600000, 3.550000, 6
6.750000, 3.550000, 6
6.900000, 3.550000, 6
7.050000, 3.550000, 6
7.200000, 3.550000, 6
7.350000, 3.550000, 6
7.500000, 3.550000, 6
7.650000, 3.550000, 6
7.800000, 3.550000, 6
7.950000, 3.550000, 6
8.100000, 3.550000, 6
8.250000, 3.550000, 6
8.400000, 3.550000, 6
8.550000, 3.550000, 6
8.700000, 3.550000, 6
8.850000, 3.550000, 6
9.000000, 3.550000, 6
9.150000, 3.550000, 6
9.300000, 3.550000, 6
9.450000, 3.550000, 6
9.600000, 3.550000, 10
9.750000, 3.550000, 4
9.900000, 3.550000, 5
10.050000, 3.550000, 0
10.200000, 3.550000, 10
10.350000, 3.550000, 10
10.500000, 3.550000, 4
10.650000, 3.550000, 4
10.800000, 3.550000, 4
10.950000, 3.550000, 10
11.100000, 3.550000, 10
11.250000, 3.550000, 10
11.400000, 3.550000, 4
11.550000, 3.550000, 4
11.700000, 3.550000, 4
11.850000, 3.550000, 4
12.000000, 3.550000, 10
12.150000, 3.550000, 10
12.300000, 3.550000, 9
12.450000, 3.550000, 9
12.600000, 3.550000, 2
12.750000, 3.550000, 2
12.900000, 3.550000, 3
13.050000, 3.550000, 3
13.200000, 3.550000, 4
13.350000, 3.550000, 4
13.500000, 3.550000, 1
13.650000, 3.550000, 1
13.800000, 3.550000, 1
13.950000, 3.550000, 1
14.100000, 3.550000, 1
14.250000, 3.550000, 1
14.400000, 3.550000, 5
14.550000, 3.550000, 5
14.700000, 3.550000, 5
14.850000, 3.550000, 5
-15.000000, 3.600000, 0
-14.850000, 3.600000, 0
-14.700000, 3.600000, 0
-14.550000, 3.600000, 0
-14.400000, 3.600000, 0
-14.250000, 3.600000, 0
-14.100000, 3.600000, 2
-13.950000, 3.600000, 2
-13.800000, 3.600000, 0
-13.650000, 3.600000, 0
-13.500000, 3.600000, 0
-13.350000, 3.600000, 0
-13.200000, 3.600000, 0
-13.050000, 3.600000, 0
-12.900000, 3.600000, 0
-12.750000, 3.600000, 0
-12.600000, 3.600000, 0
-12.450000, 3.600000, 0
-12.300000, 3.600000, 0
-12.150000, 3.600000, 0
-12.000000, 3.600000, 0
-11.850000, 3.600000, 0
-11.700000, 3.600000, 0
-11.550000, 3.600000, 0
-11.400000, 3.600000, 0
-11.250000, 3.600000, 0
-11.100000, 3.600000, 0
-10.950000, 3.600000, 0
-10.800000, 3.600000, 0
-10.650000, 3.600000, 0
-10.500000, 3.600000, 0
-10.350000, 3.600000, 0
-10.200000, 3.600000, 0
-10.050000, 3.600000, 0
-9.900000, 3.600000, 0
-9.750000, 3.600000, 0
-9.600000, 3.600000, 0
-9.450000, 3.600000, 0
-9.300000, 3.600000, 0
-9.150000, 3.600000, 0
-9.000000, 3.600000, 0
-8.850000, 3.600000, 0
-8.700000, 3.600000, 0
-8.550000, 3.600000, 0
-8.400000, 3.600000, 0
-8.250000, 3.600000, 0
-8.100000, 3.600000, 0
-7.950000, 3.600000, 0
-7.800000, 3.600000, 0
-7.650000, 3.600000, 0
-7.500000, 3.600000, 0
-7.350000, 3.600000, 2
-7.200000, 3.600000, 2
-7.050000, 3.600000, 3
-6.900000, 3.600000, 2
-6.750000, 3.600000, 2
-6.600000, 3.600000, 2
-6.450000, 3.600000, 2
-6.300000, 3.600000, 2
-6.150000, 3.600000, 2
-6.000000, 3.600000, 2
-5.850000, 3.600000, 2
-5.700000, 3.600000, 2
-5.550000, 3.600000, 2
-5.400000, 3.600000, 2
-5.250000, 3.600000, 2
-5.100000, 3.600000, 2
-4.950000, 3.600000, 2
-4.800000, 3.600000, 2
-4.650000, 3.600000, 2
-4.500000, 3.600000, 2
-4.350000, 3.600000, 5
-4.200000, 3.600000, 3
-4.050000, 3.600000, 1
-3.900000, 3.600000, 4
-3.750000, 3.600000, 5
-3.600000, 3.600000, 4
-3.450000, 3.600000, 4
-3.300000, 3.600000, 9
-3.150000, 3.600000, 9
-3.000000, 3.600000, 9
-2.850000, 3.600000, 9
-2.700000, 3.600000, 9
-2.550000, 3.600000, 9
-2.400000, 3.600000, 9
-2.250000, 3.600000, 9
-2.100000, 3.600000, 9
-1.950000, 3.600000, 9
-1.800000, 3.600000, 9
-1.650000, 3.600000, 9
-1.500000, 3.600000, 9
-1.350000, 3.600000, 9
-1.200000, 3.600000, 4
-1.050000, 3.600000, 4
-0.900000, 3.600000, 4
-0.750000, 3.600000, 4
-0.600000, 3.600000, 4
-0.450000, 3.600000, 4
-0.300000, 3.600000, 10
-0.150000, 3.600000, 10
-0.000000, 3.600000, 10
0.150000, 3.600000, 10
0.300000, 3.600000, 10
0.450000, 3.600000, 10
0.600000, 3.600000, 10
0.750000, 3.600000, 10
0.900000, 3.600000, 10
1.050000, 3.600000, 10
1.200000, 3.600000, 4
1.350000, 3.600000, 4
1.500000, 3.600000, 4
1.650000, 3.600000, 4
1.800000, 3.600000, 4
1.950000, 3.600000, 4
2.100000, 3.600000, 4
2.250000, 3.600000, 4
2.400000, 3.600000, 4
2.550000, 3.600000, 4
2.700000, 3.600000, 4
2.850000, 3.600000, 4
3.000000, 3.600000, 4
3.150000, 3.600000, 4
3.300000, 3.600000, 6
3.450000, 3.600000, 3
3.600000, 3.600000, 4
3.750000, 3.600000, 6
3.900000, 3.600000, 6
4.050000, 3.600000, 6
4.200000, 3.600000, 6
4.350000, 3.600000, 6
4.500000, 3.600000, 6
4.650000, 3.600000, 6
4.800000, 3.600000, 6
4.950000, 3.600000, 6
5.100000, 3.600000, 6
5.250000, 3.600000, 6
5.400000, 3.600000, 6
5.550000, 3.600000, 6
5.700000, 3.600000, 6
5.850000, 3.600000, 6
6.000000, 3.600000, 6
6.150000, 3.600000, 6
6.300000, 3.600000, 6
6.450000, 3.600000, 6
6.600000, 3.600000, 6
6.750000, 3.600000, 6
6.900000, 3.600000, 6
7.050000, 3.600000, 6
7.200000, 3.600000, 6
7.350000, 3.600000, 6
7.500000, 3.600000, 6
7.650000, 3.600000, 6
7.800000, 3.600000, 6
7.950000, 3.600000, 6
8.100000, 3.600000, 6
8.250000, 3.600000, 6
8.400000, 3.600000, 6
8.550000, 3.600000, 6
8.700000, 3.600000, 6
8.850000, 3.600000, 6
9.000000, 3.600000, 6
9.150000, 3.600000, 6
9.300000, 3.600000, 6
9.450000, 3.600000, 6
9.600000, 3.600000, 4
9.750000, 3.600000, 10
9.900000, 3.600000, 7
10.050000, 3.600000, 7
10.200000, 3.600000, 10
10.350000, 3.600000, 4
10.500000, 3.600000, 4
10.650000, 3.600000, 4
10.800000, 3.600000, 4
10.950000, 3.600000, 4
11.100000, 3.600000, 10
11.250000, 3.600000, 10
11.400000, 3.600000, 4
11.550000, 3.600000, 4
11.700000, 3.600000, 4
11.850000, 3.600000, 4
12.000000, 3.600000, 10
12.150000, 3.600000, 10
12.300000, 3.600000, 9
12.450000, 3.600000, 9
12.600000, 3.600000, 2
12.750000, 3.600000, 2
12.900000, 3.600000, 4
13.050000, 3.600000, 4
13.200000, 3.600000, 4
13.350000, 3.600000, 4
13.500000, 3.600000, 6
13.650000, 3.600000, 1
13.800000, 3.600000, 1
13.950000, 3.600000, 1
14.100000, 3.600000, 1
14.250000, 3.600000, 1
14.400000, 3.600000, 5
14.550000, 3.600000, 5
14.700000, 3.600000, 5
14.850000, 3.600000, 5
-15.000000, 3.650000, 0
-14.850000, 3.650000, 0
-14.700000, 3.650000, 0
-14.550000, 3.650000, 0
-14.400000, 3.650000, 0
-14.250000, 3.650000, 0
-14.100000, 3.650000, 2
-13.950000, 3.650000, 0
-13.800000, 3.650000, 0
-13.650000, 3.650000, 0
-13.500000, 3.650000, 0
-13.350000, 3.650000, 0
-13.200000, 3.650000, 0
-13.050000, 3.650000, 0
-12.900000, 3.650000, 0
-12.750000, 3.650000, 0
-12.600000, 3.650000, 0
-12.450000, 3.650000, 0
-12.300000, 3.650000, 0
-12.150000, 3.650000, 0
-12.000000, 3.650000, 0
-11.850000, 3.650000, 0
-11.700000, 3.650000, 0
-11.550000, 3.650000, 0
-11.400000, 3.650000, 0
-11.250000, 3.650000, 0
-11.100000, 3.650000, 0
-10.950000, 3.650000, 0
-10.800000, 3.650000, 0
-10.650000, 3.650000, 0
-10.500000, 3.650000, 0
-10.350000, 3.650000, 0
-10.200000, 3.650000, 0
-10.050000, 3.650000, 0
-9.900000, 3.650000, 0
-9.750000, 3.650000, 0
-9.600000, 3.650000, 0
-9.450000, 3.650000, 0
-9.300000, 3.650000, 0
-9.150000, 3.650000, 0
-9.000000, 3.650000, 0
-8.850000, 3.650000, 0
-8.700000, 3.650000, 0
-8.550000, 3.650000, 0
-8.400000, 3.650000, 0
-8.250000, 3.650000, 0
-8.100000, 3.650000, 0
-7.950000, 3.650000, 0
-7.800000, 3.650000, 0
-7.650000, 3.650000, 0
-7.500000, 3.650000, 0
-7.350000, 3.650000, 2
-7.200000, 3.650000, 7
-7.050000, 3.650000, 2
-6.900000, 3.650000, 2
-6.750000, 3.650000, 2
-6.600000, 3.650000, 2
-6.450000, 3.650000, 2
-6.300000, 3.650000, 2
-6.150000, 3.650000, 2
-6.000000, 3.650000, 2
-5.850000, 3.650000, 2
-5.700000, 3.650000, 2
-5.550000, 3.650000, 2
-5.400000, 3.650000, 2
-5.250000, 3.650000, 2
-5.100000, 3.650000, 2
-4.950000, 3.650000, 2
-4.800000, 3.650000, 2
-4.650000, 3.650000, 2
-4.500000, 3.650000, 6
-4.350000, 3.650000, 6
-4.200000, 3.650000, 3
-4.050000, 3.650000, 3
-3.900000, 3.650000, 6
-3.750000, 3.650000, 4
-3.600000, 3.650000, 5
-3.450000, 3.650000, 6
-3.300000, 3.650000, 9
-3.150000, 3.650000, 9
-3.000000, 3.650000, 9
-2.850000, 3.650000, 9
-2.700000, 3.650000, 9
-2.550000, 3.650000, 9
-2.400000, 3.650000, 9
-2.250000, 3.650000, 9
-2.100000, 3.650000, 9
-1.950000, 3.650000, 9
-1.800000, 3.650000, 9
-1.650000, 3.650000, 9
-1.500000, 3.650000, 9
-1.350000, 3.650000, 9
-1.200000, 3.650000, 3
-1.050000, 3.650000, 6
-0.900000, 3.650000, 4
-0.750000, 3.650000, 4
-0.600000, 3.650000, 4
-0.450000, 3.650000, 4
-0.300000, 3.650000, 10
-0.150000, 3.650000, 10
-0.000000, 3.650000, 10
0.150000, 3.650000, 10
0.300000, 3.650000, 10
0.450000, 3.650000, 10
0.600000, 3.650000, 10
0.750000, 3.650000, 10
0.900000, 3.650000, 10
1.050000, 3.650000, 10
1.200000, 3.650000, 10
1.350000, 3.650000, 10
1.500000, 3.650000, 4
1.650000, 3.650000, 4
1.800000, 3.650000, 4
1.950000, 3.650000, 4
2.100000, 3.650000, 4
2.250000, 3.650000, 4
2.400000, 3.650000, 4
2.550000, 3.650000, 4
2.700000, 3.650000, 4
2.850000, 3.650000, 4
3.000000, 3.650000, 4
3.150000, 3.650000, 4
3.300000, 3.650000, 10
3.450000, 3.650000, 3
3.600000, 3.650000, 4
3.750000, 3.650000, 4
3.900000, 3.650000, 6
4.050000, 3.650000, 6
4.200000, 3.650000, 6
4.350000, 3.650000, 6
4.500000, 3.650000, 6
4.650000, 3.650000, 6
4.800000, 3.650000, 6
4.950000, 3.650000, 6
5.100000, 3.650000, 6
5.250000, 3.650000, 6
5.400000, 3.650000, 6
5.550000, 3.650000, 6
5.700000, 3.650000, 6
5.850000, 3.650000, 6
6.000000, 3.650000, 6
6.150000, 3.650000, 6
6.300000, 3.650000, 6
6.450000, 3.650000, 6
6.600000, 3.650000, 6
6.750000, 3.650000, 6
6.900000, 3.650000, 6
7.050000, 3.650000, 6
7.200000, 3.650000, 6
7.350000, 3.650000, 6
7.500000, 3.650000, 6
7.650000, 3.650000, 6
7.800000, 3.650000, 6
7.950000, 3.650000, 6
8.100000, 3.650000, 6
8.250000, 3.650000, 6
8.400000, 3.650000, 6
8.550000, 3.650000, 6
8.700000, 3.650000, 6
8.850000, 3.650000, 6
9.000000, 3.650000, 6
9.150000, 3.650000, 6
9.300000, 3.650000, 6
9.450000, 3.650000, 6
9.600000, 3.650000, 6
9.750000, 3.650000, 10
9.900000, 3.650000, 1
10.050000, 3.650000, 5
10.200000, 3.650000, 10
10.350000, 3.650000, 4
10.500000, 3.650000, 4
10.650000, 3.650000, 4
10.800000, 3.650000, 4
10.950000, 3.650000, 4
11.100000, 3.650000, 10
11.250000, 3.650000, 10
11.400000, 3.650000, 4
11.550000, 3.650000, 4
11.700000, 3.650000, 4
11.850000, 3.650000, 10
12.000000, 3.650000, 10
12.150000, 3.650000, 10
12.300000, 3.650000, 9
12.450000, 3.650000, 9
12.600000, 3.650000, 9
12.750000, 3.650000, 4
12.900000, 3.650000, 4
13.050000, 3.650000, 4
13.200000, 3.650000, 4
13.350000, 3.650000, 4
13.500000, 3.650000, 6
13.650000, 3.650000, 1
13.800000, 3.650000, 1
13.950000, 3.650000, 1
14.100000, 3.650000, 1
14.250000, 3.650000, 1
14.400000, 3.650000, 5
14.550000, 3.650000, 5
14.700000, 3.650000, 5
14.850000, 3.650000, 5
-15.000000, 3.700000, 2
-14.850000, 3.700000, 0
-14.700000, 3.700000, 0
-14.550000, 3.700000, 0
-14.400000, 3.700000, 0
-14.250000, 3.700000, 0
-14.100000, 3.700000, 0
-13.950000, 3.700000, 0
-13.800000, 3.700000, 0
-13.650000, 3.700000, 0
-13.500000, 3.700000, 0
-13.350000, 3.700000, 0
-13.200000, 3.700000, 0
-13.050000, 3.700000, 0
-12.900000, 3.700000, 0
-12.750000, 3.700000, 0
-12.600000, 3.700000, 0
-12.450000, 3.700000, 0
-12.300000, 3.700000, 0
-12.150000, 3.700000, 0
-12.000000, 3.700000, 0
-11.850000, 3.700000, 0
-11.700000, 3.700000, 0
-11.550000, 3.700000, 0
-11.400000, 3.700000, 0
-11.250000, 3.700000, 0
-11.100000, 3.700000, 0
-10.950000, 3.700000, 0
-10.800000, 3.700000, 0
-10.650000, 3.700000, 0
-10.500000, 3.700000, 0
-10.350000, 3.700000, 0
-10.200000, 3.700000, 0
-10.050000, 3.700000, 0
-9.900000, 3.700000, 0
-9.750000, 3.700000, 0
-9.600000, 3.700000, 0
-9.450000, 3.700000, 0
-9.300000, 3.700000, 0
-9.150000, 3.700000, 0
-9.000000, 3.700000, 0
-8.850000, 3.700000, 0
-8.700000, 3.700000, 0
-8.550000, 3.700000, 0
-8.400000, 3.700000, 0
-8.250000, 3.700000, 0
-8.100000, 3.700000, 0
-7.950000, 3.700000, 0
-7.800000, 3.700000, 0
-7.650000, 3.700000, 0
-7.500000, 3.700000, 5
-7.350000, 3.700000, 2
-7.200000, 3.700000, 8
-7.050000, 3.700000, 2
-6.900000, 3.700000, 2
-6.750000, 3.700000, 2
-6.600000, 3.700000, 2
-6.450000, 3.700000, 2
-6.300000, 3.700000, 2
-6.150000, 3.700000, 2
-6.000000, 3.700000, 2
-5.850000, 3.700000, 2
-5.700000, 3.700000, 2
-5.550000, 3.700000, 2
-5.400000, 3.700000, 2
-5.250000, 3.700000, 2
-5.100000, 3.700000, 2
-4.950000, 3.700000, 2
-4.800000, 3.700000, 2
-4.650000, 3.700000, 2
-4.500000, 3.700000, 4
-4.350000, 3.700000, 4
-4.200000, 3.700000, 3
-4.050000, 3.700000, 7
-3.900000, 3.700000, 4
-3.750000, 3.700000, 4
-3.600000, 3.700000, 8
-3.450000, 3.700000, 10
-3.300000, 3.700000, 9
-3.150000, 3.700000, 9
-3.000000, 3.700000, 9
-2.850000, 3.700000, 9
-2.700000, 3.700000, 9
-2.550000, 3.700000, 9
-2.400000, 3.700000, 9
-2.250000, 3.700000, 9
-2.100000, 3.700000, 9
-1.950000, 3.700000, 9
-1.800000, 3.700000, 9
-1.650000, 3.700000, 9
-1.500000, 3.700000, 9
-1.350000, 3.700000, 4
-1.200000, 3.700000, 4
-1.050000, 3.700000, 6
-0.900000, 3.700000, 4
-0.750000, 3.700000, 4
-0.600000, 3.700000, 4
-0.450000, 3.700000, 4
-0.300000, 3.700000, 10
-0.150000, 3.700000, 10
-0.000000, 3.700000, 10
0.150000, 3.700000, 10
0.300000, 3.700000, 10
0.450000, 3.700000, 10
0.600000, 3.700000, 10
0.750000, 3.700000, 10
0.900000, 3.700000, 10
1.050000, 3.700000, 10
1.200000, 3.700000, 10
1.350000, 3.700000, 10
1.500000, 3.700000, 4
1.650000, 3.700000, 4
1.800000, 3.700000, 4
1.950000, 3.700000, 4
2.100000, 3.700000, 4
2.250000, 3.700000, 4
2.400000, 3.700000, 4
2.550000, 3.700000, 4
2.700000, 3.700000, 4
2.850000, 3.700000, 4
3.000000, 3.700000, 4
3.150000, 3.700000, 4
3.300000, 3.700000, 4
3.450000, 3.700000, 10
3.600000, 3.700000, 4
3.750000, 3.700000, 4
3.900000, 3.700000, 6
4.050000, 3.700000, 6
4.200000, 3.700000, 6
4.350000, 3.700000, 6
4.500000, 3.700000, 6
4.650000, 3.700000, 6
4.800000, 3.700000, 6
4.950000, 3.700000, 6
5.100000, 3.700000, 6
5.250000, 3.700000, 6
5.400000, 3.700000, 6
5.550000, 3.700000, 6
5.700000, 3.700000, 6
5.850000, 3.700000, 6
6.000000, 3.700000, 6
6.150000, 3.700000, 6
6.300000, 3.700000, 6
6.450000, 3.700000, 6
6.600000, 3.700000, 6
6.750000, 3.700000, 6
6.900000, 3.700000, 6
7.050000, 3.700000, 6
7.200000, 3.700000, 6
7.350000, 3.700000, 6
7.500000, 3.700000, 6
7.650000, 3.700000, 6
7.800000, 3.700000, 6
7.950000, 3.700000, 6
8.100000, 3.700000, 6
8.250000, 3.700000, 6
8.400000, 3.700000, 6
8.550000, 3.700000, 6
8.700000, 3.700000, 6
8.850000, 3.700000, 6
9.000000, 3.700000, 6
9.150000, 3.700000, 6
9.300000, 3.700000, 6
9.450000, 3.700000, 6
9.600000, 3.700000, 6
9.750000, 3.700000, 4
9.900000, 3.700000, 0
10.050000, 3.700000, 5
10.200000, 3.700000, 6
10.350000, 3.700000, 4
10.500000, 3.700000, 4
10.650000, 3.700000, 4
10.800000, 3.700000, 4
10.950000, 3.700000, 4
11.100000, 3.700000, 10
11.250000, 3.700000, 10
11.400000, 3.700000, 4
11.550000, 3.700000, 4
11.700000, 3.700000, 4
11.850000, 3.700000, 10
12.000000, 3.700000, 10
12.150000, 3.700000, 10
12.300000, 3.700000, 9
12.450000, 3.700000, 9
12.600000, 3.700000, 9
12.750000, 3.700000, 4
12.900000, 3.700000, 4
13.050000, 3.700000, 4
13.200000, 3.700000, 4
13.350000, 3.700000, 4
13.500000, 3.700000, 6
13.650000, 3.700000, 1
13.800000, 3.700000, 1
13.950000, 3.700000, 1
14.100000, 3.700000, 1
14.250000, 3.700000, 5
14.400000, 3.700000, 5
14.550000, 3.700000, 5
14.700000, 3.700000, 5
14.850000, 3.700000, 5
-15.000000, 3.750000, 2
-14.850000, 3.750000, 0
-14.700000, 3.750000, 0
-14.550000, 3.750000, 0
-14.400000, 3.750000, 0
-14.250000, 3.750000, 0
-14.100000, 3.750000, 0
-13.950000, 3.750000, 0
-13.800000, 3.750000, 0
-13.650000, 3.750000, 0
-13.500000, 3.750000, 0
-13.350000, 3.750000, 0
-13.200000, 3.750000, 0
-13.050000, 3.750000, 0
-12.900000, 3.750000, 0
-12.750000, 3.750000, 0
-12.600000, 3.750000, 0
-12.450000, 3.750000, 0
-12.300000, 3.750000, 0
-12.150000, 3.750000, 0
-12.000000, 3.750000, 0
-11.850000, 3.750000, 0
-11.700000, 3.750000, 0
-11.550000, 3.750000, 0
-11.400000, 3.750000, 0
-11.250000, 3.750000, 0
-11.100000, 3.750000, 0
-10.950000, 3.750000, 0
-10.800000, 3.750000, 0
-10.650000, 3.750000, 0
-10.500000, 3.750000, 0
-10.350000, 3.750000, 0
-10.200000, 3.750000, 0
-10.050000, 3.750000, 0
-9.900000, 3.750000, 0
-9.750000, 3.750000, 0
-9.600000, 3.750000, 0
-9.450000, 3.750000, 0
-9.300000, 3.750000, 0
-9.150000, 3.750000, 0
-9.000000, 3.750000, 0
-8.850000, 3.750000, 0
-8.700000, 3.750000, 0
-8.550000, 3.750000, 0
-8.400000, 3.750000, 0
-8.250000, 3.750000, 0
-8.100000, 3.750000, 0
-7.950000, 3.750000, 0
-7.800000, 3.750000, 0
-7.650000, 3.750000, 2
-7.500000, 3.750000, 2
-7.350000, 3.750000, 2
-7.200000, 3.750000, 2
-7.050000, 3.750000, 2
-6.900000, 3.750000, 2
-6.750000, 3.750000, 2
-6.600000, 3.750000, 2
-6.450000, 3.750000, 2
-6.300000, 3.750000, 2
-6.150000, 3.750000, 2
-6.000000, 3.750000, 2
-5.850000, 3.750000, 2
-5.700000, 3.750000, 2
-5.550000, 3.750000, 2
-5.400000, 3.750000, 2
-5.250000, 3.750000, 2
-5.100000, 3.750000, 2
-4.950000, 3.750000, 2
-4.800000, 3.750000, 2
-4.650000, 3.750000, 2
-4.500000, 3.750000, 8
-4.350000, 3.750000, 6
-4.200000, 3.750000, 1
-4.050000, 3.750000, 2
-3.900000, 3.750000, 4
-3.750000, 3.750000, 4
-3.600000, 3.750000, 0
-3.450000, 3.750000, 9
-3.300000, 3.750000, 9
-3.150000, 3.750000, 9
-3.000000, 3.750000, 9
-2.850000, 3.750000, 9
-2.700000, 3.750000, 9
-2.550000, 3.750000, 9
-2.400000, 3.750000, 9
-2.250000, 3.750000, 9
-2.100000, 3.750000, 9
-1.950000, 3.750000, 9
-1.800000, 3.750000, 9
-1.650000, 3.750000, 9
-1.500000, 3.750000, 9
-1.350000, 3.750000, 10
-1.200000, 3.750000, 8
-1.050000, 3.750000, 4
-0.900000, 3.750000, 4
-0.750000, 3.750000, 4
-0.600000, 3.750000, 4
-0.450000, 3.750000, 4
-0.300000, 3.750000, 10
-0.150000, 3.750000, 10
-0.000000, 3.750000, 10
0.150000, 3.750000, 10
0.300000, 3.750000, 10
0.450000, 3.750000, 10
0.600000, 3.750000, 10
0.750000, 3.750000, 10
0.900000, 3.750000, 10
1.050000, 3.750000, 10
1.200000, 3.750000, 10
1.350000, 3.750000, 4
1.500000, 3.750000, 4
1.650000, 3.750000, 4
1.800000, 3.750000, 4
1.950000, 3.750000, 4
2.100000, 3.750000, 4
2.250000, 3.750000, 4
2.400000, 3.750000, 4
2.550000, 3.750000, 4
2.700000, 3.750000, 4
2.850000, 3.750000, 4
3.000000, 3.750000, 4
3.150000, 3.750000, 4
3.300000, 3.750000, 4
3.450000, 3.750000, 10
3.600000, 3.750000, 4
3.750000, 3.750000, 4
3.900000, 3.750000, 6
4.050000, 3.750000, 6
4.200000, 3.750000, 6
4.350000, 3.750000, 6
4.500000, 3.750000, 6
4.650000, 3.750000, 6
4.800000, 3.750000, 6
4.950000, 3.750000, 6
5.100000, 3.750000, 6
5.250000, 3.750000, 6
5.400000, 3.750000, 6
5.550000, 3.750000, 6
5.700000, 3.750000, 6
5.850000, 3.750000, 6
6.000000, 3.750000, 6
6.150000, 3.750000, 6
6.300000, 3.750000, 6
6.450000, 3.750000, 6
6.600000, 3.750000, 6
6.750000, 3.750000, 6
6.900000, 3.750000, 6
7.050000, 3.750000, 6
7.200000, 3.750000, 6
7.350000, 3.750000, 6
7.500000, 3.750000, 6
7.650000, 3.750000, 6
7.800000, 3.750000, 6
7.950000, 3.750000, 6
8.100000, 3.750000, 6
8.250000, 3.750000, 6
8.400000, 3.750000, 6
8.550000, 3.750000, 6
8.700000, 3.750000, 6
8.850000, 3.750000, 6
9.000000, 3.750000, 6
9.150000, 3.750000, 6
9.300000, 3.750000, 6
9.450000, 3.750000, 6
9.600000, 3.750000, 6
9.750000, 3.750000, 6
9.900000, 3.750000, 4
10.050000, 3.750000, 5
10.200000, 3.750000, 6
10.350000, 3.750000, 4
10.500000, 3.750000, 4
10.650000, 3.750000, 4
10.800000, 3.750000, 4
10.950000, 3.750000, 4
11.100000, 3.750000, 10
11.250000, 3.750000, 10
11.400000, 3.750000, 4
11.550000, 3.750000, 4
11.700000, 3.750000, 4
11.850000, 3.750000, 10
12.000000, 3.750000, 10
12.150000, 3.750000, 10
12.300000, 3.750000, 9
12.450000, 3.750000, 9
12.600000, 3.750000, 4
12.750000, 3.750000, 4
12.900000, 3.750000, 4
13.050000, 3.750000, 4
13.200000, 3.750000, 4
13.350000, 3.750000, 4
13.500000, 3.750000, 6
13.650000, 3.750000, 6
13.800000, 3.750000, 1
13.950000, 3.750000, 1
14.100000, 3.750000, 1
14.250000, 3.750000, 5
14.400000, 3.750000, 5
14.550000, 3.750000, 5
14.700000, 3.750000, 5
14.850000, 3.750000, 5
-15.000000, 3.800000, 2
-14.850000, 3.800000, 0
-14.700000, 3.800000, 0
-14.550000, 3.800000, 0
-14.400000, 3.800000, 0
-14.250000, 3.800000, 0
-14.100000, 3.800000, 0
-13.950000, 3.800000, 0
-13.800000, 3.800000, 0
-13.650000, 3.800000, 0
-13.500000, 3.800000, 0
-13.350000, 3.800000, 0
-13.200000, 3.800000, 0
-13.050000, 3.800000, 0
-12.900000, 3.800000, 0
-12.750000, 3.800000, 0
-12.600000, 3.800000, 0
-12.450000, 3.800000, 0
-12.300000, 3.800000, 0
-12.150000, 3.800000, 0
-12.000000, 3.800000, 0
-11.850000, 3.800000, 0
-11.700000, 3.800000, 0
-11.550000, 3.800000, 0
-11.400000, 3.800000, 0
-11.250000, 3.800000, 0
-11.100000, 3.800000, 0
-10.950000, 3.800000, 0
-10.800000, 3.800000, 0
-10.650000, 3.800000, 0
-10.500000, 3.800000, 0
-10.350000, 3.800000, 0
-10.200000, 3.800000, 0
-10.050000, 3.800000, 0
-9.900000, 3.800000, 0
-9.750000, 3.800000, 0
-9.600000, 3.800000, 0
-9.450000, 3.800000, 0
-9.300000, 3.800000, 0
-9.150000, 3.800000, 0
-9.000000, 3.800000, 0
-8.850000, 3.800000, 0
-8.700000, 3.800000, 0
-8.550000, 3.800000, 0
-8.400000, 3.800000, 0
-8.250000, 3.800000, 0
-8.100000, 3.800000, 0
-7.950000, 3.800000, 0
-7.800000, 3.800000, 0
-7.650000, 3.800000, 2
-7.500000, 3.800000, 2
-7.350000, 3.800000, 2
-7.200000, 3.800000, 2
-7.050000, 3.800000, 2
-6.900000, 3.800000, 2
-6.750000, 3.800000, 2
-6.600000, 3.800000, 2
-6.450000, 3.800000, 2
-6.300000, 3.800000, 2
-6.150000, 3.800000, 2
-6.000000, 3.800000, 2
-5.850000, 3.800000, 2
-5.700000, 3.800000, 2
-5.550000, 3.800000, 2
-5.400000, 3.800000, 2
-5.250000, 3.800000, 2
-5.100000, 3.800000, 2
-4.950000, 3.800000, 2
-4.800000, 3.800000, 2
-4.650000, 3.800000, 2
-4.500000, 3.800000, 11
-4.350000, 3.800000, 4
-4.200000, 3.800000, 0
-4.050000, 3.800000, 10
-3.900000, 3.800000, 10
-3.750000, 3.800000, 4
-3.600000, 3.800000, 9
-3.450000, 3.800000, 9
-3.300000, 3.800000, 9
-3.150000, 3.800000, 9
-3.000000, 3.800000, 9
-2.850000, 3.800000, 9
-2.700000, 3.800000, 9
-2.550000, 3.800000, 9
-2.400000, 3.800000, 9
-2.250000, 3.800000, 9
-2.100000, 3.800000, 9
-1.950000, 3.800000, 9
-1.800000, 3.800000, 9
-1.650000, 3.800000, 9
-1.500000, 3.800000, 9
-1.350000, 3.800000, 6
-1.200000, 3.800000, 1
-1.050000, 3.800000, 4
-0.900000, 3.800000, 4
-0.750000, 3.800000, 4
-0.600000, 3.800000, 4
-0.450000, 3.800000, 4
-0.300000, 3.800000, 10
-0.150000, 3.800000, 10
-0.000000, 3.800000, 10
0.150000, 3.800000, 10
0.300000, 3.800000, 10
0.450000, 3.800000, 10
0.600000, 3.800000, 10
0.750000, 3.800000, 10
0.900000, 3.800000, 10
1.050000, 3.800000, 10
1.200000, 3.800000, 10
1.350000, 3.800000, 4
1.500000, 3.800000, 4
1.650000, 3.800000, 4
1.800000, 3.800000, 4
1.950000, 3.800000, 4
2.100000, 3.800000, 4
2.250000, 3.800000, 4
2.400000, 3.800000, 4
2.550000, 3.800000, 4
2.700000, 3.800000, 4
2.850000, 3.800000, 4
3.000000, 3.800000, 4
3.150000, 3.800000, 4
3.300000, 3.800000, 4
3.450000, 3.800000, 10
3.600000, 3.800000, 10
3.750000, 3.800000, 4
3.900000, 3.800000, 6
4.050000, 3.800000, 6
4.200000, 3.800000, 6
4.350000, 3.800000, 6
4.500000, 3.800000, 6
4.650000, 3.800000, 6
4.800000, 3.800000, 6
4.950000, 3.800000, 6
5.100000, 3.800000, 6
5.250000, 3.800000, 6
5.400000, 3.800000, 6
5.550000, 3.800000, 6
5.700000, 3.800000, 6
5.850000, 3.800000, 6
6.000000, 3.800000, 6
6.150000, 3.800000, 6
6.300000, 3.800000, 6
6.450000, 3.800000, 6
6.600000, 3.800000, 6
6.750000, 3.800000, 6
6.900000, 3.800000, 6
7.050000, 3.800000, 6
7.200000, 3.800000, 6
7.350000, 3.800000, 6
7.500000, 3.800000, 6
7.650000, 3.800000, 6
7.800000, 3.800000, 6
7.950000, 3.800000, 6
8.100000, 3.800000, 6
8.250000, 3.800000, 6
8.400000, 3.800000, 6
8.550000, 3.800000, 6
8.700000, 3.800000, 6
8.850000, 3.800000, 6
9.000000, 3.800000, 6
9.150000, 3.800000, 6
9.300000, 3.800000, 6
9.450000, 3.800000, 6
9.600000, 3.800000, 6
9.750000, 3.800000, 6
9.900000, 3.800000, 6
10.050000, 3.800000, 6
10.200000, 3.800000, 6
10.350000, 3.800000, 6
10.500000, 3.800000, 4
10.650000, 3.800000, 4
10.800000, 3.800000, 6
10.950000, 3.800000, 9
11.100000, 3.800000, 10
11.250000, 3.800000, 10
11.400000, 3.800000, 4
11.550000, 3.800000, 4
11.700000, 3.800000, 4
11.850000, 3.800000, 10
12.000000, 3.800000, 10
12.150000, 3.800000, 10
12.300000, 3.800000, 10
12.450000, 3.800000, 10
12.600000, 3.800000, 4
12.750000, 3.800000, 4
12.900000, 3.800000, 4
13.050000, 3.800000, 4
13.200000, 3.800000, 4
13.350000, 3.800000, 4
13.500000, 3.800000, 6
13.650000, 3.800000, 6
13.800000, 3.800000, 1
13.950000, 3.800000, 1
14.100000, 3.800000, 1
14.250000, 3.800000, 5
14.400000, 3.800000, 5
14.550000, 3.800000, 5
14.700000, 3.800000, 5
14.850000, 3.800000, 5
-15.000000, 3.850000, 0
-14.850000, 3.850000, 0
-14.700000, 3.850000, 0
-14.550000, 3.850000, 0
-14.400000, 3.850000, 0
-14.250000, 3.850000, 0
-14.100000, 3.850000, 0
-13.950000, 3.850000, 0
-13.800000, 3.850000, 0
-13.650000, 3.850000, 0
-13.500000, 3.850000, 0
-13.350000, 3.850000, 0
-13.200000, 3.850000, 0
-13.050000, 3.850000, 0
-12.900000, 3.850000, 0
-12.750000, 3.850000, 0
-12.600000, 3.850000, 0
-12.450000, 3.850000, 0
-12.300000, 3.850000, 0
-12.150000, 3.850000, 0
-12.000000, 3.850000, 0
-11.850000, 3.850000, 0
-11.700000, 3.850000, 0
-11.550000, 3.850000, 0
-11.400000, 3.850000, 0
-11.250000, 3.850000, 0
-11.100000, 3.850000, 0
-10.950000, 3.850000, 0
-10.800000, 3.850000, 0
-10.650000, 3.850000, 0
-10.500000, 3.850000, 0
-10.350000, 3.850000, 0
-10.200000, 3.850000, 0
-10.050000, 3.850000, 0
-9.900000, 3.850000, 0
-9.750000, 3.850000, 0
-9.600000, 3.850000, 0
-9.450000, 3.850000, 0
-9.300000, 3.850000, 0
-9.150000, 3.850000, 0
-9.000000, 3.850000, 0
-8.850000, 3.850000, 0
-8.700000, 3.850000, 0
-8.550000, 3.850000, 0
-8.400000, 3.850000, 0
-8.250000, 3.850000, 0
-8.100000, 3.850000, 0
-7.950000, 3.850000, 0
-7.800000, 3.850000, 0
-7.650000, 3.850000, 2
-7.500000, 3.850000, 2
-7.350000, 3.850000, 2
-7.200000, 3.850000, 2
-7.050000, 3.850000, 2
-6.900000, 3.850000, 2
-6.750000, 3.850000, 2
-6.600000, 3.850000, 2
-6.450000, 3.850000, 2
-6.300000, 3.850000, 2
-6.150000, 3.850000, 2
-6.000000, 3.850000, 2
-5.850000, 3.850000, 2
-5.700000, 3.850000, 2
-5.550000, 3.850000, 2
-5.400000, 3.850000, 2
-5.250000, 3.850000, 2
-5.100000, 3.850000, 2
-4.950000, 3.850000, 2
-4.800000, 3.850000, 2
-4.650000, 3.850000, 9
-4.500000, 3.850000, 7
-4.350000, 3.850000, 5
-4.200000, 3.850000, 5
-4.050000, 3.850000, 6
-3.900000, 3.850000, 4
-3.750000, 3.850000, 4
-3.600000, 3.850000, 9
-3.450000, 3.850000, 9
-3.300000, 3.850000, 9
-3.150000, 3.850000, 9
-3.000000, 3.850000, 9
-2.850000, 3.850000, 9
-2.700000, 3.850000, 9
-2.550000, 3.850000, 9
-2.400000, 3.850000, 9
-2.250000, 3.850000, 9
-2.100000, 3.850000, 9
-1.950000, 3.850000, 9
-1.800000, 3.850000, 9
-1.650000, 3.850000, 9
-1.500000, 3.850000, 9
-1.350000, 3.850000, 4
-1.200000, 3.850000, 6
-1.050000, 3.850000, 10
-0.900000, 3.850000, 4
-0.750000, 3.850000, 4
-0.600000, 3.850000, 4
-0.450000, 3.850000, 9
-0.300000, 3.850000, 10
-0.150000, 3.850000, 10
-0.000000, 3.850000, 10
0.150000, 3.850000, 10
0.300000, 3.850000, 10
0.450000, 3.850000, 10
0.600000, 3.850000, 10
0.750000, 3.850000, 10
0.900000, 3.850000, 10
1.050000, 3.850000, 10
1.200000, 3.850000, 10
1.350000, 3.850000, 4
1.500000, 3.850000, 4
1.650000, 3.850000, 4
1.800000, 3.850000, 4
1.950000, 3.850000, 4
2.100000, 3.850000, 4
2.250000, 3.850000, 4
2.400000, 3.850000, 4
2.550000, 3.850000, 4
2.700000, 3.850000, 4
2.850000, 3.850000, 4
3.000000, 3.850000, 4
3.150000, 3.850000, 4
3.300000, 3.850000, 4
3.450000, 3.850000, 10
3.600000, 3.850000, 4
3.750000, 3.850000, 6
3.900000, 3.850000, 4
4.050000, 3.850000, 6
4.200000, 3.850000, 6
4.350000, 3.850000, 6
4.500000, 3.850000, 6
4.650000, 3.850000, 6
4.800000, 3.850000, 6
4.950000, 3.850000, 6
5.100000, 3.850000, 6
5.250000, 3.850000, 6
5.400000, 3.850000, 6
5.550000, 3.850000, 6
5.700000, 3.850000, 6
5.850000, 3.850000, 6
6.000000, 3.850000, 6
6.150000, 3.850000, 6
6.300000, 3.850000, 6
6.450000, 3.850000, 6
6.600000, 3.850000, 6
6.750000, 3.850000, 6
6.900000, 3.850000, 6
7.050000, 3.850000, 6
7.200000, 3.850000, 6
7.350000, 3.850000, 6
7.500000, 3.850000, 6
7.650000, 3.850000, 6
7.800000, 3.850000, 6
7.950000, 3.850000, 6
8.100000, 3.850000, 6
8.250000, 3.850000, 6
8.400000, 3.850000, 6
8.550000, 3.850000, 6
8.700000, 3.850000, 6
8.850000, 3.850000, 6
9.000000, 3.850000, 6
9.150000, 3.850000, 6
9.300000, 3.850000, 6
9.450000, 3.850000, 6
9.600000, 3.850000, 6
9.750000, 3.850000, 6
9.900000, 3.850000, 6
10.050000, 3.850000, 6
10.200000, 3.850000, 6
10.350000, 3.850000, 6
10.500000, 3.850000, 4
10.650000, 3.850000, 10
10.800000, 3.850000, 6
10.950000, 3.850000, 2
11.100000, 3.850000, 10
11.250000, 3.850000, 10
11.400000, 3.850000, 4
11.550000, 3.850000, 4
11.700000, 3.850000, 4
11.850000, 3.850000, 4
12.000000, 3.850000, 10
12.150000, 3.850000, 10
12.300000, 3.850000, 10
12.450000, 3.850000, 10
12.600000, 3.850000, 4
12.750000, 3.850000, 4
12.900000, 3.850000, 4
13.050000, 3.850000, 4
13.200000, 3.850000, 4
13.350000, 3.850000, 6
13.500000, 3.850000, 6
13.650000, 3.850000, 6
13.800000, 3.850000, 6
13.950000, 3.850000, 1
14.100000, 3.850000, 5
14.250000, 3.850000, 5
14.400000, 3.850000, 5
14.550000, 3.850000, 5
14.700000, 3.850000, 5
14.850000, 3.850000, 5
-15.000000, 3.900000, 0
-14.850000, 3.900000, 0
-14.700000, 3.900000, 0
-14.550000, 3.900000, 0
-14.400000, 3.900000, 0
-14.250000, 3.900000, 0
-14.100000, 3.900000, 0
-13.950000, 3.900000, 0
-13.800000, 3.900000, 0
-13.650000, 3.900000, 0
-13.500000, 3.900000, 0
-13.350000, 3.900000, 0
-13.200000, 3.900000, 0
-13.050000, 3.900000, 0
-12.900000, 3.900000, 0
-12.750000, 3.900000, 0
-12.600000, 3.900000, 0
-12.450000, 3.900000, 0
-12.300000, 3.900000, 0
-12.150000, 3.900000, 0
-12.000000, 3.900000, 0
-11.850000, 3.900000, 0
-11.700000, 3.900000, 0
-11.550000, 3.900000, 0
-11.400000, 3.900000, 0
-11.250000, 3.900000, 0
-11.100000, 3.900000, 0
-10.950000, 3.900000, 0
-10.800000, 3.900000, 0
-10.650000, 3.900000, 0
-10.500000, 3.900000, 0
-10.350000, 3.900000, 0
-10.200000, 3.900000, 0
-10.050000, 3.900000, 0
-9.900000, 3.900000, 0
-9.750000, 3.900000, 0
-9.600000, 3.900000, 0
-9.450000, 3.900000, 0
-9.300000, 3.900000, 0
-9.150000, 3.900000, 0
-9.000000, 3.900000, 0
-8.850000, 3.900000, 0
-8.700000, 3.900000, 0
-8.550000, 3.900000, 0
-8.400000, 3.900000, 0
-8.250000, 3.900000, 0
-8.100000, 3.900000, 0
-7.950000, 3.900000, 0
-7.800000, 3.900000, 0
-7.650000, 3.900000, 6
-7.500000, 3.900000, 2
-7.350000, 3.900000, 2
-7.200000, 3.900000, 2
-7.050000, 3.900000, 2
-6.900000, 3.900000, 2
-6.750000, 3.900000, 2
-6.600000, 3.900000, 2
-6.450000, 3.900000, 2
-6.300000, 3.900000, 2
-6.150000, 3.900000, 2
-6.000000, 3.900000, 2
-5.850000, 3.900000, 2
-5.700000, 3.900000, 2
-5.550000, 3.900000, 2
-5.400000, 3.900000, 2
-5.250000, 3.900000, 2
-5.100000, 3.900000, 2
-4.950000, 3.900000, 2
-4.800000, 3.900000, 2
-4.650000, 3.900000, 1
-4.500000, 3.900000, 8
-4.350000, 3.900000, 4
-4.200000, 3.900000, 5
-4.050000, 3.900000, 6
-3.900000, 3.900000, 4
-3.750000, 3.900000, 4
-3.600000, 3.900000, 9
-3.450000, 3.900000, 9
-3.300000, 3.900000, 9
-3.150000, 3.900000, 9
-3.000000, 3.900000, 9
-2.850000, 3.900000, 9
-2.700000, 3.900000, 9
-2.550000, 3.900000, 9
-2.400000, 3.900000, 9
-2.250000, 3.900000, 9
-2.100000, 3.900000, 9
-1.950000, 3.900000, 9
-1.800000, 3.900000, 9
-1.650000, 3.900000, 9
-1.500000, 3.900000, 9
-1.350000, 3.900000, 10
-1.200000, 3.900000, 5
-1.050000, 3.900000, 4
-0.900000, 3.900000, 4
-0.750000, 3.900000, 4
-0.600000, 3.900000, 4
-0.450000, 3.900000, 4
-0.300000, 3.900000, 10
-0.150000, 3.900000, 10
-0.000000, 3.900000, 10
0.150000, 3.900000, 10
0.300000, 3.900000, 10
0.450000, 3.900000, 10
0.600000, 3.900000, 10
0.750000, 3.900000, 10
0.900000, 3.900000, 10
1.050000, 3.900000, 10
1.200000, 3.900000, 10
1.350000, 3.900000, 4
1.500000, 3.900000, 4
1.650000, 3.900000, 4
1.800000, 3.900000, 4
1.950000, 3.900000, 4
2.100000, 3.900000, 4
2.250000, 3.900000, 4
2.400000, 3.900000, 4
2.550000, 3.900000, 4
2.700000, 3.900000, 4
2.850000, 3.900000, 4
3.000000, 3.900000, 4
3.150000, 3.900000, 4
3.300000, 3.900000, 4
3.450000, 3.900000, 10
3.600000, 3.900000, 4
3.750000, 3.900000, 8
3.900000, 3.900000, 6
4.050000, 3.900000, 4
4.200000, 3.900000, 6
4.350000, 3.900000, 6
4.500000, 3.900000, 6
4.650000, 3.900000, 6
4.800000, 3.900000, 6
4.950000, 3.900000, 6
5.100000, 3.900000, 6
5.250000, 3.900000, 6
5.400000, 3.900000, 6
5.550000, 3.900000, 6
5.700000, 3.900000, 6
5.850000, 3.900000, 6
6.000000, 3.900000, 6
6.150000, 3.900000, 6
6.300000, 3.900000, 6
6.450000, 3.900000, 6
6.600000, 3.900000, 6
6.750000, 3.900000, 6
6.900000, 3.900000, 6
7.050000, 3.900000, 6
7.200000, 3.900000, 6
7.350000, 3.900000, 6
7.500000, 3.900000, 6
7.650000, 3.900000, 6
7.800000, 3.900000, 6
7.950000, 3.900000, 6
8.100000, 3.900000, 6
8.250000, 3.900000, 6
8.400000, 3.900000, 6
8.550000, 3.900000, 6
8.700000, 3.900000, 6
8.850000, 3.900000, 6
9.000000, 3.900000, 6
9.150000, 3.900000, 6
9.300000, 3.900000, 6
9.450000, 3.900000, 6
9.600000, 3.900000, 6
9.750000, 3.900000, 6
9.900000, 3.900000, 6
10.050000, 3.900000, 6
10.200000, 3.900000, 6
10.350000, 3.900000, 6
10.500000, 3.900000, 6
10.650000, 3.900000, 10
10.800000, 3.900000, 11
10.950000, 3.900000, 7
11.100000, 3.900000, 10
11.250000, 3.900000, 10
11.400000, 3.900000, 4
11.550000, 3.900000, 4
11.700000, 3.900000, 4
11.850000, 3.900000, 4
12.000000, 3.900000, 10
12.150000, 3.900000, 10
12.300000, 3.900000, 10
12.450000, 3.900000, 10
12.600000, 3.900000, 4
12.750000, 3.900000, 4
12.900000, 3.900000, 4
13.050000, 3.900000, 4
13.200000, 3.900000, 4
13.350000, 3.900000, 6
13.500000, 3.900000, 6
13.650000, 3.900000, 6
13.800000, 3.900000, 6
13.950000, 3.900000, 6
14.100000, 3.900000, 5
14.250000, 3.900000, 5
14.400000, 3.900000, 5
14.550000, 3.900000, 5
14.700000, 3.900000, 5
14.850000, 3.900000, 5
-15.000000, 3.950000, 0
-14.850000, 3.950000, 0
-14.700000, 3.950000, 0
-14.550000, 3.950000, 0
-14.400000, 3.950000, 0
-14.250000, 3.950000, 0
-14.100000, 3.950000, 0
-13.950000, 3.950000, 0
-13.800000, 3.950000, 0
-13.650000, 3.950000, 0
-13.500000, 3.950000, 0
-13.350000, 3.950000, 0
-13.200000, 3.950000, 0
-13.050000, 3.950000, 0
-12.900000, 3.950000, 0
-12.750000, 3.950000, 0
-12.600000, 3.950000, 0
-12.450000, 3.950000, 0
-12.300000, 3.950000, 0
-12.150000, 3.950000, 0
-12.000000, 3.950000, 0
-11.850000, 3.950000, 0
-11.700000, 3.950000, 0
-11.550000, 3.950000, 0
-11.400000, 3.950000, 0
-11.250000, 3.950000, 0
-11.100000, 3.950000, 0
-10.950000, 3.950000, 0
-10.800000, 3.950000, 0
-10.650000, 3.950000, 0
-10.500000, 3.950000, 0
-10.350000, 3.950000, 0
-10.200000, 3.950000, 0
-10.050000, 3.950000, 0
-9.900000, 3.950000, 0
-9.750000, 3.950000, 0
-9.600000, 3.950000, 0
-9.450000, 3.950000, 0
-9.300000, 3.950000, 0
-9.150000, 3.950000, 0
-9.000000, 3.950000, 0
-8.850000, 3.950000, 0
-8.700000, 3.950000, 0
-8.550000, 3.950000, 0
-8.400000, 3.950000, 0
-8.250000, 3.950000, 0
-8.100000, 3.950000, 0
-7.950000, 3.950000, 2
-7.800000, 3.950000, 2
-7.650000, 3.950000, 2
-7.500000, 3.950000, 2
-7.350000, 3.950000, 2
-7.200000, 3.950000, 2
-7.050000, 3.950000, 2
-6.900000, 3.950000, 2
-6.750000, 3.950000, 2
-6.600000, 3.950000, 2
-6.450000, 3.950000, 2
-6.300000, 3.950000, 2
-6.150000, 3.950000, 2
-6.000000, 3.950000, 2
-5.850000, 3.950000, 2
-5.700000, 3.950000, 2
-5.550000, 3.950000, 2
-5.400000, 3.950000, 2
-5.250000, 3.950000, 2
-5.100000, 3.950000, 2
-4.950000, 3.950000, 2
-4.800000, 3.950000, 6
-4.650000, 3.950000, 1
-4.500000, 3.950000, 8
-4.350000, 3.950000, 3
-4.200000, 3.950000, 4
-4.050000, 3.950000, 6
-3.900000, 3.950000, 6
-3.750000, 3.950000, 4
-3.600000, 3.950000, 9
-3.450000, 3.950000, 9
-3.300000, 3.950000, 9
-3.150000, 3.950000, 9
-3.000000, 3.950000, 9
-2.850000, 3.950000, 9
-2.700000, 3.950000, 9
-2.550000, 3.950000, 9
-2.400000, 3.950000, 9
-2.250000, 3.950000, 9
-2.100000, 3.950000, 9
-1.950000, 3.950000, 9
-1.800000, 3.950000, 9
-1.650000, 3.950000, 9
-1.500000, 3.950000, 9
-1.350000, 3.950000, 4
-1.200000, 3.950000, 6
-1.050000, 3.950000, 4
-0.900000, 3.950000, 4
-0.750000, 3.950000, 4
-0.600000, 3.950000, 4
-0.450000, 3.950000, 4
-0.300000, 3.950000, 10
-0.150000, 3.950000, 10
-0.000000, 3.950000, 10
0.150000, 3.950000, 10
0.300000, 3.950000, 10
0.450000, 3.950000, 10
0.600000, 3.950000, 10
0.750000, 3.950000, 10
0.900000, 3.950000, 10
1.050000, 3.950000, 10
1.200000, 3.950000, 10
1.350000, 3.950000, 4
1.500000, 3.950000, 4
1.650000, 3.950000, 4
1.800000, 3.950000, 4
1.950000, 3.950000, 4
2.100000, 3.950000, 4
2.250000, 3.950000, 4
2.400000, 3.950000, 4
2.550000, 3.950000, 4
2.700000, 3.950000, 4
2.850000, 3.950000, 4
3.000000, 3.950000, 4
3.150000, 3.950000, 4
3.300000, 3.950000, 4
3.450000, 3.950000, 4
3.600000, 3.950000, 4
3.750000, 3.950000, 3
3.900000, 3.950000, 10
4.050000, 3.950000, 10
4.200000, 3.950000, 6
4.350000, 3.950000, 6
4.500000, 3.950000, 6
4.650000, 3.950000, 6
4.800000, 3.950000, 6
4.950000, 3.950000, 6
5.100000, 3.950000, 6
5.250000, 3.950000, 6
5.400000, 3.950000, 6
5.550000, 3.950000, 6
5.700000, 3.950000, 6
5.850000, 3.950000, 6
6.000000, 3.950000, 6
6.150000, 3.950000, 6
6.300000, 3.950000, 6
6.450000, 3.950000, 6
6.600000, 3.950000, 6
6.750000, 3.950000, 6
6.900000, 3.950000, 6
7.050000, 3.950000, 6
7.200000, 3.950000, 6
7.350000, 3.950000, 6
7.500000, 3.950000, 6
7.650000, 3.950000, 6
7.800000, 3.950000, 6
7.950000, 3.950000, 6
8.100000, 3.950000, 6
8.250000, 3.950000, 6
8.400000, 3.950000, 6
8.550000, 3.950000, 6
8.700000, 3.950000, 6
8.850000, 3.950000, 6
9.000000, 3.950000, 6
9.150000, 3.950000, 6
9.300000, 3.950000, 6
9.450000, 3.950000, 6
9.600000, 3.950000, 6
9.750000, 3.950000, 6
9.900000, 3.950000, 6
10.050000, 3.950000, 6
10.200000, 3.950000, 6
10.350000, 3.950000, 6
10.500000, 3.950000, 5
10.650000, 3.950000, 10
10.800000, 3.950000, 2
10.950000, 3.950000, 1
11.100000, 3.950000, 10
11.250000, 3.950000, 10
11.400000, 3.950000, 4
11.550000, 3.950000, 4
11.700000, 3.950000, 4
11.850000, 3.950000, 4
12.000000, 3.950000, 10
12.150000, 3.950000, 10
12.300000, 3.950000, 10
12.450000, 3.950000, 10
12.600000, 3.950000, 4
12.750000, 3.950000, 4
12.900000, 3.950000, 4
13.050000, 3.950000, 4
13.200000, 3.950000, 4
13.350000, 3.950000, 6
13.500000, 3.950000, 6
13.650000, 3.950000, 6
13.800000, 3.950000, 6
13.950000, 3.950000, 6
14.100000, 3.950000, 6
14.250000, 3.950000, 5
14.400000, 3.950000, 5
14.550000, 3.950000, 5
14.700000, 3.950000, 5
14.850000, 3.950000, 5
-15.000000, 4.000000, 0
-14.850000, 4.000000, 0
-14.700000, 4.000000, 0
-14.550000, 4.000000, 0
-14.400000, 4.000000, 0
-14.250000, 4.000000, 0
-14.100000, 4.000000, 0
-13.950000, 4.000000, 0
-13.800000, 4.000000, 0
-13.650000, 4.000000, 0
-13.500000, 4.000000, 0
-13.350000, 4.000000, 0
-13.200000, 4.000000, 0
-13.050000, 4.000000, 0
-12.900000, 4.000000, 0
-12.750000, 4.000000, 0
-12.600000, 4.000000, 0
-12.450000, 4.000000, 0
-12.300000, 4.000000, 0
-12.150000, 4.000000, 0
-12.000000, 4.000000, 0
-11.850000, 4.000000, 0
-11.700000, 4.000000, 0
-11.550000, 4.000000, 0
-11.400000, 4.000000, 0
-11.250000, 4.000000, 0
-11.100000, 4.000000, 0
-10.950000, 4.000000, 0
-10.800000, 4.000000, 0
-10.650000, 4.000000, 0
-10.500000, 4.000000, 0
-10.350000, 4.000000, 0
-10.200000, 4.000000, 0
-10.050000, 4.000000, 0
-9.900000, 4.000000, 0
-9.750000, 4.000000, 0
-9.600000, 4.000000, 0
-9.450000, 4.000000, 0
-9.300000, 4.000000, 0
-9.150000, 4.000000, 0
-9.000000, 4.000000, 0
-8.850000, 4.000000, 0
-8.700000, 4.000000, 0
-8.550000, 4.000000, 0
-8.400000, 4.000000, 0
-8.250000, 4.000000, 0
-8.100000, 4.000000, 0
-7.950000, 4.000000, 2
-7.800000, 4.000000, 1
-7.650000, 4.000000, 5
-7.500000, 4.000000, 2
-7.350000, 4.000000, 2
-7.200000, 4.000000, 2
-7.050000, 4.000000, 2
-6.900000, 4.000000, 2
-6.750000, 4.000000, 2
-6.600000, 4.000000, 2
-6.450000, 4.000000, 2
-6.300000, 4.000000, 2
-6.150000, 4.000000, 2
-6.000000, 4.000000, 2
-5.850000, 4.000000, 2
-5.700000, 4.000000, 2
-5.550000, 4.000000, 2
-5.400000, 4.000000, 2
-5.250000, 4.000000, 2
-5.100000, 4.000000, 2
-4.950000, 4.000000, 2
-4.800000, 4.000000, 1
-4.650000, 4.000000, 5
-4.500000, 4.000000, 3
-4.350000, 4.000000, 3
-4.200000, 4.000000, 6
-4.050000, 4.000000, 4
-3.900000, 4.000000, 5
-3.750000, 4.000000, 4
-3.600000, 4.000000, 9
-3.450000, 4.000000, 9
-3.300000, 4.000000, 9
-3.150000, 4.000000, 9
-3.000000, 4.000000, 9
-2.850000, 4.000000, 9
-2.700000, 4.000000, 9
-2.550000, 4.000000, 9
-2.400000, 4.000000, 9
-2.250000, 4.000000, 9
-2.100000, 4.000000, 9
-1.950000, 4.000000, 9
-1.800000, 4.000000, 9
-1.650000, 4.000000, 9
-1.500000, 4.000000, 9
-1.350000, 4.000000, 2
-1.200000, 4.000000, 4
-1.050000, 4.000000, 4
-0.900000, 4.000000, 4
-0.750000, 4.000000, 4
-0.600000, 4.000000, 4
-0.450000, 4.000000, 4
-0.300000, 4.000000, 10
-0.150000, 4.000000, 10
-0.000000, 4.000000, 10
0.150000, 4.000000, 10
0.300000, 4.000000, 10
0.450000, 4.000000, 10
0.600000, 4.000000, 10
0.750000, 4.000000, 10
0.900000, 4.000000, 10
1.050000, 4.000000, 10
1.200000, 4.000000, 10
1.350000, 4.000000, 10
1.500000, 4.000000, 10
1.650000, 4.000000, 4
1.800000, 4.000000, 4
1.950000, 4.000000, 4
2.100000, 4.000000, 4
2.250000, 4.000000, 4
2.400000, 4.000000, 4
2.550000, 4.000000, 4
2.700000, 4.000000, 4
2.850000, 4.000000, 4
3.000000, 4.000000, 4
3.150000, 4.000000, 4
3.300000, 4.000000, 4
3.450000, 4.000000, 4
3.600000, 4.000000, 4
3.750000, 4.000000, 1
3.900000, 4.000000, 6
4.050000, 4.000000, 4
4.200000, 4.000000, 6
4.350000, 4.000000, 6
4.500000, 4.000000, 6
4.650000, 4.000000, 6
4.800000, 4.000000, 6
4.950000, 4.000000, 6
5.100000, 4.000000, 6
5.250000, 4.000000, 6
5.400000, 4.000000, 6
5.550000, 4.000000, 6
5.700000, 4.000000, 6
5.850000, 4.000000, 6
6.000000, 4.000000, 6
6.150000, 4.000000, 6
6.300000, 4.000000, 6
6.450000, 4.000000, 6
6.600000, 4.000000, 6
6.750000, 4.000000, 6
6.900000, 4.000000, 6
7.050000, 4.000000, 6
7.200000, 4.000000, 6
7.350000, 4.000000, 6
7.500000, 4.000000, 6
7.650000, 4.000000, 6
7.800000, 4.000000, 6
7.950000, 4.000000, 6
8.100000, 4.000000, 6
8.250000, 4.000000, 6
8.400000, 4.000000, 6
8.550000, 4.000000, 6
8.700000, 4.000000, 6
8.850000, 4.000000, 6
9.000000, 4.000000, 6
9.150000, 4.000000, 6
9.300000, 4.000000, 6
9.450000, 4.000000, 6
9.600000, 4.000000, 6
9.750000, 4.000000, 6
9.900000, 4.000000, 6
10.050000, 4.000000, 6
10.200000, 4.000000, 6
10.350000, 4.000000, 6
10.500000, 4.000000, 5
10.650000, 4.000000, 10
10.800000, 4.000000, 4
10.950000, 4.000000, 5
11.100000, 4.000000, 6
11.250000, 4.000000, 4
11.400000, 4.000000, 4
11.550000, 4.000000, 4
11.700000, 4.000000, 4
11.850000, 4.000000, 4
12.000000, 4.000000, 10
12.150000, 4.000000, 10
12.300000, 4.000000, 10
12.450000, 4.000000, 10
12.600000, 4.000000, 4
12.750000, 4.000000, 4
12.900000, 4.000000, 4
13.050000, 4.000000, 4
13.200000, 4.000000, 4
13.350000, 4.000000, 6
13.500000, 4.000000, 6
13.650000, 4.000000, 6
13.800000, 4.000000, 6
13.950000, 4.000000, 6
14.100000, 4.000000, 6
14.250000, 4.000000, 5
14.400000, 4.000000, 5
14.550000, 4.000000, 5
14.700000, 4.000000, 5
14.850000, 4.000000, 5
-15.000000, 4.050000, 0
-14.850000, 4.050000, 0
-14.700000, 4.050000, 0
-14.550000, 4.050000, 0
-14.400000, 4.050000, 0
-14.250000, 4.050000, 0
-14.100000, 4.050000, 0
-13.950000, 4.050000, 0
-13.800000, 4.050000, 0
-13.650000, 4.050000, 0
-13.500000, 4.050000, 0
-13.350000, 4.050000, 0
-13.200000, 4.050000, 0
-13.050000, 4.050000, 0
-12.900000, 4.050000, 0
-12.750000, 4.050000, 0
-12.600000, 4.050000, 0
-12.450000, 4.050000, 0
-12.300000, 4.050000, 0
-12.150000, 4.050000, 0
-12.000000, 4.050000, 0
-11.850000, 4.050000, 0
-11.700000, 4.050000, 0
-11.550000, 4.050000, 0
-11.400000, 4.050000, 0
-11.250000, 4.050000, 0
-11.100000, 4.050000, 0
-10.950000, 4.050000, 0
-10.800000, 4.050000, 0
-10.650000, 4.050000, 0
-10.500000, 4.050000, 0
-10.350000, 4.050000, 0
-10.200000, 4.050000, 0
-10.050000, 4.050000, 0
-9.900000, 4.050000, 0
-9.750000, 4.050000, 0
-9.600000, 4.050000, 0
-9.450000, 4.050000, 0
-9.300000, 4.050000, 0
-9.150000, 4.050000, 0
-9.000000, 4.050000, 0
-8.850000, 4.050000, 0
-8.700000, 4.050000, 0
-8.550000, 4.050000, 0
-8.400000, 4.050000, 0
-8.250000, 4.050000, 0
-8.100000, 4.050000, 4
-7.950000, 4.050000, 2
-7.800000, 4.050000, 4
-7.650000, 4.050000, 2
-7.500000, 4.050000, 2
-7.350000, 4.050000, 2
-7.200000, 4.050000, 2
-7.050000, 4.050000, 2
-6.900000, 4.050000, 2
-6.750000, 4.050000, 2
-6.600000, 4.050000, 2
-6.450000, 4.050000, 2
-6.300000, 4.050000, 2
-6.150000, 4.050000, 2
-6.000000, 4.050000, 2
-5.850000, 4.050000, 2
-5.700000, 4.050000, 2
-5.550000, 4.050000, 2
-5.400000, 4.050000, 2
-5.250000, 4.050000, 2
-5.100000, 4.050000, 2
-4.950000, 4.050000, 2
-4.800000, 4.050000, 9
-4.650000, 4.050000, 9
-4.500000, 4.050000, 3
-4.350000, 4.050000, 3
-4.200000, 4.050000, 9
-4.050000, 4.050000, 4
-3.900000, 4.050000, 3
-3.750000, 4.050000, 10
-3.600000, 4.050000, 9
-3.450000, 4.050000, 9
-3.300000, 4.050000, 9
-3.150000, 4.050000, 9
-3.000000, 4.050000, 9
-2.850000, 4.050000, 9
-2.700000, 4.050000, 9
-2.550000, 4.050000, 9
-2.400000, 4.050000, 9
-2.250000, 4.050000, 9
-2.100000, 4.050000, 9
-1.950000, 4.050000, 9
-1.800000, 4.050000, 9
-1.650000, 4.050000, 9
-1.500000, 4.050000, 9
-1.350000, 4.050000, 2
-1.200000, 4.050000, 1
-1.050000, 4.050000, 4
-0.900000, 4.050000, 4
-0.750000, 4.050000, 4
-0.600000, 4.050000, 4
-0.450000, 4.050000, 4
-0.300000, 4.050000, 10
-0.150000, 4.050000, 10
-0.000000, 4.050000, 10
0.150000, 4.050000, 10
0.300000, 4.050000, 10
0.450000, 4.050000, 10
0.600000, 4.050000, 10
0.750000, 4.050000, 10
0.900000, 4.050000, 10
1.050000, 4.050000, 10
1.200000, 4.050000, 10
1.350000, 4.050000, 10
1.500000, 4.050000, 4
1.650000, 4.050000, 4
1.800000, 4.050000, 4
1.950000, 4.050000, 4
2.100000, 4.050000, 4
2.250000, 4.050000, 4
2.400000, 4.050000, 4
2.550000, 4.050000, 4
2.700000, 4.050000, 4
2.850000, 4.050000, 4
3.000000, 4.050000, 4
3.150000, 4.050000, 4
3.300000, 4.050000, 4
3.450000, 4.050000, 4
3.600000, 4.050000, 4
3.750000, 4.050000, 6
3.900000, 4.050000, 4
4.050000, 4.050000, 4
4.200000, 4.050000, 6
4.350000, 4.050000, 6
4.500000, 4.050000, 6
4.650000, 4.050000, 6
4.800000, 4.050000, 6
4.950000, 4.050000, 6
5.100000, 4.050000, 6
5.250000, 4.050000, 6
5.400000, 4.050000, 6
5.550000, 4.050000, 6
5.700000, 4.050000, 6
5.850000, 4.050000, 6
6.000000, 4.050000, 6
6.150000, 4.050000, 6
6.300000, 4.050000, 6
6.450000, 4.050000, 6
6.600000, 4.050000, 6
6.750000, 4.050000, 6
6.900000, 4.050000, 6
7.050000, 4.050000, 6
7.200000, 4.050000, 6
7.350000, 4.050000, 6
7.500000, 4.050000, 6
7.650000, 4.050000, 6
7.800000, 4.050000, 6
7.950000, 4.050000, 6
8.100000, 4.050000, 6
8.250000, 4.050000, 6
8.400000, 4.050000, 6
8.550000, 4.050000, 6
8.700000, 4.050000, 6
8.850000, 4.050000, 6
9.000000, 4.050000, 6
9.150000, 4.050000, 6
9.300000, 4.050000, 6
9.450000, 4.050000, 6
9.600000, 4.050000, 6
9.750000, 4.050000, 6
9.900000, 4.050000, 6
10.050000, 4.050000, 6
10.200000, 4.050000, 6
10.350000, 4.050000, 6
10.500000, 4.050000, 6
10.650000, 4.050000, 4
10.800000, 4.050000, 6
10.950000, 4.050000, 5
11.100000, 4.050000, 6
11.250000, 4.050000, 4
11.400000, 4.050000, 4
11.550000, 4.050000, 4
11.700000, 4.050000, 4
11.850000, 4.050000, 4
12.000000, 4.050000, 9
12.150000, 4.050000, 10
12.300000, 4.050000, 10
12.450000, 4.050000, 10
12.600000, 4.050000, 4
12.750000, 4.050000, 4
12.900000, 4.050000, 4
13.050000, 4.050000, 4
13.200000, 4.050000, 4
13.350000, 4.050000, 6
13.500000, 4.050000, 6
13.650000, 4.050000, 6
13.800000, 4.050000, 6
13.950000, 4.050000, 6
14.100000, 4.050000, 6
14.250000, 4.050000, 6
14.400000, 4.050000, 5
14.550000, 4.050000, 5
14.700000, 4.050000, 5
14.850000, 4.050000, 5
-15.000000, 4.100000, 0
-14.850000, 4.100000, 0
-14.700000, 4.100000, 0
-14.550000, 4.100000, 0
-14.400000, 4.100000, 0
-14.250000, 4.100000, 0
-14.100000, 4.100000, 0
-13.950000, 4.100000, 0
-13.800000, 4.100000, 0
-13.650000, 4.100000, 0
-13.500000, 4.100000, 0
-13.350000, 4.100000, 0
-13.200000, 4.100000, 0
-13.050000, 4.100000, 0
-12.900000, 4.100000, 0
-12.750000, 4.100000, 0
-12.600000, 4.100000, 0
-12.450000, 4.100000, 0
-12.300000, 4.100000, 0
-12.150000, 4.100000, 0
-12.000000, 4.100000, 0
-11.850000, 4.100000, 0
-11.700000, 4.100000, 0
-11.550000, 4.100000, 0
-11.400000, 4.100000, 0
-11.250000, 4.100000, 0
-11.100000, 4.100000, 0
-10.950000, 4.100000, 0
-10.800000, 4.100000, 0
-10.650000, 4.100000, 0
-10.500000, 4.100000, 0
-10.350000, 4.100000, 0
-10.200000, 4.100000, 0
-10.050000, 4.100000, 0
-9.900000, 4.100000, 0
-9.750000, 4.100000, 0
-9.600000, 4.100000, 0
-9.450000, 4.100000, 0
-9.300000, 4.100000, 0
-9.150000, 4.100000, 0
-9.000000, 4.100000, 0
-8.850000, 4.100000, 0
-8.700000, 4.100000, 0
-8.550000, 4.100000, 0
-8.400000, 4.100000, 0
-8.250000, 4.100000, 2
-8.100000, 4.100000, 2
-7.950000, 4.100000, 2
-7.800000, 4.100000, 2
-7.650000, 4.100000, 2
-7.500000, 4.100000, 2
-7.350000, 4.100000, 2
-7.200000, 4.100000, 2
-7.050000, 4.100000, 2
-6.900000, 4.100000, 2
-6.750000, 4.100000, 2
-6.600000, 4.100000, 2
-6.450000, 4.100000, 2
-6.300000, 4.100000, 2
-6.150000, 4.100000, 2
-6.000000, 4.100000, 2
-5.850000, 4.100000, 2
-5.700000, 4.100000, 2
-5.550000, 4.100000, 2
-5.400000, 4.100000, 2
-5.250000, 4.100000, 2
-5.100000, 4.100000, 2
-4.950000, 4.100000, 2
-4.800000, 4.100000, 4
-4.650000, 4.100000, 4
-4.500000, 4.100000, 1
-4.350000, 4.100000, 2
-4.200000, 4.100000, 4
-4.050000, 4.100000, 4
-3.900000, 4.100000, 3
-3.750000, 4.100000, 4
-3.600000, 4.100000, 9
-3.450000, 4.100000, 9
-3.300000, 4.100000, 9
-3.150000, 4.100000, 9
-3.000000, 4.100000, 9
-2.850000, 4.100000, 9
-2.700000, 4.100000, 9
-2.550000, 4.100000, 9
-2.400000, 4.100000, 9
-2.250000, 4.100000, 9
-2.100000, 4.100000, 9
-1.950000, 4.100000, 9
-1.800000, 4.100000, 9
-1.650000, 4.100000, 9
-1.500000, 4.100000, 9
-1.350000, 4.100000, 2
-1.200000, 4.100000, 10
-1.050000, 4.100000, 4
-0.900000, 4.100000, 4
-0.750000, 4.100000, 4
-0.600000, 4.100000, 4
-0.450000, 4.100000, 4
-0.300000, 4.100000, 10
-0.150000, 4.100000, 10
-0.000000, 4.100000, 10
0.150000, 4.100000, 10
0.300000, 4.100000, 10
0.450000, 4.100000, 10
0.600000, 4.100000, 10
0.750000, 4.100000, 10
0.900000, 4.100000, 10
1.050000, 4.100000, 10
1.200000, 4.100000, 10
1.350000, 4.100000, 10
1.500000, 4.100000, 4
1.650000, 4.100000, 4
1.800000, 4.100000, 4
1.950000, 4.100000, 4
2.100000, 4.100000, 4
2.250000, 4.100000, 4
2.400000, 4.100000, 4
2.550000, 4.100000, 4
2.700000, 4.100000, 4
2.850000, 4.100000, 4
3.000000, 4.100000, 4
3.150000, 4.100000, 4
3.300000, 4.100000, 4
3.450000, 4.100000, 4
3.600000, 4.100000, 4
3.750000, 4.100000, 4
3.900000, 4.100000, 4
4.050000, 4.100000, 4
4.200000, 4.100000, 6
4.350000, 4.100000, 6
4.500000, 4.100000, 6
4.650000, 4.100000, 6
4.800000, 4.100000, 6
4.950000, 4.100000, 6
5.100000, 4.100000, 6
5.250000, 4.100000, 6
5.400000, 4.100000, 6
5.550000, 4.100000, 6
5.700000, 4.100000, 6
5.850000, 4.100000, 6
6.000000, 4.100000, 6
6.150000, 4.100000, 6
6.300000, 4.100000, 6
6.450000, 4.100000, 6
6.600000, 4.100000, 6
6.750000, 4.100000, 6
6.900000, 4.100000, 6
7.050000, 4.100000, 6
7.200000, 4.100000, 6
7.350000, 4.100000, 6
7.500000, 4.100000, 6
7.650000, 4.100000, 6
7.800000, 4.100000, 6
7.950000, 4.100000, 6
8.100000, 4.100000, 6
8.250000, 4.100000, 6
8.400000, 4.100000, 6
8.550000, 4.100000, 6
8.700000, 4.100000, 6
8.850000, 4.100000, 6
9.000000, 4.100000, 6
9.150000, 4.100000, 6
9.300000, 4.100000, 6
9.450000, 4.100000, 6
9.600000, 4.100000, 6
9.750000, 4.100000, 6
9.900000, 4.100000, 6
10.050000, 4.100000, 6
10.200000, 4.100000, 6
10.350000, 4.100000, 6
10.500000, 4.100000, 6
10.650000, 4.100000, 6
10.800000, 4.100000, 6
10.950000, 4.100000, 5
11.100000, 4.100000, 6
11.250000, 4.100000, 6
11.400000, 4.100000, 4
11.550000, 4.100000, 4
11.700000, 4.100000, 4
11.850000, 4.100000, 4
12.000000, 4.100000, 9
12.150000, 4.100000, 10
12.300000, 4.100000, 10
12.450000, 4.100000, 4
12.600000, 4.100000, 4
12.750000, 4.100000, 4
12.900000, 4.100000, 4
13.050000, 4.100000, 4
13.200000, 4.100000, 4
13.350000, 4.100000, 6
13.500000, 4.100000, 6
13.650000, 4.100000, 6
13.800000, 4.100000, 6
13.950000, 4.100000, 6
14.100000, 4.100000, 6
14.250000, 4.100000, 6
14.400000, 4.100000, 5
14.550000, 4.100000, 5
14.700000, 4.100000, 5
14.850000, 4.100000, 5
-15.000000, 4.150000, 0
-14.850000, 4.150000, 0
-14.700000, 4.150000, 0
-14.550000, 4.150000, 0
-14.400000, 4.150000, 0
-14.250000, 4.150000, 0
-14.100000, 4.150000, 0
-13.950000, 4.150000, 0
-13.800000, 4.150000, 0
-13.650000, 4.150000, 0
-13.500000, 4.150000, 0
-13.350000, 4.150000, 0
-13.200000, 4.150000, 0
-13.050000, 4.150000, 0
-12.900000, 4.150000, 0
-12.750000, 4.150000, 0
-12.600000, 4.150000, 0
-12.450000, 4.150000, 0
-12.300000, 4.150000, 0
-12.150000, 4.150000, 0
-12.000000, 4.150000, 0
-11.850000, 4.150000, 0
-11.700000, 4.150000, 0
-11.550000, 4.150000, 0
-11.400000, 4.150000, 0
-11.250000, 4.150000, 0
-11.100000, 4.150000, 0
-10.950000, 4.150000, 0
-10.800000, 4.150000, 0
-10.650000, 4.150000, 0
-10.500000, 4.150000, 0
-10.350000, 4.150000, 0
-10.200000, 4.150000, 0
-10.050000, 4.150000, 0
-9.900000, 4.150000, 0
-9.750000, 4.150000, 0
-9.600000, 4.150000, 0
-9.450000, 4.150000, 0
-9.300000, 4.150000, 0
-9.150000, 4.150000, 0
-9.000000, 4.150000, 0
-8.850000, 4.150000, 0
-8.700000, 4.150000, 0
-8.550000, 4.150000, 0
-8.400000, 4.150000, 0
-8.250000, 4.150000, 2
-8.100000, 4.150000, 2
-7.950000, 4.150000, 2
-7.800000, 4.150000, 2
-7.650000, 4.150000, 2
-7.500000, 4.150000, 2
-7.350000, 4.150000, 2
-7.200000, 4.150000, 2
-7.050000, 4.150000, 2
-6.900000, 4.150000, 2
-6.750000, 4.150000, 2
-6.600000, 4.150000, 2
-6.450000, 4.150000, 2
-6.300000, 4.150000, 2
-6.150000, 4.150000, 2
-6.000000, 4.150000, 2
-5.850000, 4.150000, 2
-5.700000, 4.150000, 2
-5.550000, 4.150000, 2
-5.400000, 4.150000, 2
-5.250000, 4.150000, 2
-5.100000, 4.150000, 2
-4.950000, 4.150000, 2
-4.800000, 4.150000, 10
-4.650000, 4.150000, 4
-4.500000, 4.150000, 1
-4.350000, 4.150000, 0
-4.200000, 4.150000, 10
-4.050000, 4.150000, 4
-3.900000, 4.150000, 9
-3.750000, 4.150000, 9
-3.600000, 4.150000, 9
-3.450000, 4.150000, 9
-3.300000, 4.150000, 9
-3.150000, 4.150000, 9
-3.000000, 4.150000, 9
-2.850000, 4.150000, 9
-2.700000, 4.150000, 9
-2.550000, 4.150000, 9
-2.400000, 4.150000, 9
-2.250000, 4.150000, 9
-2.100000, 4.150000, 9
-1.950000, 4.150000, 9
-1.800000, 4.150000, 9
-1.650000, 4.150000, 9
-1.500000, 4.150000, 9
-1.350000, 4.150000, 1
-1.200000, 4.150000, 5
-1.050000, 4.150000, 4
-0.900000, 4.150000, 4
-0.750000, 4.150000, 4
-0.600000, 4.150000, 4
-0.450000, 4.150000, 4
-0.300000, 4.150000, 10
-0.150000, 4.150000, 10
-0.000000, 4.150000, 10
0.150000, 4.150000, 10
0.300000, 4.150000, 10
0.450000, 4.150000, 10
0.600000, 4.150000, 10
0.750000, 4.150000, 10
0.900000, 4.150000, 10
1.050000, 4.150000, 10
1.200000, 4.150000, 10
1.350000, 4.150000, 10
1.500000, 4.150000, 4
1.650000, 4.150000, 4
1.800000, 4.150000, 4
1.950000, 4.150000, 4
2.100000, 4.150000, 4
2.250000, 4.150000, 4
2.400000, 4.150000, 4
2.550000, 4.150000, 4
2.700000, 4.150000, 4
2.850000, 4.150000, 4
3.000000, 4.150000, 4
3.150000, 4.150000, 4
3.300000, 4.150000, 4
3.450000, 4.150000, 4
3.600000, 4.150000, 4
3.750000, 4.150000, 10
3.900000, 4.150000, 4
4.050000, 4.150000, 10
4.200000, 4.150000, 6
4.350000, 4.150000, 6
4.500000, 4.150000, 6
4.650000, 4.150000, 6
4.800000, 4.150000, 6
4.950000, 4.150000, 6
5.100000, 4.150000, 6
5.250000, 4.150000, 6
5.400000, 4.150000, 6
5.550000, 4.150000, 6
5.700000, 4.150000, 6
5.850000, 4.150000, 6
6.000000, 4.150000, 6
6.150000, 4.150000, 6
6.300000, 4.150000, 6
6.450000, 4.150000, 6
6.600000, 4.150000, 6
6.750000, 4.150000, 6
6.900000, 4.150000, 6
7.050000, 4.150000, 6
7.200000, 4.150000, 6
7.350000, 4.150000, 6
7.500000, 4.150000, 6
7.650000, 4.150000, 6
7.800000, 4.150000, 6
7.950000, 4.150000, 6
8.100000, 4.150000, 6
8.250000, 4.150000, 6
8.400000, 4.150000, 6
8.550000, 4.150000, 6
8.700000, 4.150000, 6
8.850000, 4.150000, 6
9.000000, 4.150000, 6
9.150000, 4.150000, 6
9.300000, 4.150000, 6
9.450000, 4.150000, 6
9.600000, 4.150000, 6
9.750000, 4.150000, 6
9.900000, 4.150000, 6
10.050000, 4.150000, 6
10.200000, 4.150000, 6
10.350000, 4.150000, 6
10.500000, 4.150000, 6
10.650000, 4.150000, 6
10.800000, 4.150000, 6
10.950000, 4.150000, 6
11.100000, 4.150000, 6
11.250000, 4.150000, 6
11.400000, 4.150000, 4
11.550000, 4.150000, 4
11.700000, 4.150000, 4
11.850000, 4.150000, 4
12.000000, 4.150000, 9
12.150000, 4.150000, 10
12.300000, 4.150000, 10
12.450000, 4.150000, 4
12.600000, 4.150000, 4
12.750000, 4.150000, 4
12.900000, 4.150000, 4
13.050000, 4.150000, 4
13.200000, 4.150000, 4
13.350000, 4.150000, 6
13.500000, 4.150000, 6
13.650000, 4.150000, 6
13.800000, 4.150000, 6
13.950000, 4.150000, 6
14.100000, 4.150000, 6
14.250000, 4.150000, 6
14.400000, 4.150000, 5
14.550000, 4.150000, 5
14.700000, 4.150000, 5
14.850000, 4.150000, 5
-15.000000, 4.200000, 0
-14.850000, 4.200000, 0
-14.700000, 4.200000, 0
-14.550000, 4.200000, 0
-14.400000, 4.200000, 0
-14.250000, 4.200000, 0
-14.100000, 4.200000, 0
-13.950000, 4.200000, 0
-13.800000, 4.200000, 0
-13.650000, 4.200000, 0
-13.500000, 4.200000, 0
-13.350000, 4.200000, 0
-13.200000, 4.200000, 0
-13.050000, 4.200000, 0
-12.900000, 4.200000, 0
-12.750000, 4.200000, 0
-12.600000, 4.200000, 0
-12.450000, 4.200000, 0
-12.300000, 4.200000, 0
-12.150000, 4.200000, 0
-12.000000, 4.200000, 0
-11.850000, 4.200000, 0
-11.700000, 4.200000, 0
-11.550000, 4.200000, 0
-11.400000, 4.200000, 0
-11.250000, 4.200000, 0
-11.100000, 4.200000, 0
-10.950000, 4.200000, 0
-10.800000, 4.200000, 0
-10.650000, 4.200000, 0
-10.500000, 4.200000, 0
-10.350000, 4.200000, 0
-10.200000, 4.200000, 0
-10.050000, 4.200000, 0
-9.900000, 4.200000, 0
-9.750000, 4.200000, 0
-9.600000, 4.200000, 0
-9.450000, 4.200000, 0
-9.300000, 4.200000, 0
-9.150000, 4.200000, 0
-9.000000, 4.200000, 0
-8.850000, 4.200000, 0
-8.700000, 4.200000, 0
-8.550000, 4.200000, 0
-8.400000, 4.200000, 0
-8.250000, 4.200000, 2
-8.100000, 4.200000, 2
-7.950000, 4.200000, 2
-7.800000, 4.200000, 2
-7.650000, 4.200000, 2
-7.500000, 4.200000, 2
-7.350000, 4.200000, 2
-7.200000, 4.200000, 2
-7.050000, 4.200000, 2
-6.900000, 4.200000, 2
-6.750000, 4.200000, 2
-6.600000, 4.200000, 2
-6.450000, 4.200000, 2
-6.300000, 4.200000, 2
-6.150000, 4.200000, 2
-6.000000, 4.200000, 2
-5.850000, 4.200000, 2
-5.700000, 4.200000, 2
-5.550000, 4.200000, 2
-5.400000, 4.200000, 2
-5.250000, 4.200000, 2
-5.100000, 4.200000, 2
-4.950000, 4.200000, 1
-4.800000, 4.200000, 5
-4.650000, 4.200000, 5
-4.500000, 4.200000, 5
-4.350000, 4.200000, 10
-4.200000, 4.200000, 4
-4.050000, 4.200000, 4
-3.900000, 4.200000, 6
-3.750000, 4.200000, 9
-3.600000, 4.200000, 9
-3.450000, 4.200000, 9
-3.300000, 4.200000, 9
-3.150000, 4.200000, 9
-3.000000, 4.200000, 9
-2.850000, 4.200000, 9
-2.700000, 4.200000, 9
-2.550000, 4.200000, 9
-2.400000, 4.200000, 9
-2.250000, 4.200000, 9
-2.100000, 4.200000, 9
-1.950000, 4.200000, 9
-1.800000, 4.200000, 9
-1.650000, 4.200000, 9
-1.500000, 4.200000, 6
-1.350000, 4.200000, 4
-1.200000, 4.200000, 6
-1.050000, 4.200000, 4
-0.900000, 4.200000, 4
-0.750000, 4.200000, 4
-0.600000, 4.200000, 4
-0.450000, 4.200000, 4
-0.300000, 4.200000, 10
-0.150000, 4.200000, 10
-0.000000, 4.200000, 10
0.150000, 4.200000, 10
0.300000, 4.200000, 10
0.450000, 4.200000, 10
0.600000, 4.200000, 10
0.750000, 4.200000, 10
0.900000, 4.200000, 10
1.050000, 4.200000, 10
1.200000, 4.200000, 10
1.350000, 4.200000, 10
1.500000, 4.200000, 4
1.650000, 4.200000, 4
1.800000, 4.200000, 4
1.950000, 4.200000, 4
2.100000, 4.200000, 4
2.250000, 4.200000, 4
2.400000, 4.200000, 4
2.550000, 4.200000, 4
2.700000, 4.200000, 4
2.850000, 4.200000, 4
3.000000, 4.200000, 4
3.150000, 4.200000, 4
3.300000, 4.200000, 4
3.450000, 4.200000, 4
3.600000, 4.200000, 4
3.750000, 4.200000, 4
3.900000, 4.200000, 4
4.050000, 4.200000, 10
4.200000, 4.200000, 5
4.350000, 4.200000, 4
4.500000, 4.200000, 6
4.650000, 4.200000, 6
4.800000, 4.200000, 6
4.950000, 4.200000, 6
5.100000, 4.200000, 6
5.250000, 4.200000, 6
5.400000, 4.200000, 6
5.550000, 4.200000, 6
5.700000, 4.200000, 6
5.850000, 4.200000, 6
6.000000, 4.200000, 6
6.150000, 4.200000, 6
6.300000, 4.200000, 6
6.450000, 4.200000, 6
6.600000, 4.200000, 6
6.750000, 4.200000, 6
6.900000, 4.200000, 6
7.050000, 4.200000, 6
7.200000, 4.200000, 6
7.350000, 4.200000, 6
7.500000, 4.200000, 6
7.650000, 4.200000, 6
7.800000, 4.200000, 6
7.950000, 4.200000, 6
8.100000, 4.200000, 6
8.250000, 4.200000, 6
8.400000, 4.200000, 6
8.550000, 4.200000, 6
8.700000, 4.200000, 6
8.850000, 4.200000, 6
9.000000, 4.200000, 6
9.150000, 4.200000, 6
9.300000, 4.200000, 6
9.450000, 4.200000, 6
9.600000, 4.200000, 6
9.750000, 4.200000, 6
9.900000, 4.200000, 6
10.050000, 4.200000, 6
10.200000, 4.200000, 6
10.350000, 4.200000, 6
10.500000, 4.200000, 6
10.650000, 4.200000, 6
10.800000, 4.200000, 6
10.950000, 4.200000, 6
11.100000, 4.200000, 6
11.250000, 4.200000, 6
11.400000, 4.200000, 6
11.550000, 4.200000, 4
11.700000, 4.200000, 4
11.850000, 4.200000, 3
12.000000, 4.200000, 9
12.150000, 4.200000, 10
12.300000, 4.200000, 10
12.450000, 4.200000, 4
12.600000, 4.200000, 4
12.750000, 4.200000, 4
12.900000, 4.200000, 4
13.050000, 4.200000, 4
13.200000, 4.200000, 4
13.350000, 4.200000, 6
13.500000, 4.200000, 6
13.650000, 4.200000, 6
13.800000, 4.200000, 6
13.950000, 4.200000, 6
14.100000, 4.200000, 6
14.250000, 4.200000, 6
14.400000, 4.200000, 6
14.550000, 4.200000, 5
14.700000, 4.200000, 5
14.850000, 4.200000, 5
-15.000000, 4.250000, 0
-14.850000, 4.250000, 0
-14.700000, 4.250000, 0
-14.550000, 4.250000, 0
-14.400000, 4.250000, 0
-14.250000, 4.250000, 0
-14.100000, 4.250000, 0
-13.950000, 4.250000, 0
-13.800000, 4.250000, 0
-13.650000, 4.250000, 0
-13.500000, 4.250000, 0
-13.350000, 4.250000, 0
-13.200000, 4.250000, 0
-13.050000, 4.250000, 0
-12.900000, 4.250000, 0
-12.750000, 4.250000, 0
-12.600000, 4.250000, 0
-12.450000, 4.250000, 0
-12.300000, 4.250000, 0
-12.150000, 4.250000, 0
-12.000000, 4.250000, 0
-11.850000, 4.250000, 0
-11.700000, 4.250000, 0
-11.550000, 4.250000, 0
-11.400000, 4.250000, 0
-11.250000, 4.250000, 0
-11.100000, 4.250000, 0
-10.950000, 4.250000, 0
-10.800000, 4.250000, 0
-10.650000, 4.250000, 0
-10.500000, 4.250000, 0
-10.350000, 4.250000, 0
-10.200000, 4.250000, 0
-10.050000, 4.250000, 0
-9.900000, 4.250000, 0
-9.750000, 4.250000, 0
-9.600000, 4.250000, 0
-9.450000, 4.250000, 0
-9.300000, 4.250000, 0
-9.150000, 4.250000, 0
-9.000000, 4.250000, 0
-8.850000, 4.250000, 0
-8.700000, 4.250000, 0
-8.550000, 4.250000, 0
-8.400000, 4.250000, 0
-8.250000, 4.250000, 2
-8.100000, 4.250000, 2
-7.950000, 4.250000, 2
-7.800000, 4.250000, 2
-7.650000, 4.250000, 2
-7.500000, 4.250000, 2
-7.350000, 4.250000, 2
-7.200000, 4.250000, 2
-7.050000, 4.250000, 2
-6.900000, 4.250000, 2
-6.750000, 4.250000, 2
-6.600000, 4.250000, 2
-6.450000, 4.250000, 2
-6.300000, 4.250000, 2
-6.150000, 4.250000, 2
-6.000000, 4.250000, 2
-5.850000, 4.250000, 2
-5.700000, 4.250000, 2
-5.550000, 4.250000, 2
-5.400000, 4.250000, 2
-5.250000, 4.250000, 2
-5.100000, 4.250000, 6
-4.950000, 4.250000, 7
-4.800000, 4.250000, 1
-4.650000, 4.250000, 5
-4.500000, 4.250000, 5
-4.350000, 4.250000, 6
-4.200000, 4.250000, 4
-4.050000, 4.250000, 4
-3.900000, 4.250000, 4
-3.750000, 4.250000, 9
-3.600000, 4.250000, 9
-3.450000, 4.250000, 9
-3.300000, 4.250000, 9
-3.150000, 4.250000, 9
-3.000000, 4.250000, 9
-2.850000, 4.250000, 9
-2.700000, 4.250000, 9
-2.550000, 4.250000, 9
-2.400000, 4.250000, 9
-2.250000, 4.250000, 9
-2.100000, 4.250000, 9
-1.950000, 4.250000, 9
-1.800000, 4.250000, 9
-1.650000, 4.250000, 9
-1.500000, 4.250000, 4
-1.350000, 4.250000, 3
-1.200000, 4.250000, 4
-1.050000, 4.250000, 4
-0.900000, 4.250000, 4
-0.750000, 4.250000, 4
-0.600000, 4.250000, 4
-0.450000, 4.250000, 10
-0.300000, 4.250000, 10
-0.150000, 4.250000, 10
-0.000000, 4.250000, 10
0.150000, 4.250000, 10
0.300000, 4.250000, 10
0.450000, 4.250000, 10
0.600000, 4.250000, 10
0.750000, 4.250000, 10
0.900000, 4.250000, 10
1.050000, 4.250000, 10
1.200000, 4.250000, 10
1.350000, 4.250000, 10
1.500000, 4.250000, 4
1.650000, 4.250000, 4
1.800000, 4.250000, 4
1.950000, 4.250000, 4
2.100000, 4.250000, 4
2.250000, 4.250000, 4
2.400000, 4.250000, 4
2.550000, 4.250000, 4
2.700000, 4.250000, 4
2.850000, 4.250000, 4
3.000000, 4.250000, 4
3.150000, 4.250000, 4
3.300000, 4.250000, 4
3.450000, 4.250000, 4
3.600000, 4.250000, 4
3.750000, 4.250000, 4
3.900000, 4.250000, 4
4.050000, 4.250000, 2
4.200000, 4.250000, 5
4.350000, 4.250000, 4
4.500000, 4.250000, 6
4.650000, 4.250000, 6
4.800000, 4.250000, 6
4.950000, 4.250000, 6
5.100000, 4.250000, 6
5.250000, 4.250000, 6
5.400000, 4.250000, 6
5.550000, 4.250000, 6
5.700000, 4.250000, 6
5.850000, 4.250000, 6
6.000000, 4.250000, 6
6.150000, 4.250000, 6
6.300000, 4.250000, 6
6.450000, 4.250000, 6
6.600000, 4.250000, 6
6.750000, 4.250000, 6
6.900000, 4.250000, 6
7.050000, 4.250000, 6
7.200000, 4.250000, 6
7.350000, 4.250000, 6
7.500000, 4.250000, 6
7.650000, 4.250000, 6
7.800000, 4.250000, 6
7.950000, 4.250000, 6
8.100000, 4.250000, 6
8.250000, 4.250000, 6
8.400000, 4.250000, 6
8.550000, 4.250000, 6
8.700000, 4.250000, 6
8.850000, 4.250000, 6
9.000000, 4.250000, 6
9.150000, 4.250000, 6
9.300000, 4.250000, 6
9.450000, 4.250000, 6
9.600000, 4.250000, 6
9.750000, 4.250000, 6
9.900000, 4.250000, 6
10.050000, 4.250000, 6
10.200000, 4.250000, 6
10.350000, 4.250000, 6
10.500000, 4.250000, 6
10.650000, 4.250000, 6
10.800000, 4.250000, 6
10.950000, 4.250000, 6
11.100000, 4.250000, 6
11.250000, 4.250000, 6
11.400000, 4.250000, 6
11.550000, 4.250000, 6
11.700000, 4.250000, 6
11.850000, 4.250000, 3
12.000000, 4.250000, 11
12.150000, 4.250000, 10
12.300000, 4.250000, 10
12.450000, 4.250000, 4
12.600000, 4.250000, 4
12.750000, 4.250000, 4
12.900000, 4.250000, 4
13.050000, 4.250000, 4
13.200000, 4.250000, 6
13.350000, 4.250000, 6
13.500000, 4.250000, 6
13.650000, 4.250000, 6
13.800000, 4.250000, 6
13.950000, 4.250000, 6
14.100000, 4.250000, 6
14.250000, 4.250000, 6
14.400000, 4.250000, 6
14.550000, 4.250000, 5
14.700000, 4.250000, 5
14.850000, 4.250000, 5
-15.000000, 4.300000, 0
-14.850000, 4.300000, 0
-14.700000, 4.300000, 0
-14.550000, 4.300000, 0
-14.400000, 4.300000, 0
-14.250000, 4.300000, 0
-14.100000, 4.300000, 0
-13.950000, 4.300000, 0
-13.800000, 4.300000, 0
-13.650000, 4.300000, 0
-13.500000, 4.300000, 0
-13.350000, 4.300000, 0
-13.200000, 4.300000, 0
-13.050000, 4.300000, 0
-12.900000, 4.300000, 0
-12.750000, 4.300000, 0
-12.600000, 4.300000, 0
-12.450000, 4.300000, 0
-12.300000, 4.300000, 0
-12.150000, 4.300000, 0
-12.000000, 4.300000, 0
-11.850000, 4.300000, 0
-11.700000, 4.300000, 0
-11.550000, 4.300000, 0
-11.400000, 4.300000, 0
-11.250000, 4.300000, 0
-11.100000, 4.300000, 0
-10.950000, 4.300000, 0
-10.800000, 4.300000, 0
-10.650000, 4.300000, 0
-10.500000, 4.300000, 0
-10.350000, 4.300000, 0
-10.200000, 4.300000, 0
-10.050000, 4.300000, 0
-9.900000, 4.300000, 0
-9.750000, 4.300000, 0
-9.600000, 4.300000, 0
-9.450000, 4.300000, 0
-9.300000, 4.300000, 0
-9.150000, 4.300000, 0
-9.000000, 4.300000, 0
-8.850000, 4.300000, 0
-8.700000, 4.300000, 0
-8.550000, 4.300000, 0
-8.400000, 4.300000, 0
-8.250000, 4.300000, 5
-8.100000, 4.300000, 2
-7.950000, 4.300000, 2
-7.800000, 4.300000, 2
-7.650000, 4.300000, 2
-7.500000, 4.300000, 2
-7.350000, 4.300000, 2
-7.200000, 4.300000, 2
-7.050000, 4.300000, 2
-6.900000, 4.300000, 2
-6.750000, 4.300000, 2
-6.600000, 4.300000, 2
-6.450000, 4.300000, 2
-6.300000, 4.300000, 2
-6.150000, 4.300000, 2
-6.000000, 4.300000, 2
-5.850000, 4.300000, 2
-5.700000, 4.300000, 2
-5.550000, 4.300000, 2
-5.400000, 4.300000, 2
-5.250000, 4.300000, 2
-5.100000, 4.300000, 10
-4.950000, 4.300000, 7
-4.800000, 4.300000, 3
-4.650000, 4.300000, 3
-4.500000, 4.300000, 4
-4.350000, 4.300000, 6
-4.200000, 4.300000, 6
-4.050000, 4.300000, 4
-3.900000, 4.300000, 9
-3.750000, 4.300000, 9
-3.600000, 4.300000, 9
-3.450000, 4.300000, 9
-3.300000, 4.300000, 9
-3.150000, 4.300000, 9
-3.000000, 4.300000, 9
-2.850000, 4.300000, 9
-2.700000, 4.300000, 9
-2.550000, 4.300000, 9
-2.400000, 4.300000, 9
-2.250000, 4.300000, 9
-2.100000, 4.300000, 9
-1.950000, 4.300000, 9
-1.800000, 4.300000, 9
-1.650000, 4.300000, 9
-1.500000, 4.300000, 4
-1.350000, 4.300000, 10
-1.200000, 4.300000, 4
-1.050000, 4.300000, 4
-0.900000, 4.300000, 4
-0.750000, 4.300000, 4
-0.600000, 4.300000, 4
-0.450000, 4.300000, 10
-0.300000, 4.300000, 10
-0.150000, 4.300000, 10
-0.000000, 4.300000, 10
0.150000, 4.300000, 10
0.300000, 4.300000, 10
0.450000, 4.300000, 10
0.600000, 4.300000, 10
0.750000, 4.300000, 10
0.900000, 4.300000, 10
1.050000, 4.300000, 10
1.200000, 4.300000, 10
1.350000, 4.300000, 10
1.500000, 4.300000, 4
1.650000, 4.300000, 4
1.800000, 4.300000, 4
1.950000, 4.300000, 4
2.100000, 4.300000, 4
2.250000, 4.300000, 4
2.400000, 4.300000, 4
2.550000, 4.300000, 4
2.700000, 4.300000, 4
2.850000, 4.300000, 4
3.000000, 4.300000, 4
3.150000, 4.300000, 4
3.300000, 4.300000, 4
3.450000, 4.300000, 4
3.600000, 4.300000, 4
3.750000, 4.300000, 4
3.900000, 4.300000, 4
4.050000, 4.300000, 2
4.200000, 4.300000, 7
4.350000, 4.300000, 4
4.500000, 4.300000, 6
4.650000, 4.300000, 6
4.800000, 4.300000, 6
4.950000, 4.300000, 6
5.100000, 4.300000, 6
5.250000, 4.300000, 6
5.400000, 4.300000, 6
5.550000, 4.300000, 6
5.700000, 4.300000, 6
5.850000, 4.300000, 6
6.000000, 4.300000, 6
6.150000, 4.300000, 6
6.300000, 4.300000, 6
6.450000, 4.300000, 6
6.600000, 4.300000, 6
6.750000, 4.300000, 6
6.900000, 4.300000, 6
7.050000, 4.300000, 6
7.200000, 4.300000, 6
7.350000, 4.300000, 6
7.500000, 4.300000, 6
7.650000, 4.300000, 6
7.800000, 4.300000, 6
7.950000, 4.300000, 6
8.100000, 4.300000, 6
8.250000, 4.300000, 6
8.400000, 4.300000, 6
8.550000, 4.300000, 6
8.700000, 4.300000, 6
8.850000, 4.300000, 6
9.000000, 4.300000, 6
9.150000, 4.300000, 6
9.300000, 4.300000, 6
9.450000, 4.300000, 6
9.600000, 4.300000, 6
9.750000, 4.300000, 6
9.900000, 4.300000, 6
10.050000, 4.300000, 6
10.200000, 4.300000, 6
10.350000, 4.300000, 6
10.500000, 4.300000, 6
10.650000, 4.300000, 6
10.800000, 4.300000, 6
10.950000, 4.300000, 6
11.100000, 4.300000, 6
11.250000, 4.300000, 6
11.400000, 4.300000, 6
11.550000, 4.300000, 6
11.700000, 4.300000, 6
11.850000, 4.300000, 1
12.000000, 4.300000, 5
12.150000, 4.300000, 10
12.300000, 4.300000, 10
12.450000, 4.300000, 4
12.600000, 4.300000, 4
12.750000, 4.300000, 4
12.900000, 4.300000, 4
13.050000, 4.300000, 4
13.200000, 4.300000, 6
13.350000, 4.300000, 6
13.500000, 4.300000, 6
13.650000, 4.300000, 6
13.800000, 4.300000, 6
13.950000, 4.300000, 6
14.100000, 4.300000, 6
14.250000, 4.300000, 6
14.400000, 4.300000, 6
14.550000, 4.300000, 6
14.700000, 4.300000, 5
14.850000, 4.300000, 5
-15.000000, 4.350000, 0
-14.850000, 4.350000, 0
-14.700000, 4.350000, 0
-14.550000, 4.350000, 0
-14.400000, 4.350000, 0
-14.250000, 4.350000, 0
-14.100000, 4.350000, 0
-13.950000, 4.350000, 0
-13.800000, 4.350000, 0
-13.650000, 4.350000, 0
-13.500000, 4.350000, 0
-13.350000, 4.350000, 0
-13.200000, 4.350000, 0
-13.050000, 4.350000, 0
-12.900000, 4.350000, 0
-12.750000, 4.350000, 0
-12.600000, 4.350000, 0
-12.450000, 4.350000, 0
-12.300000, 4.350000, 0
-12.150000, 4.350000, 0
-12.000000, 4.350000, 0
-11.850000, 4.350000, 0
-11.700000, 4.350000, 0
-11.550000, 4.350000, 0
-11.400000, 4.350000, 0
-11.250000, 4.350000, 0
-11.100000, 4.350000, 0
-10.950000, 4.350000, 0
-10.800000, 4.350000, 0
-10.650000, 4.350000, 0
-10.500000, 4.350000, 0
-10.350000, 4.350000, 0
-10.200000, 4.350000, 0
-10.050000, 4.350000, 0
-9.900000, 4.350000, 0
-9.750000, 4.350000, 0
-9.600000, 4.350000, 0
-9.450000, 4.350000, 0
-9.300000, 4.350000, 0
-9.150000, 4.350000, 0
-9.000000, 4.350000, 0
-8.850000, 4.350000, 0
-8.700000, 4.350000, 2
-8.550000, 4.350000, 2
-8.400000, 4.350000, 7
-8.250000, 4.350000, 4
-8.100000, 4.350000, 2
-7.950000, 4.350000, 2
-7.800000, 4.350000, 2
-7.650000, 4.350000, 2
-7.500000, 4.350000, 2
-7.350000, 4.350000, 2
-7.200000, 4.350000, 2
-7.050000, 4.350000, 2
-6.900000, 4.350000, 2
-6.750000, 4.350000, 2
-6.600000, 4.350000, 2
-6.450000, 4.350000, 2
-6.300000, 4.350000, 2
-6.150000, 4.350000, 2
-6.000000, 4.350000, 2
-5.850000, 4.350000, 2
-5.700000, 4.350000, 2
-5.550000, 4.350000, 2
-5.400000, 4.350000, 2
-5.250000, 4.350000, 2
-5.100000, 4.350000, 8
-4.950000, 4.350000, 1
-4.800000, 4.350000, 3
-4.650000, 4.350000, 2
-4.500000, 4.350000, 6
-4.350000, 4.350000, 10
-4.200000, 4.350000, 4
-4.050000, 4.350000, 4
-3.900000, 4.350000, 9
-3.750000, 4.350000, 9
-3.600000, 4.350000, 9
-3.450000, 4.350000, 9
-3.300000, 4.350000, 9
-3.150000, 4.350000, 9
-3.000000, 4.350000, 9
-2.850000, 4.350000, 9
-2.700000, 4.350000, 9
-2.550000, 4.350000, 9
-2.400000, 4.350000, 9
-2.250000, 4.350000, 9
-2.100000, 4.350000, 9
-1.950000, 4.350000, 9
-1.800000, 4.350000, 9
-1.650000, 4.350000, 9
-1.500000, 4.350000, 9
-1.350000, 4.350000, 7
-1.200000, 4.350000, 7
-1.050000, 4.350000, 4
-0.900000, 4.350000, 4
-0.750000, 4.350000, 4
-0.600000, 4.350000, 4
-0.450000, 4.350000, 4
-0.300000, 4.350000, 10
-0.150000, 4.350000, 10
-0.000000, 4.350000, 10
0.150000, 4.350000, 10
0.300000, 4.350000, 10
0.450000, 4.350000, 10
0.600000, 4.350000, 10
0.750000, 4.350000, 10
0.900000, 4.350000, 10
1.050000, 4.350000, 10
1.200000, 4.350000, 10
1.350000, 4.350000, 10
1.500000, 4.350000, 4
1.650000, 4.350000, 4
1.800000, 4.350000, 4
1.950000, 4.350000, 4
2.100000, 4.350000, 4
2.250000, 4.350000, 4
2.400000, 4.350000, 4
2.550000, 4.350000, 4
2.700000, 4.350000, 4
2.850000, 4.350000, 4
3.000000, 4.350000, 4
3.150000, 4.350000, 4
3.300000, 4.350000, 4
3.450000, 4.350000, 4
3.600000, 4.350000, 4
3.750000, 4.350000, 4
3.900000, 4.350000, 4
4.050000, 4.350000, 5
4.200000, 4.350000, 8
4.350000, 4.350000, 4
4.500000, 4.350000, 6
4.650000, 4.350000, 6
4.800000, 4.350000, 6
4.950000, 4.350000, 6
5.100000, 4.350000, 6
5.250000, 4.350000, 6
5.400000, 4.350000, 6
5.550000, 4.350000, 6
5.700000, 4.350000, 6
5.850000, 4.350000, 6
6.000000, 4.350000, 6
6.150000, 4.350000, 6
6.300000, 4.350000, 6
6.450000, 4.350000, 6
6.600000, 4.350000, 6
6.750000, 4.350000, 6
6.900000, 4.350000, 6
7.050000, 4.350000, 6
7.200000, 4.350000, 6
7.350000, 4.350000, 6
7.500000, 4.350000, 6
7.650000, 4.350000, 6
7.800000, 4.350000, 6
7.950000, 4.350000, 6
8.100000, 4.350000, 6
8.250000, 4.350000, 6
8.400000, 4.350000, 6
8.550000, 4.350000, 6
8.700000, 4.350000, 6
8.850000, 4.350000, 6
9.000000, 4.350000, 6
9.150000, 4.350000, 6
9.300000, 4.350000, 6
9.450000, 4.350000, 6
9.600000, 4.350000, 6
9.750000, 4.350000, 6
9.900000, 4.350000, 6
10.050000, 4.350000, 6
10.200000, 4.350000, 6
10.350000, 4.350000, 6
10.500000, 4.350000, 6
10.650000, 4.350000, 6
10.800000, 4.350000, 6
10.950000, 4.350000, 6
11.100000, 4.350000, 6
11.250000, 4.350000, 6
11.400000, 4.350000, 6
11.550000, 4.350000, 6
11.700000, 4.350000, 6
11.850000, 4.350000, 1
12.000000, 4.350000, 5
12.150000, 4.350000, 10
12.300000, 4.350000, 4
12.450000, 4.350000, 4
12.600000, 4.350000, 4
12.750000, 4.350000, 4
12.900000, 4.350000, 4
13.050000, 4.350000, 4
13.200000, 4.350000, 6
13.350000, 4.350000, 6
13.500000, 4.350000, 6
13.650000, 4.350000, 6
13.800000, 4.350000, 6
13.950000, 4.350000, 6
14.100000, 4.350000, 6
14.250000, 4.350000, 6
14.400000, 4.350000, 6
14.550000, 4.350000, 6
14.700000, 4.350000, 5
14.850000, 4.350000, 5
-15.000000, 4.400000, 0
-14.850000, 4.400000, 0
-14.700000, 4.400000, 0
-14.550000, 4.400000, 0
-14.400000, 4.400000, 0
-14.250000, 4.400000, 0
-14.100000, 4.400000, 0
-13.950000, 4.400000, 0
-13.800000, 4.400000, 0
-13.650000, 4.400000, 0
-13.500000, 4.400000, 0
-13.350000, 4.400000, 0
-13.200000, 4.400000, 0
-13.050000, 4.400000, 0
-12.900000, 4.400000, 0
-12.750000, 4.400000, 0
-12.600000, 4.400000, 0
-12.450000, 4.400000, 0
-12.300000, 4.400000, 0
-12.150000, 4.400000, 0
-12.000000, 4.400000, 0
-11.850000, 4.400000, 0
-11.700000, 4.400000, 0
-11.550000, 4.400000, 0
-11.400000, 4.400000, 0
-11.250000, 4.400000, 0
-11.100000, 4.400000, 0
-10.950000, 4.400000, 0
-10.800000, 4.400000, 0
-10.650000, 4.400000, 0
-10.500000, 4.400000, 0
-10.350000, 4.400000, 0
-10.200000, 4.400000, 0
-10.050000, 4.400000, 0
-9.900000, 4.400000, 0
-9.750000, 4.400000, 0
-9.600000, 4.400000, 0
-9.450000, 4.400000, 0
-9.300000, 4.400000, 0
-9.150000, 4.400000, 0
-9.000000, 4.400000, 0
-8.850000, 4.400000, 2
-8.700000, 4.400000, 2
-8.550000, 4.400000, 2
-8.400000, 4.400000, 7
-8.250000, 4.400000, 2
-8.100000, 4.400000, 2
-7.950000, 4.400000, 2
-7.800000, 4.400000, 2
-7.650000, 4.400000, 2
-7.500000, 4.400000, 2
-7.350000, 4.400000, 2
-7.200000, 4.400000, 2
-7.050000, 4.400000, 2
-6.900000, 4.400000, 2
-6.750000, 4.400000, 2
-6.600000, 4.400000, 2
-6.450000, 4.400000, 2
-6.300000, 4.400000, 2
-6.150000, 4.400000, 2
-6.000000, 4.400000, 2
-5.850000, 4.400000, 2
-5.700000, 4.400000, 2
-5.550000, 4.400000, 2
-5.400000, 4.400000, 2
-5.250000, 4.400000, 0
-5.100000, 4.400000, 4
-4.950000, 4.400000, 3
-4.800000, 4.400000, 3
-4.650000, 4.400000, 1
-4.500000, 4.400000, 6
-4.350000, 4.400000, 4
-4.200000, 4.400000, 5
-4.050000, 4.400000, 4
-3.900000, 4.400000, 9
-3.750000, 4.400000, 9
-3.600000, 4.400000, 9
-3.450000, 4.400000, 9
-3.300000, 4.400000, 9
-3.150000, 4.400000, 9
-3.000000, 4.400000, 9
-2.850000, 4.400000, 9
-2.700000, 4.400000, 9
-2.550000, 4.400000, 9
-2.400000, 4.400000, 9
-2.250000, 4.400000, 9
-2.100000, 4.400000, 9
-1.950000, 4.400000, 9
-1.800000, 4.400000, 9
-1.650000, 4.400000, 9
-1.500000, 4.400000, 3
-1.350000, 4.400000, 1
-1.200000, 4.400000, 6
-1.050000, 4.400000, 4
-0.900000, 4.400000, 4
-0.750000, 4.400000, 4
-0.600000, 4.400000, 4
-0.450000, 4.400000, 4
-0.300000, 4.400000, 10
-0.150000, 4.400000, 10
-0.000000, 4.400000, 10
0.150000, 4.400000, 10
0.300000, 4.400000, 10
0.450000, 4.400000, 10
0.600000, 4.400000, 10
0.750000, 4.400000, 10
0.900000, 4.400000, 10
1.050000, 4.400000, 10
1.200000, 4.400000, 10
1.350000, 4.400000, 10
1.500000, 4.400000, 10
1.650000, 4.400000, 4
1.800000, 4.400000, 4
1.950000, 4.400000, 4
2.100000, 4.400000, 4
2.250000, 4.400000, 4
2.400000, 4.400000, 4
2.550000, 4.400000, 4
2.700000, 4.400000, 4
2.850000, 4.400000, 4
3.000000, 4.400000, 4
3.150000, 4.400000, 4
3.300000, 4.400000, 4
3.450000, 4.400000, 4
3.600000, 4.400000, 4
3.750000, 4.400000, 4
3.900000, 4.400000, 4
4.050000, 4.400000, 6
4.200000, 4.400000, 2
4.350000, 4.400000, 4
4.500000, 4.400000, 10
4.650000, 4.400000, 6
4.800000, 4.400000, 6
4.950000, 4.400000, 6
5.100000, 4.400000, 6
5.250000, 4.400000, 6
5.400000, 4.400000, 6
5.550000, 4.400000, 6
5.700000, 4.400000, 6
5.850000, 4.400000, 6
6.000000, 4.400000, 6
6.150000, 4.400000, 6
6.300000, 4.400000, 6
6.450000, 4.400000, 6
6.600000, 4.400000, 6
6.750000, 4.400000, 6
6.900000, 4.400000, 6
7.050000, 4.400000, 6
7.200000, 4.400000, 6
7.350000, 4.400000, 6
7.500000, 4.400000, 6
7.650000, 4.400000, 6
7.800000, 4.400000, 6
7.950000, 4.400000, 6
8.100000, 4.400000, 6
8.250000, 4.400000, 6
8.400000, 4.400000, 6
8.550000, 4.400000, 6
8.700000, 4.400000, 6
8.850000, 4.400000, 6
9.000000, 4.400000, 6
9.150000, 4.400000, 6
9.300000, 4.400000, 6
9.450000, 4.400000, 6
9.600000, 4.400000, 6
9.750000, 4.400000, 6
9.900000, 4.400000, 6
10.050000, 4.400000, 6
10.200000, 4.400000, 6
10.350000, 4.400000, 6
10.500000, 4.400000, 6
10.650000, 4.400000, 6
10.800000, 4.400000, 6
10.950000, 4.400000, 6
11.100000, 4.400000, 6
11.250000, 4.400000, 6
11.400000, 4.400000, 6
11.550000, 4.400000, 6
11.700000, 4.400000, 6
11.850000, 4.400000, 5
12.000000, 4.400000, 5
12.150000, 4.400000, 6
12.300000, 4.400000, 4
12.450000, 4.400000, 4
12.600000, 4.400000, 4
12.750000, 4.400000, 4
12.900000, 4.400000, 4
13.050000, 4.400000, 6
13.200000, 4.400000, 6
13.350000, 4.400000, 6
13.500000, 4.400000, 6
13.650000, 4.400000, 6
13.800000, 4.400000, 6
13.950000, 4.400000, 6
14.100000, 4.400000, 6
14.250000, 4.400000, 6
14.400000, 4.400000, 6
14.550000, 4.400000, 6
14.700000, 4.400000, 6
14.850000, 4.400000, 5
-15.000000, 4.450000, 0
-14.850000, 4.450000, 0
-14.700000, 4.450000, 0
-14.550000, 4.450000, 0
-14.400000, 4.450000, 0
-14.250000, 4.450000, 0
-14.100000, 4.450000, 0
-13.950000, 4.450000, 0
-13.800000, 4.450000, 0
-13.650000, 4.450000, 0
-13.500000, 4.450000, 0
-13.350000, 4.450000, 0
-13.200000, 4.450000, 0
-13.050000, 4.450000, 0
-12.900000, 4.450000, 0
-12.750000, 4.450000, 0
-12.600000, 4.450000, 0
-12.450000, 4.450000, 0
-12.300000, 4.450000, 0
-12.150000, 4.450000, 0
-12.000000, 4.450000, 0
-11.850000, 4.450000, 0
-11.700000, 4.450000, 0
-11.550000, 4.450000, 0
-11.400000, 4.450000, 0
-11.250000, 4.450000, 0
-11.100000, 4.450000, 0
-10.950000, 4.450000, 0
-10.800000, 4.450000, 0
-10.650000, 4.450000, 0
-10.500000, 4.450000, 0
-10.350000, 4.450000, 0
-10.200000, 4.450000, 0
-10.050000, 4.450000, 0
-9.900000, 4.450000, 0
-9.750000, 4.450000, 0
-9.600000, 4.450000, 0
-9.450000, 4.450000, 0
-9.300000, 4.450000, 0
-9.150000, 4.450000, 0
-9.000000, 4.450000, 0
-8.850000, 4.450000, 2
-8.700000, 4.450000, 2
-8.550000, 4.450000, 2
-8.400000, 4.450000, 4
-8.250000, 4.450000, 2
-8.100000, 4.450000, 2
-7.950000, 4.450000, 2
-7.800000, 4.450000, 2
-7.650000, 4.450000, 2
-7.500000, 4.450000, 2
-7.350000, 4.450000, 2
-7.200000, 4.450000, 2
-7.050000, 4.450000, 2
-6.900000, 4.450000, 2
-6.750000, 4.450000, 2
-6.600000, 4.450000, 2
-6.450000, 4.450000, 2
-6.300000, 4.450000, 2
-6.150000, 4.450000, 2
-6.000000, 4.450000, 2
-5.850000, 4.450000, 2
-5.700000, 4.450000, 2
-5.550000, 4.450000, 2
-5.400000, 4.450000, 2
-5.250000, 4.450000, 4
-5.100000, 4.450000, 4
-4.950000, 4.450000, 3
-4.800000, 4.450000, 3
-4.650000, 4.450000, 2
-4.500000, 4.450000, 10
-4.350000, 4.450000, 10
-4.200000, 4.450000, 8
-4.050000, 4.450000, 10
-3.900000, 4.450000, 9
-3.750000, 4.450000, 9
-3.600000, 4.450000, 9
-3.450000, 4.450000, 9
-3.300000, 4.450000, 9
-3.150000, 4.450000, 9
-3.000000, 4.450000, 9
-2.850000, 4.450000, 9
-2.700000, 4.450000, 9
-2.550000, 4.450000, 9
-2.400000, 4.450000, 9
-2.250000, 4.450000, 9
-2.100000, 4.450000, 9
-1.950000, 4.450000, 9
-1.800000, 4.450000, 9
-1.650000, 4.450000, 9
-1.500000, 4.450000, 2
-1.350000, 4.450000, 5
-1.200000, 4.450000, 6
-1.050000, 4.450000, 4
-0.900000, 4.450000, 4
-0.750000, 4.450000, 4
-0.600000, 4.450000, 4
-0.450000, 4.450000, 9
-0.300000, 4.450000, 10
-0.150000, 4.450000, 10
-0.000000, 4.450000, 10
0.150000, 4.450000, 10
0.300000, 4.450000, 10
0.450000, 4.450000, 10
0.600000, 4.450000, 10
0.750000, 4.450000, 10
0.900000, 4.450000, 10
1.050000, 4.450000, 10
1.200000, 4.450000, 10
1.350000, 4.450000, 10
1.500000, 4.450000, 10
1.650000, 4.450000, 4
1.800000, 4.450000, 4
1.950000, 4.450000, 4
2.100000, 4.450000, 4
2.250000, 4.450000, 4
2.400000, 4.450000, 4
2.550000, 4.450000, 4
2.700000, 4.450000, 4
2.850000, 4.450000, 4
3.000000, 4.450000, 4
3.150000, 4.450000, 4
3.300000, 4.450000, 4
3.450000, 4.450000, 4
3.600000, 4.450000, 4
3.750000, 4.450000, 4
3.900000, 4.450000, 4
4.050000, 4.450000, 10
4.200000, 4.450000, 9
4.350000, 4.450000, 4
4.500000, 4.450000, 9
4.650000, 4.450000, 6
4.800000, 4.450000, 6
4.950000, 4.450000, 6
5.100000, 4.450000, 6
5.250000, 4.450000, 6
5.400000, 4.450000, 6
5.550000, 4.450000, 6
5.700000, 4.450000, 6
5.850000, 4.450000, 6
6.000000, 4.450000, 6
6.150000, 4.450000, 6
6.300000, 4.450000, 6
6.450000, 4.450000, 6
6.600000, 4.450000, 6
6.750000, 4.450000, 6
6.900000, 4.450000, 6
7.050000, 4.450000, 6
7.200000, 4.450000, 6
7.350000, 4.450000, 6
7.500000, 4.450000, 6
7.650000, 4.450000, 6
7.800000, 4.450000, 6
7.950000, 4.450000, 6
8.100000, 4.450000, 6
8.250000, 4.450000, 6
8.400000, 4.450000, 6
8.550000, 4.450000, 6
8.700000, 4.450000, 6
8.850000, 4.450000, 6
9.000000, 4.450000, 6
9.150000, 4.450000, 6
9.300000, 4.450000, 6
9.450000, 4.450000, 6
9.600000, 4.450000, 6
9.750000, 4.450000, 6
9.900000, 4.450000, 6
10.050000, 4.450000, 6
10.200000, 4.450000, 6
10.350000, 4.450000, 6
10.500000, 4.450000, 6
10.650000, 4.450000, 6
10.800000, 4.450000, 6
10.950000, 4.450000, 6
11.100000, 4.450000, 6
11.250000, 4.450000, 6
11.400000, 4.450000, 6
11.550000, 4.450000, 6
11.700000, 4.450000, 6
11.850000, 4.450000, 5
12.000000, 4.450000, 5
12.150000, 4.450000, 6
12.300000, 4.450000, 6
12.450000, 4.450000, 4
12.600000, 4.450000, 4
12.750000, 4.450000, 4
12.900000, 4.450000, 4
13.050000, 4.450000, 6
13.200000, 4.450000, 6
13.350000, 4.450000, 6
13.500000, 4.450000, 6
13.650000, 4.450000, 6
13.800000, 4.450000, 6
13.950000, 4.450000, 6
14.100000, 4.450000, 6
14.250000, 4.450000, 6
14.400000, 4.450000, 6
14.550000, 4.450000, 6
14.700000, 4.450000, 6
14.850000, 4.450000, 5
-15.000000, 4.500000, 0
-14.850000, 4.500000, 0
-14.700000, 4.500000, 0
-14.550000, 4.500000, 0
-14.400000, 4.500000, 0
-14.250000, 4.500000, 0
-14.100000, 4.500000, 0
-13.950000, 4.500000, 0
-13.800000, 4.500000, 0
-13.650000, 4.500000, 0
-13.500000, 4.500000, 0
-13.350000, 4.500000, 0
-13.200000, 4.500000, 0
-13.050000, 4.500000, 0
-12.900000, 4.500000, 0
-12.750000, 4.500000, 0
-12.600000, 4.500000, 0
-12.450000, 4.500000, 0
-12.300000, 4.500000, 0
-12.150000, 4.500000, 0
-12.000000, 4.500000, 0
-11.850000, 4.500000, 0
-11.700000, 4.500000, 0
-11.550000, 4.500000, 0
-11.400000, 4.500000, 0
-11.250000, 4.500000, 0
-11.100000, 4.500000, 0
-10.950000, 4.500000, 0
-10.800000, 4.500000, 0
-10.650000, 4.500000, 0
-10.500000, 4.500000, 0
-10.350000, 4.500000, 0
-10.200000, 4.500000, 0
-10.050000, 4.500000, 0
-9.900000, 4.500000, 0
-9.750000, 4.500000, 0
-9.600000, 4.500000, 0
-9.450000, 4.500000, 0
-9.300000, 4.500000, 0
-9.150000, 4.500000, 0
-9.000000, 4.500000, 3
-8.850000, 4.500000, 2
-8.700000, 4.500000, 2
-8.550000, 4.500000, 2
-8.400000, 4.500000, 2
-8.250000, 4.500000, 2
-8.100000, 4.500000, 2
-7.950000, 4.500000, 2
-7.800000, 4.500000, 2
-7.650000, 4.500000, 2
-7.500000, 4.500000, 2
-7.350000, 4.500000, 2
-7.200000, 4.500000, 2
-7.050000, 4.500000, 2
-6.900000, 4.500000, 2
-6.750000, 4.500000, 2
-6.600000, 4.500000, 2
-6.450000, 4.500000, 2
-6.300000, 4.500000, 2
-6.150000, 4.500000, 2
-6.000000, 4.500000, 2
-5.850000, 4.500000, 2
-5.700000, 4.500000, 2
-5.550000, 4.500000, 2
-5.400000, 4.500000, 2
-5.250000, 4.500000, 2
-5.100000, 4.500000, 4
-4.950000, 4.500000, 3
-4.800000, 4.500000, 3
-4.650000, 4.500000, 3
-4.500000, 4.500000, 4
-4.350000, 4.500000, 4
-4.200000, 4.500000, 7
-4.050000, 4.500000, 4
-3.900000, 4.500000, 9
-3.750000, 4.500000, 9
-3.600000, 4.500000, 9
-3.450000, 4.500000, 9
-3.300000, 4.500000, 9
-3.150000, 4.500000, 9
-3.000000, 4.500000, 9
-2.850000, 4.500000, 9
-2.700000, 4.500000, 9
-2.550000, 4.500000, 9
-2.400000, 4.500000, 9
-2.250000, 4.500000, 9
-2.100000, 4.500000, 9
-1.950000, 4.500000, 9
-1.800000, 4.500000, 9
-1.650000, 4.500000, 9
-1.500000, 4.500000, 8
-1.350000, 4.500000, 5
-1.200000, 4.500000, 4
-1.050000, 4.500000, 4
-0.900000, 4.500000, 4
-0.750000, 4.500000, 4
-0.600000, 4.500000, 4
-0.450000, 4.500000, 4
-0.300000, 4.500000, 10
-0.150000, 4.500000, 10
-0.000000, 4.500000, 10
0.150000, 4.500000, 10
0.300000, 4.500000, 10
0.450000, 4.500000, 10
0.600000, 4.500000, 10
0.750000, 4.500000, 10
0.900000, 4.500000, 10
1.050000, 4.500000, 10
1.200000, 4.500000, 10
1.350000, 4.500000, 10
1.500000, 4.500000, 10
1.650000, 4.500000, 4
1.800000, 4.500000, 4
1.950000, 4.500000, 4
2.100000, 4.500000, 4
2.250000, 4.500000, 4
2.400000, 4.500000, 4
2.550000, 4.500000, 4
2.700000, 4.500000, 4
2.850000, 4.500000, 4
3.000000, 4.500000, 4
3.150000, 4.500000, 4
3.300000, 4.500000, 4
3.450000, 4.500000, 4
3.600000, 4.500000, 4
3.750000, 4.500000, 4
3.900000, 4.500000, 4
4.050000, 4.500000, 4
4.200000, 4.500000, 8
4.350000, 4.500000, 10
4.500000, 4.500000, 10
4.650000, 4.500000, 6
4.800000, 4.500000, 6
4.950000, 4.500000, 6
5.100000, 4.500000, 6
5.250000, 4.500000, 6
5.400000, 4.500000, 6
5.550000, 4.500000, 6
5.700000, 4.500000, 6
5.850000, 4.500000, 6
6.000000, 4.500000, 6
6.150000, 4.500000, 6
6.300000, 4.500000, 6
6.450000, 4.500000, 6
6.600000, 4.500000, 6
6.750000, 4.500000, 6
6.900000, 4.500000, 6
7.050000, 4.500000, 6
7.200000, 4.500000, 6
7.350000, 4.500000, 6
7.500000, 4.500000, 6
7.650000, 4.500000, 6
7.800000, 4.500000, 6
7.950000, 4.500000, 6
8.100000, 4.500000, 6
8.250000, 4.500000, 6
8.400000, 4.500000, 6
8.550000, 4.500000, 6
8.700000, 4.500000, 6
8.850000, 4.500000, 6
9.000000, 4.500000, 6
9.150000, 4.500000, 6
9.300000, 4.500000, 6
9.450000, 4.500000, 6
9.600000, 4.500000, 6
9.750000, 4.500000, 6
9.900000, 4.500000, 6
10.050000, 4.500000, 6
10.200000, 4.500000, 6
10.350000, 4.500000, 6
10.500000, 4.500000, 6
10.650000, 4.500000, 6
10.800000, 4.500000, 6
10.950000, 4.500000, 6
11.100000, 4.500000, 6
11.250000, 4.500000, 6
11.400000, 4.500000, 6
11.550000, 4.500000, 6
11.700000, 4.500000, 6
11.850000, 4.500000, 6
12.000000, 4.500000, 6
12.150000, 4.500000, 6
12.300000, 4.500000, 6
12.450000, 4.500000, 6
12.600000, 4.500000, 4
12.750000, 4.500000, 4
12.900000, 4.500000, 6
13.050000, 4.500000, 6
13.200000, 4.500000, 6
13.350000, 4.500000, 6
13.500000, 4.500000, 6
13.650000, 4.500000, 6
13.800000, 4.500000, 6
13.950000, 4.500000, 6
14.100000, 4.500000, 6
14.250000, 4.500000, 6
14.400000, 4.500000, 6
14.550000, 4.500000, 6
14.700000, 4.500000, 6
14.850000, 4.500000, 6
-15.000000, 4.550000, 0
-14.850000, 4.550000, 0
-14.700000, 4.550000, 0
-14.550000, 4.550000, 0
-14.400000, 4.550000, 0
-14.250000, 4.550000, 0
-14.100000, 4.550000, 0
-13.950000, 4.550000, 0
-13.800000, 4.550000, 0
-13.650000, 4.550000, 0
-13.500000, 4.550000, 0
-13.350000, 4.550000, 0
-13.200000, 4.550000, 0
-13.050000, 4.550000, 0
-12.900000, 4.550000, 0
-12.750000, 4.550000, 0
-12.600000, 4.550000, 0
-12.450000, 4.550000, 0
-12.300000, 4.550000, 0
-12.150000, 4.550000, 0
-12.000000, 4.550000, 0
-11.850000, 4.550000, 0
-11.700000, 4.550000, 0
-11.550000, 4.550000, 0
-11.400000, 4.550000, 0
-11.250000, 4.550000, 0
-11.100000, 4.550000, 0
-10.950000, 4.550000, 0
-10.800000, 4.550000, 0
-10.650000, 4.550000, 0
-10.500000, 4.550000, 0
-10.350000, 4.550000, 0
-10.200000, 4.550000, 0
-10.050000, 4.550000, 0
-9.900000, 4.550000, 0
-9.750000, 4.550000, 0
-9.600000, 4.550000, 0
-9.450000, 4.550000, 0
-9.300000, 4.550000, 0
-9.150000, 4.550000, 0
-9.000000, 4.550000, 2
-8.850000, 4.550000, 2
-8.700000, 4.550000, 2
-8.550000, 4.550000, 2
-8.400000, 4.550000, 2
-8.250000, 4.550000, 2
-8.100000, 4.550000, 2
-7.950000, 4.550000, 2
-7.800000, 4.550000, 2
-7.650000, 4.550000, 2
-7.500000, 4.550000, 2
-7.350000, 4.550000, 2
-7.200000, 4.550000, 2
-7.050000, 4.550000, 2
-6.900000, 4.550000, 2
-6.750000, 4.550000, 2
-6.600000, 4.550000, 2
-6.450000, 4.550000, 2
-6.300000, 4.550000, 2
-6.150000, 4.550000, 2
-6.000000, 4.550000, 2
-5.850000, 4.550000, 2
-5.700000, 4.550000, 2
-5.550000, 4.550000, 2
-5.400000, 4.550000, 2
-5.250000, 4.550000, 0
-5.100000, 4.550000, 6
-4.950000, 4.550000, 6
-4.800000, 4.550000, 1
-4.650000, 4.550000, 9
-4.500000, 4.550000, 4
-4.350000, 4.550000, 4
-4.200000, 4.550000, 9
-4.050000, 4.550000, 9
-3.900000, 4.550000, 9
-3.750000, 4.550000, 9
-3.600000, 4.550000, 9
-3.450000, 4.550000, 9
-3.300000, 4.550000, 9
-3.150000, 4.550000, 9
-3.000000, 4.550000, 9
-2.850000, 4.550000, 9
-2.700000, 4.550000, 9
-2.550000, 4.550000, 9
-2.400000, 4.550000, 9
-2.250000, 4.550000, 9
-2.100000, 4.550000, 9
-1.950000, 4.550000, 9
-1.800000, 4.550000, 9
-1.650000, 4.550000, 9
-1.500000, 4.550000, 1
-1.350000, 4.550000, 3
-1.200000, 4.550000, 4
-1.050000, 4.550000, 4
-0.900000, 4.550000, 4
-0.750000, 4.550000, 4
-0.600000, 4.550000, 4
-0.450000, 4.550000, 4
-0.300000, 4.550000, 10
-0.150000, 4.550000, 10
-0.000000, 4.550000, 10
0.150000, 4.550000, 10
0.300000, 4.550000, 10
0.450000, 4.550000, 10
0.600000, 4.550000, 10
0.750000, 4.550000, 10
0.900000, 4.550000, 10
1.050000, 4.550000, 10
1.200000, 4.550000, 10
1.350000, 4.550000, 10
1.500000, 4.550000, 10
1.650000, 4.550000, 4
1.800000, 4.550000, 4
1.950000, 4.550000, 4
2.100000, 4.550000, 4
2.250000, 4.550000, 4
2.400000, 4.550000, 4
2.550000, 4.550000, 4
2.700000, 4.550000, 4
2.850000, 4.550000, 4
3.000000, 4.550000, 4
3.150000, 4.550000, 4
3.300000, 4.550000, 4
3.450000, 4.550000, 4
3.600000, 4.550000, 4
3.750000, 4.550000, 4
3.900000, 4.550000, 4
4.050000, 4.550000, 4
4.200000, 4.550000, 10
4.350000, 4.550000, 10
4.500000, 4.550000, 6
4.650000, 4.550000, 4
4.800000, 4.550000, 6
4.950000, 4.550000, 6
5.100000, 4.550000, 6
5.250000, 4.550000, 6
5.400000, 4.550000, 6
5.550000, 4.550000, 6
5.700000, 4.550000, 6
5.850000, 4.550000, 6
6.000000, 4.550000, 6
6.150000, 4.550000, 6
6.300000, 4.550000, 6
6.450000, 4.550000, 6
6.600000, 4.550000, 6
6.750000, 4.550000, 6
6.900000, 4.550000, 6
7.050000, 4.550000, 6
7.200000, 4.550000, 6
7.350000, 4.550000, 6
7.500000, 4.550000, 6
7.650000, 4.550000, 6
7.800000, 4.550000, 6
7.950000, 4.550000, 6
8.100000, 4.550000, 6
8.250000, 4.550000, 6
8.400000, 4.550000, 6
8.550000, 4.550000, 6
8.700000, 4.550000, 6
8.850000, 4.550000, 6
9.000000, 4.550000, 6
9.150000, 4.550000, 6
9.300000, 4.550000, 6
9.450000, 4.550000, 6
9.600000, 4.550000, 6
9.750000, 4.550000, 6
9.900000, 4.550000, 6
10.050000, 4.550000, 6
10.200000, 4.550000, 6
10.350000, 4.550000, 6
10.500000, 4.550000, 6
10.650000, 4.550000, 6
10.800000, 4.550000, 6
10.950000, 4.550000, 6
11.100000, 4.550000, 6
11.250000, 4.550000, 6
11.400000, 4.550000, 6
11.550000, 4.550000, 6
11.700000, 4.550000, 6
11.850000, 4.550000, 6
12.000000, 4.550000, 6
12.150000, 4.550000, 6
12.300000, 4.550000, 6
12.450000, 4.550000, 6
12.600000, 4.550000, 6
12.750000, 4.550000, 6
12.900000, 4.550000, 6
13.050000, 4.550000, 6
13.200000, 4.550000, 6
13.350000, 4.550000, 6
13.500000, 4.550000, 6
13.650000, 4.550000, 6
13.800000, 4.550000, 6
13.950000, 4.550000, 6
14.100000, 4.550000, 6
14.250000, 4.550000, 6
14.400000, 4.550000, 6
14.550000, 4.550000, 6
14.700000, 4.550000, 6
14.850000, 4.550000, 6
-15.000000, 4.600000, 0
-14.850000, 4.600000, 0
-14.700000, 4.600000, 0
-14.550000, 4.600000, 0
-14.400000, 4.600000, 0
-14.250000, 4.600000, 0
-14.100000, 4.600000, 0
-13.950000, 4.600000, 0
-13.800000, 4.600000, 0
-13.650000, 4.600000, 0
-13.500000, 4.600000, 0
-13.350000, 4.600000, 0
-13.200000, 4.600000, 0
-13.050000, 4.600000, 0
-12.900000, 4.600000, 0
-12.750000, 4.600000, 0
-12.600000, 4.600000, 0
-12.450000, 4.600000, 0
-12.300000, 4.600000, 0
-12.150000, 4.600000, 0
-12.000000, 4.600000, 0
-11.850000, 4.600000, 0
-11.700000, 4.600000, 0
-11.550000, 4.600000, 0
-11.400000, 4.600000, 0
-11.250000, 4.600000, 0
-11.100000, 4.600000, 0
-10.950000, 4.600000, 0
-10.800000, 4.600000, 0
-10.650000, 4.600000, 0
-10.500000, 4.600000, 0
-10.350000, 4.600000, 0
-10.200000, 4.600000, 0
-10.050000, 4.600000, 0
-9.900000, 4.600000, 0
-9.750000, 4.600000, 0
-9.600000, 4.600000, 0
-9.450000, 4.600000, 0
-9.300000, 4.600000, 0
-9.150000, 4.600000, 0
-9.000000, 4.600000, 2
-8.850000, 4.600000, 2
-8.700000, 4.600000, 2
-8.550000, 4.600000, 2
-8.400000, 4.600000, 2
-8.250000, 4.600000, 2
-8.100000, 4.600000, 2
-7.950000, 4.600000, 2
-7.800000, 4.600000, 2
-7.650000, 4.600000, 2
-7.500000, 4.600000, 2
-7.350000, 4.600000, 2
-7.200000, 4.600000, 2
-7.050000, 4.600000, 2
-6.900000, 4.600000, 2
-6.750000, 4.600000, 2
-6.600000, 4.600000, 2
-6.450000, 4.600000, 2
-6.300000, 4.600000, 2
-6.150000, 4.600000, 2
-6.000000, 4.600000, 2
-5.850000, 4.600000, 2
-5.700000, 4.600000, 2
-5.550000, 4.600000, 2
-5.400000, 4.600000, 2
-5.250000, 4.600000, 0
-5.100000, 4.600000, 6
-4.950000, 4.600000, 5
-4.800000, 4.600000, 5
-4.650000, 4.600000, 10
-4.500000, 4.600000, 4
-4.350000, 4.600000, 4
-4.200000, 4.600000, 9
-4.050000, 4.600000, 9
-3.900000, 4.600000, 9
-3.750000, 4.600000, 9
-3.600000, 4.600000, 9
-3.450000, 4.600000, 9
-3.300000, 4.600000, 9
-3.150000, 4.600000, 9
-3.000000, 4.600000, 9
-2.850000, 4.600000, 9
-2.700000, 4.600000, 9
-2.550000, 4.600000, 9
-2.400000, 4.600000, 9
-2.250000, 4.600000, 9
-2.100000, 4.600000, 9
-1.950000, 4.600000, 9
-1.800000, 4.600000, 9
-1.650000, 4.600000, 9
-1.500000, 4.600000, 10
-1.350000, 4.600000, 5
-1.200000, 4.600000, 10
-1.050000, 4.600000, 4
-0.900000, 4.600000, 4
-0.750000, 4.600000, 4
-0.600000, 4.600000, 4
-0.450000, 4.600000, 4
-0.300000, 4.600000, 10
-0.150000, 4.600000, 10
-0.000000, 4.600000, 10
0.150000, 4.600000, 10
0.300000, 4.600000, 10
0.450000, 4.600000, 10
0.600000, 4.600000, 10
0.750000, 4.600000, 10
0.900000, 4.600000, 10
1.050000, 4.600000, 10
1.200000, 4.600000, 10
1.350000, 4.600000, 10
1.500000, 4.600000, 10
1.650000, 4.600000, 4
1.800000, 4.600000, 4
1.950000, 4.600000, 4
2.100000, 4.600000, 4
2.250000, 4.600000, 4
2.400000, 4.600000, 4
2.550000, 4.600000, 4
2.700000, 4.600000, 4
2.850000, 4.600000, 4
3.000000, 4.600000, 4
3.150000, 4.600000, 4
3.300000, 4.600000, 4
3.450000, 4.600000, 4
3.600000, 4.600000, 4
3.750000, 4.600000, 4
3.900000, 4.600000, 4
4.050000, 4.600000, 4
4.200000, 4.600000, 4
4.350000, 4.600000, 4
4.500000, 4.600000, 5
4.650000, 4.600000, 1
4.800000, 4.600000, 6
4.950000, 4.600000, 6
5.100000, 4.600000, 6
5.250000, 4.600000, 6
5.400000, 4.600000, 6
5.550000, 4.600000, 6
5.700000, 4.600000, 6
5.850000, 4.600000, 6
6.000000, 4.600000, 6
6.150000, 4.600000, 6
6.300000, 4.600000, 6
6.450000, 4.600000, 6
6.600000, 4.600000, 6
6.750000, 4.600000, 6
6.900000, 4.600000, 6
7.050000, 4.600000, 6
7.200000, 4.600000, 6
7.350000, 4.600000, 6
7.500000, 4.600000, 6
7.650000, 4.600000, 6
7.800000, 4.600000, 6
7.950000, 4.600000, 6
8.100000, 4.600000, 6
8.250000, 4.600000, 6
8.400000, 4.600000, 6
8.550000, 4.600000, 6
8.700000, 4.600000, 6
8.850000, 4.600000, 6
9.000000, 4.600000, 6
9.150000, 4.600000, 6
9.300000, 4.600000, 6
9.450000, 4.600000, 6
9.600000, 4.600000, 6
9.750000, 4.600000, 6
9.900000, 4.600000, 6
10.050000, 4.600000, 6
10.200000, 4.600000, 6
10.350000, 4.600000, 6
10.500000, 4.600000, 6
10.650000, 4.600000, 6
10.800000, 4.600000, 6
10.950000, 4.600000, 6
11.100000, 4.600000, 6
11.250000, 4.600000, 6
11.400000, 4.600000, 6
11.550000, 4.600000, 6
11.700000, 4.600000, 6
11.850000, 4.600000, 6
12.000000, 4.600000, 6
12.150000, 4.600000, 6
12.300000, 4.600000, 6
12.450000, 4.600000, 6
12.600000, 4.600000, 6
12.750000, 4.600000, 6
12.900000, 4.600000, 6
13.050000, 4.600000, 6
13.200000, 4.600000, 6
13.350000, 4.600000, 6
13.500000, 4.600000, 6
13.650000, 4.600000, 6
13.800000, 4.600000, 6
13.950000, 4.600000, 6
14.100000, 4.600000, 6
14.250000, 4.600000, 6
14.400000, 4.600000, 6
14.550000, 4.600000, 6
14.700000, 4.600000, 6
14.850000, 4.600000, 6
-15.000000, 4.650000, 0
-14.850000, 4.650000, 0
-14.700000, 4.650000, 0
-14.550000, 4.650000, 0
-14.400000, 4.650000, 0
-14.250000, 4.650000, 0
-14.100000, 4.650000, 0
-13.950000, 4.650000, 0
-13.800000, 4.650000, 0
-13.650000, 4.650000, 0
-13.500000, 4.650000, 0
-13.350000, 4.650000, 0
-13.200000, 4.650000, 0
-13.050000, 4.650000, 0
-12.900000, 4.650000, 0
-12.750000, 4.650000, 0
-12.600000, 4.650000, 0
-12.450000, 4.650000, 0
-12.300000, 4.650000, 0
-12.150000, 4.650000, 0
-12.000000, 4.650000, 0
-11.850000, 4.650000, 0
-11.700000, 4.650000, 0
-11.550000, 4.650000, 0
-11.400000, 4.650000, 0
-11.250000, 4.650000, 0
-11.100000, 4.650000, 0
-10.950000, 4.650000, 0
-10.800000, 4.650000, 0
-10.650000, 4.650000, 0
-10.500000, 4.650000, 0
-10.350000, 4.650000, 0
-10.200000, 4.650000, 0
-10.050000, 4.650000, 0
-9.900000, 4.650000, 0
-9.750000, 4.650000, 0
-9.600000, 4.650000, 0
-9.450000, 4.650000, 0
-9.300000, 4.650000, 0
-9.150000, 4.650000, 0
-9.000000, 4.650000, 9
-8.850000, 4.650000, 2
-8.700000, 4.650000, 2
-8.550000, 4.650000, 2
-8.400000, 4.650000, 2
-8.250000, 4.650000, 2
-8.100000, 4.650000, 2
-7.950000, 4.650000, 2
-7.800000, 4.650000, 2
-7.650000, 4.650000, 2
-7.500000, 4.650000, 2
-7.350000, 4.650000, 2
-7.200000, 4.650000, 2
-7.050000, 4.650000, 2
-6.900000, 4.650000, 2
-6.750000, 4.650000, 2
-6.600000, 4.650000, 2
-6.450000, 4.650000, 2
-6.300000, 4.650000, 2
-6.150000, 4.650000, 2
-6.000000, 4.650000, 2
-5.850000, 4.650000, 2
-5.700000, 4.650000, 2
-5.550000, 4.650000, 2
-5.400000, 4.650000, 1
-5.250000, 4.650000, 7
-5.100000, 4.650000, 5
-4.950000, 4.650000, 5
-4.800000, 4.650000, 5
-4.650000, 4.650000, 4
-4.500000, 4.650000, 4
-4.350000, 4.650000, 4
-4.200000, 4.650000, 9
-4.050000, 4.650000, 9
-3.900000, 4.650000, 9
-3.750000, 4.650000, 9
-3.600000, 4.650000, 9
-3.450000, 4.650000, 9
-3.300000, 4.650000, 9
-3.150000, 4.650000, 9
-3.000000, 4.650000, 9
-2.850000, 4.650000, 9
-2.700000, 4.650000, 9
-2.550000, 4.650000, 9
-2.400000, 4.650000, 9
-2.250000, 4.650000, 9
-2.100000, 4.650000, 9
-1.950000, 4.650000, 9
-1.800000, 4.650000, 9
-1.650000, 4.650000, 8
-1.500000, 4.650000, 4
-1.350000, 4.650000, 6
-1.200000, 4.650000, 10
-1.050000, 4.650000, 4
-0.900000, 4.650000, 4
-0.750000, 4.650000, 4
-0.600000, 4.650000, 4
-0.450000, 4.650000, 10
-0.300000, 4.650000, 10
-0.150000, 4.650000, 10
-0.000000, 4.650000, 10
0.150000, 4.650000, 10
0.300000, 4.650000, 10
0.450000, 4.650000, 10
0.600000, 4.650000, 10
0.750000, 4.650000, 10
0.900000, 4.650000, 10
1.050000, 4.650000, 10
1.200000, 4.650000, 10
1.350000, 4.650000, 10
1.500000, 4.650000, 10
1.650000, 4.650000, 4
1.800000, 4.650000, 4
1.950000, 4.650000, 4
2.100000, 4.650000, 4
2.250000, 4.650000, 4
2.400000, 4.650000, 4
2.550000, 4.650000, 4
2.700000, 4.650000, 4
2.850000, 4.650000, 4
3.000000, 4.650000, 4
3.150000, 4.650000, 4
3.300000, 4.650000, 4
3.450000, 4.650000, 4
3.600000, 4.650000, 4
3.750000, 4.650000, 4
3.900000, 4.650000, 4
4.050000, 4.650000, 4
4.200000, 4.650000, 4
4.350000, 4.650000, 6
4.500000, 4.650000, 8
4.650000, 4.650000, 3
4.800000, 4.650000, 5
4.950000, 4.650000, 6
5.100000, 4.650000, 6
5.250000, 4.650000, 6
5.400000, 4.650000, 6
5.550000, 4.650000, 6
5.700000, 4.650000, 6
5.850000, 4.650000, 6
6.000000, 4.650000, 6
6.150000, 4.650000, 6
6.300000, 4.650000, 6
6.450000, 4.650000, 6
6.600000, 4.650000, 6
6.750000, 4.650000, 6
6.900000, 4.650000, 6
7.050000, 4.650000, 6
7.200000, 4.650000, 6
7.350000, 4.650000, 6
7.500000, 4.650000, 6
7.650000, 4.650000, 6
7.800000, 4.650000, 6
7.950000, 4.650000, 6
8.100000, 4.650000, 6
8.250000, 4.650000, 6
8.400000, 4.650000, 6
8.550000, 4.650000, 6
8.700000, 4.650000, 6
8.850000, 4.650000, 6
9.000000, 4.650000, 6
9.150000, 4.650000, 6
9.300000, 4.650000, 6
9.450000, 4.650000, 6
9.600000, 4.650000, 6
9.750000, 4.650000, 6
9.900000, 4.650000, 6
10.050000, 4.650000, 6
10.200000, 4.650000, 6
10.350000, 4.650000, 6
10.500000, 4.650000, 6
10.650000, 4.650000, 6
10.800000, 4.650000, 6
10.950000, 4.650000, 6
11.100000, 4.650000, 6
11.250000, 4.650000, 6
11.400000, 4.650000, 6
11.550000, 4.650000, 6
11.700000, 4.650000, 6
11.850000, 4.650000, 6
12.000000, 4.650000, 6
12.150000, 4.650000, 6
12.300000, 4.650000, 6
12.450000, 4.650000, 6
12.600000, 4.650000, 6
12.750000, 4.650000, 6
12.900000, 4.650000, 6
13.050000, 4.650000, 6
13.200000, 4.650000, 6
13.350000, 4.650000, 6
13.500000, 4.650000, 6
13.650000, 4.650000, 6
13.800000, 4.650000, 6
13.950000, 4.650000, 6
14.100000, 4.650000, 6
14.250000, 4.650000, 6
14.400000, 4.650000, 6
14.550000, 4.650000, 6
14.700000, 4.650000, 6
14.850000, 4.650000, 6
-15.000000, 4.700000, 0
-14.850000, 4.700000, 0
-14.700000, 4.700000, 0
-14.550000, 4.700000, 0
-14.400000, 4.700000, 0
-14.250000, 4.700000, 0
-14.100000, 4.700000, 0
-13.950000, 4.700000, 0
-13.800000, 4.700000, 0
-13.650000, 4.700000, 0
-13.500000, 4.700000, 0
-13.350000, 4.700000, 0
-13.200000, 4.700000, 0
-13.050000, 4.700000, 0
-12.900000, 4.700000, 0
-12.750000, 4.700000, 0
-12.600000, 4.700000, 0
-12.450000, 4.700000, 0
-12.300000, 4.700000, 0
-12.150000, 4.700000, 0
-12.000000, 4.700000, 0
-11.850000, 4.700000, 0
-11.700000, 4.700000, 0
-11.550000, 4.700000, 0
-11.400000, 4.700000, 0
-11.250000, 4.700000, 0
-11.100000, 4.700000, 0
-10.950000, 4.700000, 0
-10.800000, 4.700000, 0
-10.650000, 4.700000, 0
-10.500000, 4.700000, 0
-10.350000, 4.700000, 0
-10.200000, 4.700000, 0
-10.050000, 4.700000, 0
-9.900000, 4.700000, 0
-9.750000, 4.700000, 0
-9.600000, 4.700000, 0
-9.450000, 4.700000, 0
-9.300000, 4.700000, 2
-9.150000, 4.700000, 2
-9.000000, 4.700000, 5
-8.850000, 4.700000, 2
-8.700000, 4.700000, 2
-8.550000, 4.700000, 2
-8.400000, 4.700000, 2
-8.250000, 4.700000, 2
-8.100000, 4.700000, 2
-7.950000, 4.700000, 2
-7.800000, 4.700000, 2
-7.650000, 4.700000, 2
-7.500000, 4.700000, 2
-7.350000, 4.700000, 2
-7.200000, 4.700000, 2
-7.050000, 4.700000, 2
-6.900000, 4.700000, 2
-6.750000, 4.700000, 2
-6.600000, 4.700000, 2
-6.450000, 4.700000, 2
-6.300000, 4.700000, 2
-6.150000, 4.700000, 2
-6.000000, 4.700000, 2
-5.850000, 4.700000, 2
-5.700000, 4.700000, 2
-5.550000, 4.700000, 2
-5.400000, 4.700000, 1
-5.250000, 4.700000, 8
-5.100000, 4.700000, 1
-4.950000, 4.700000, 5
-4.800000, 4.700000, 6
-4.650000, 4.700000, 4
-4.500000, 4.700000, 4
-4.350000, 4.700000, 4
-4.200000, 4.700000, 9
-4.050000, 4.700000, 9
-3.900000, 4.700000, 9
-3.750000, 4.700000, 9
-3.600000, 4.700000, 9
-3.450000, 4.700000, 9
-3.300000, 4.700000, 9
-3.150000, 4.700000, 9
-3.000000, 4.700000, 9
-2.850000, 4.700000, 9
-2.700000, 4.700000, 9
-2.550000, 4.700000, 9
-2.400000, 4.700000, 9
-2.250000, 4.700000, 9
-2.100000, 4.700000, 9
-1.950000, 4.700000, 9
-1.800000, 4.700000, 9
-1.650000, 4.700000, 9
-1.500000, 4.700000, 4
-1.350000, 4.700000, 2
-1.200000, 4.700000, 4
-1.050000, 4.700000, 4
-0.900000, 4.700000, 4
-0.750000, 4.700000, 4
-0.600000, 4.700000, 4
-0.450000, 4.700000, 10
-0.300000, 4.700000, 10
-0.150000, 4.700000, 10
-0.000000, 4.700000, 10
0.150000, 4.700000, 10
0.300000, 4.700000, 10
0.450000, 4.700000, 10
0.600000, 4.700000, 10
0.750000, 4.700000, 10
0.900000, 4.700000, 10
1.050000, 4.700000, 10
1.200000, 4.700000, 10
1.350000, 4.700000, 10
1.500000, 4.700000, 10
1.650000, 4.700000, 4
1.800000, 4.700000, 4
1.950000, 4.700000, 4
2.100000, 4.700000, 4
2.250000, 4.700000, 4
2.400000, 4.700000, 4
2.550000, 4.700000, 4
2.700000, 4.700000, 4
2.850000, 4.700000, 4
3.000000, 4.700000, 4
3.150000, 4.700000, 4
3.300000, 4.700000, 4
3.450000, 4.700000, 4
3.600000, 4.700000, 4
3.750000, 4.700000, 4
3.900000, 4.700000, 4
4.050000, 4.700000, 4
4.200000, 4.700000, 4
4.350000, 4.700000, 6
4.500000, 4.700000, 3
4.650000, 4.700000, 8
4.800000, 4.700000, 6
4.950000, 4.700000, 6
5.100000, 4.700000, 6
5.250000, 4.700000, 6
5.400000, 4.700000, 6
5.550000, 4.700000, 6
5.700000, 4.700000, 6
5.850000, 4.700000, 6
6.000000, 4.700000, 6
6.150000, 4.700000, 6
6.300000, 4.700000, 6
6.450000, 4.700000, 6
6.600000, 4.700000, 6
6.750000, 4.700000, 6
6.900000, 4.700000, 6
7.050000, 4.700000, 6
7.200000, 4.700000, 6
7.350000, 4.700000, 6
7.500000, 4.700000, 6
7.650000, 4.700000, 6
7.800000, 4.700000, 6
7.950000, 4.700000, 6
8.100000, 4.700000, 6
8.250000, 4.700000, 6
8.400000, 4.700000, 6
8.550000, 4.700000, 6
8.700000, 4.700000, 6
8.850000, 4.700000, 6
9.000000, 4.700000, 6
9.150000, 4.700000, 6
9.300000, 4.700000, 6
9.450000, 4.700000, 6
9.600000, 4.700000, 6
9.750000, 4.700000, 6
9.900000, 4.700000, 6
10.050000, 4.700000, 6
10.200000, 4.700000, 6
10.350000, 4.700000, 6
10.500000, 4.700000, 6
10.650000, 4.700000, 6
10.800000, 4.700000, 6
10.950000, 4.700000, 6
11.100000, 4.700000, 6
11.250000, 4.700000, 6
11.400000, 4.700000, 6
11.550000, 4.700000, 6
11.700000, 4.700000, 6
11.850000, 4.700000, 6
12.000000, 4.700000, 6
12.150000, 4.700000, 6
12.300000, 4.700000, 6
12.450000, 4.700000, 6
12.600000, 4.700000, 6
12.750000, 4.700000, 6
12.900000, 4.700000, 6
13.050000, 4.700000, 6
13.200000, 4.700000, 6
13.350000, 4.700000, 6
13.500000, 4.700000, 6
13.650000, 4.700000, 6
13.800000, 4.700000, 6
13.950000, 4.700000, 6
14.100000, 4.700000, 6
14.250000, 4.700000, 6
14.400000, 4.700000, 6
14.550000, 4.700000, 6
14.700000, 4.700000, 6
14.850000, 4.700000, 6
-15.000000, 4.750000, 0
-14.850000, 4.750000, 0
-14.700000, 4.750000, 0
-14.550000, 4.750000, 0
-14.400000, 4.750000, 0
-14.250000, 4.750000, 0
-14.100000, 4.750000, 0
-13.950000, 4.750000, 0
-13.800000, 4.750000, 0
-13.650000, 4.750000, 0
-13.500000, 4.750000, 0
-13.350000, 4.750000, 0
-13.200000, 4.750000, 0
-13.050000, 4.750000, 0
-12.900000, 4.750000, 0
-12.750000, 4.750000, 0
-12.600000, 4.750000, 0
-12.450000, 4.750000, 0
-12.300000, 4.750000, 0
-12.150000, 4.750000, 0
-12.000000, 4.750000, 0
-11.850000, 4.750000, 0
-11.700000, 4.750000, 0
-11.550000, 4.750000, 0
-11.400000, 4.750000, 0
-11.250000, 4.750000, 0
-11.100000, 4.750000, 0
-10.950000, 4.750000, 0
-10.800000, 4.750000, 0
-10.650000, 4.750000, 0
-10.500000, 4.750000, 0
-10.350000, 4.750000, 0
-10.200000, 4.750000, 0
-10.050000, 4.750000, 0
-9.900000, 4.750000, 0
-9.750000, 4.750000, 0
-9.600000, 4.750000, 0
-9.450000, 4.750000, 2
-9.300000, 4.750000, 2
-9.150000, 4.750000, 2
-9.000000, 4.750000, 6
-8.850000, 4.750000, 2
-8.700000, 4.750000, 2
-8.550000, 4.750000, 2
-8.400000, 4.750000, 2
-8.250000, 4.750000, 2
-8.100000, 4.750000, 2
-7.950000, 4.750000, 2
-7.800000, 4.750000, 2
-7.650000, 4.750000, 2
-7.500000, 4.750000, 2
-7.350000, 4.750000, 2
-7.200000, 4.750000, 2
-7.050000, 4.750000, 2
-6.900000, 4.750000, 2
-6.750000, 4.750000, 2
-6.600000, 4.750000, 2
-6.450000, 4.750000, 2
-6.300000, 4.750000, 2
-6.150000, 4.750000, 2
-6.000000, 4.750000, 2
-5.850000, 4.750000, 2
-5.700000, 4.750000, 2
-5.550000, 4.750000, 5
-5.400000, 4.750000, 3
-5.250000, 4.750000, 8
-5.100000, 4.750000, 1
-4.950000, 4.750000, 8
-4.800000, 4.750000, 6
-4.650000, 4.750000, 6
-4.500000, 4.750000, 6
-4.350000, 4.750000, 6
-4.200000, 4.750000, 9
-4.050000, 4.750000, 9
-3.900000, 4.750000, 9
-3.750000, 4.750000, 9
-3.600000, 4.750000, 9
-3.450000, 4.750000, 9
-3.300000, 4.750000, 9
-3.150000, 4.750000, 9
-3.000000, 4.750000, 9
-2.850000, 4.750000, 9
-2.700000, 4.750000, 9
-2.550000, 4.750000, 9
-2.400000, 4.750000, 9
-2.250000, 4.750000, 9
-2.100000, 4.750000, 9
-1.950000, 4.750000, 9
-1.800000, 4.750000, 9
-1.650000, 4.750000, 9
-1.500000, 4.750000, 6
-1.350000, 4.750000, 6
-1.200000, 4.750000, 4
-1.050000, 4.750000, 4
-0.900000, 4.750000, 4
-0.750000, 4.750000, 4
-0.600000, 4.750000, 4
-0.450000, 4.750000, 4
-0.300000, 4.750000, 10
-0.150000, 4.750000, 10
-0.000000, 4.750000, 10
0.150000, 4.750000, 10
0.300000, 4.750000, 10
0.450000, 4.750000, 10
0.600000, 4.750000, 10
0.750000, 4.750000, 10
0.900000, 4.750000, 10
1.050000, 4.750000, 10
1.200000, 4.750000, 10
1.350000, 4.750000, 10
1.500000, 4.750000, 10
1.650000, 4.750000, 4
1.800000, 4.750000, 4
1.950000, 4.750000, 4
2.100000, 4.750000, 4
2.250000, 4.750000, 4
2.400000, 4.750000, 4
2.550000, 4.750000, 4
2.700000, 4.750000, 4
2.850000, 4.750000, 4
3.000000, 4.750000, 4
3.150000, 4.750000, 4
3.300000, 4.750000, 4
3.450000, 4.750000, 4
3.600000, 4.750000, 4
3.750000, 4.750000, 4
3.900000, 4.750000, 4
4.050000, 4.750000, 4
4.200000, 4.750000, 4
4.350000, 4.750000, 10
4.500000, 4.750000, 1
4.650000, 4.750000, 5
4.800000, 4.750000, 4
4.950000, 4.750000, 6
5.100000, 4.750000, 6
5.250000, 4.750000, 6
5.400000, 4.750000, 6
5.550000, 4.750000, 6
5.700000, 4.750000, 6
5.850000, 4.750000, 6
6.000000, 4.750000, 6
6.150000, 4.750000, 6
6.300000, 4.750000, 6
6.450000, 4.750000, 6
6.600000, 4.750000, 6
6.750000, 4.750000, 6
6.900000, 4.750000, 6
7.050000, 4.750000, 6
7.200000, 4.750000, 6
7.350000, 4.750000, 6
7.500000, 4.750000, 6
7.650000, 4.750000, 6
7.800000, 4.750000, 6
7.950000, 4.750000, 6
8.100000, 4.750000, 6
8.250000, 4.750000, 6
8.400000, 4.750000, 6
8.550000, 4.750000, 6
8.700000, 4.750000, 6
8.850000, 4.750000, 6
9.000000, 4.750000, 6
9.150000, 4.750000, 6
9.300000, 4.750000, 6
9.450000, 4.750000, 6
9.600000, 4.750000, 6
9.750000, 4.750000, 6
9.900000, 4.750000, 6
10.050000, 4.750000, 6
10.200000, 4.750000, 6
10.350000, 4.750000, 6
10.500000, 4.750000, 6
10.650000, 4.750000, 6
10.800000, 4.750000, 6
10.950000, 4.750000, 6
11.100000, 4.750000, 6
11.250000, 4.750000, 6
11.400000, 4.750000, 6
11.550000, 4.750000, 6
11.700000, 4.750000, 6
11.850000, 4.750000, 6
12.000000, 4.750000, 6
12.150000, 4.750000, 6
12.300000, 4.750000, 6
12.450000, 4.750000, 6
12.600000, 4.750000, 6
12.750000, 4.750000, 6
12.900000, 4.750000, 6
13.050000, 4.750000, 6
13.200000, 4.750000, 6
13.350000, 4.750000, 6
13.500000, 4.750000, 6
13.650000, 4.750000, 6
13.800000, 4.750000, 6
13.950000, 4.750000, 6
14.100000, 4.750000, 6
14.250000, 4.750000, 6
14.400000, 4.750000, 6
14.550000, 4.750000, 6
14.700000, 4.750000, 6
14.850000, 4.750000, 6
-15.000000, 4.800000, 0
-14.850000, 4.800000, 0
-14.700000, 4.800000, 0
-14.550000, 4.800000, 0
-14.400000, 4.800000, 0
-14.250000, 4.800000, 0
-14.100000, 4.800000, 0
-13.950000, 4.800000, 0
-13.800000, 4.800000, 0
-13.650000, 4.800000, 0
-13.500000, 4.800000, 0
-13.350000, 4.800000, 0
-13.200000, 4.800000, 0
-13.050000, 4.800000, 0
-12.900000, 4.800000, 0
-12.750000, 4.800000, 0
-12.600000, 4.800000, 0
-12.450000, 4.800000, 0
-12.300000, 4.800000, 0
-12.150000, 4.800000, 0
-12.000000, 4.800000, 0
-11.850000, 4.800000, 0
-11.700000, 4.800000, 0
-11.550000, 4.800000, 0
-11.400000, 4.800000, 0
-11.250000, 4.800000, 0
-11.100000, 4.800000, 0
-10.950000, 4.800000, 0
-10.800000, 4.800000, 0
-10.650000, 4.800000, 0
-10.500000, 4.800000, 0
-10.350000, 4.800000, 0
-10.200000, 4.800000, 0
-10.050000, 4.800000, 0
-9.900000, 4.800000, 0
-9.750000, 4.800000, 0
-9.600000, 4.800000, 2
-9.450000, 4.800000, 6
-9.300000, 4.800000, 2
-9.150000, 4.800000, 5
-9.000000, 4.800000, 4
-8.850000, 4.800000, 2
-8.700000, 4.800000, 2
-8.550000, 4.800000, 2
-8.400000, 4.800000, 2
-8.250000, 4.800000, 2
-8.100000, 4.800000, 2
-7.950000, 4.800000, 2
-7.800000, 4.800000, 2
-7.650000, 4.800000, 2
-7.500000, 4.800000, 2
-7.350000, 4.800000, 2
-7.200000, 4.800000, 2
-7.050000, 4.800000, 2
-6.900000, 4.800000, 2
-6.750000, 4.800000, 2
-6.600000, 4.800000, 2
-6.450000, 4.800000, 2
-6.300000, 4.800000, 2
-6.150000, 4.800000, 2
-6.000000, 4.800000, 2
-5.850000, 4.800000, 2
-5.700000, 4.800000, 2
-5.550000, 4.800000, 8
-5.400000, 4.800000, 1
-5.250000, 4.800000, 3
-5.100000, 4.800000, 3
-4.950000, 4.800000, 6
-4.800000, 4.800000, 6
-4.650000, 4.800000, 4
-4.500000, 4.800000, 3
-4.350000, 4.800000, 6
-4.200000, 4.800000, 9
-4.050000, 4.800000, 9
-3.900000, 4.800000, 9
-3.750000, 4.800000, 9
-3.600000, 4.800000, 9
-3.450000, 4.800000, 9
-3.300000, 4.800000, 9
-3.150000, 4.800000, 9
-3.000000, 4.800000, 9
-2.850000, 4.800000, 9
-2.700000, 4.800000, 9
-2.550000, 4.800000, 9
-2.400000, 4.800000, 9
-2.250000, 4.800000, 9
-2.100000, 4.800000, 9
-1.950000, 4.800000, 9
-1.800000, 4.800000, 9
-1.650000, 4.800000, 9
-1.500000, 4.800000, 3
-1.350000, 4.800000, 6
-1.200000, 4.800000, 4
-1.050000, 4.800000, 4
-0.900000, 4.800000, 4
-0.750000, 4.800000, 4
-0.600000, 4.800000, 4
-0.450000, 4.800000, 4
-0.300000, 4.800000, 10
-0.150000, 4.800000, 10
-0.000000, 4.800000, 10
0.150000, 4.800000, 10
0.300000, 4.800000, 10
0.450000, 4.800000, 10
0.600000, 4.800000, 10
0.750000, 4.800000, 10
0.900000, 4.800000, 10
1.050000, 4.800000, 10
1.200000, 4.800000, 10
1.350000, 4.800000, 10
1.500000, 4.800000, 10
1.650000, 4.800000, 10
1.800000, 4.800000, 4
1.950000, 4.800000, 4
2.100000, 4.800000, 4
2.250000, 4.800000, 4
2.400000, 4.800000, 4
2.550000, 4.800000, 4
2.700000, 4.800000, 4
2.850000, 4.800000, 4
3.000000, 4.800000, 4
3.150000, 4.800000, 4
3.300000, 4.800000, 4
3.450000, 4.800000, 4
3.600000, 4.800000, 4
3.750000, 4.800000, 4
3.900000, 4.800000, 4
4.050000, 4.800000, 4
4.200000, 4.800000, 4
4.350000, 4.800000, 4
4.500000, 4.800000, 5
4.650000, 4.800000, 10
4.800000, 4.800000, 4
4.950000, 4.800000, 6
5.100000, 4.800000, 6
5.250000, 4.800000, 6
5.400000, 4.800000, 6
5.550000, 4.800000, 6
5.700000, 4.800000, 6
5.850000, 4.800000, 6
6.000000, 4.800000, 6
6.150000, 4.800000, 6
6.300000, 4.800000, 6
6.450000, 4.800000, 6
6.600000, 4.800000, 6
6.750000, 4.800000, 6
6.900000, 4.800000, 6
7.050000, 4.800000, 6
7.200000, 4.800000, 6
7.350000, 4.800000, 6
7.500000, 4.800000, 6
7.650000, 4.800000, 6
7.800000, 4.800000, 6
7.950000, 4.800000, 6
8.100000, 4.800000, 6
8.250000, 4.800000, 6
8.400000, 4.800000, 6
8.550000, 4.800000, 6
8.700000, 4.800000, 6
8.850000, 4.800000, 6
9.000000, 4.800000, 6
9.150000, 4.800000, 6
9.300000, 4.800000, 6
9.450000, 4.800000, 6
9.600000, 4.800000, 6
9.750000, 4.800000, 6
9.900000, 4.800000, 6
10.050000, 4.800000, 6
10.200000, 4.800000, 6
10.350000, 4.800000, 6
10.500000, 4.800000, 6
10.650000, 4.800000, 6
10.800000, 4.800000, 6
10.950000, 4.800000, 6
11.100000, 4.800000, 6
11.250000, 4.800000, 6
11.400000, 4.800000, 6
11.550000, 4.800000, 6
11.700000, 4.800000, 6
11.850000, 4.800000, 6
12.000000, 4.800000, 6
12.150000, 4.800000, 6
12.300000, 4.800000, 6
12.450000, 4.800000, 6
12.600000, 4.800000, 6
12.750000, 4.800000, 6
12.900000, 4.800000, 6
13.050000, 4.800000, 6
13.200000, 4.800000, 6
13.350000, 4.800000, 6
13.500000, 4.800000, 6
13.650000, 4.800000, 6
13.800000, 4.800000, 6
13.950000, 4.800000, 6
14.100000, 4.800000, 6
14.250000, 4.800000, 6
14.400000, 4.800000, 6
14.550000, 4.800000, 6
14.700000, 4.800000, 6
14.850000, 4.800000, 6
-15.000000, 4.850000, 0
-14.850000, 4.850000, 0
-14.700000, 4.850000, 0
-14.550000, 4.850000, 0
-14.400000, 4.850000, 0
-14.250000, 4.850000, 0
-14.100000, 4.850000, 0
-13.950000, 4.850000, 0
-13.800000, 4.850000, 0
-13.650000, 4.850000, 0
-13.500000, 4.850000, 0
-13.350000, 4.850000, 0
-13.200000, 4.850000, 0
-13.050000, 4.850000, 0
-12.900000, 4.850000, 0
-12.750000, 4.850000, 0
-12.600000, 4.850000, 0
-12.450000, 4.850000, 0
-12.300000, 4.850000, 0
-12.150000, 4.850000, 0
-12.000000, 4.850000, 0
-11.850000, 4.850000, 0
-11.700000, 4.850000, 0
-11.550000, 4.850000, 0
-11.400000, 4.850000, 0
-11.250000, 4.850000, 0
-11.100000, 4.850000, 0
-10.950000, 4.850000, 0
-10.800000, 4.850000, 0
-10.650000, 4.850000, 0
-10.500000, 4.850000, 0
-10.350000, 4.850000, 0
-10.200000, 4.850000, 0
-10.050000, 4.850000, 0
-9.900000, 4.850000, 0
-9.750000, 4.850000, 0
-9.600000, 4.850000, 2
-9.450000, 4.850000, 2
-9.300000, 4.850000, 2
-9.150000, 4.850000, 2
-9.000000, 4.850000, 2
-8.850000, 4.850000, 2
-8.700000, 4.850000, 2
-8.550000, 4.850000, 2
-8.400000, 4.850000, 2
-8.250000, 4.850000, 2
-8.100000, 4.850000, 2
-7.950000, 4.850000, 2
-7.800000, 4.850000, 2
-7.650000, 4.850000, 2
-7.500000, 4.850000, 2
-7.350000, 4.850000, 2
-7.200000, 4.850000, 2
-7.050000, 4.850000, 2
-6.900000, 4.850000, 2
-6.750000, 4.850000, 2
-6.600000, 4.850000, 2
-6.450000, 4.850000, 2
-6.300000, 4.850000, 2
-6.150000, 4.850000, 2
-6.000000, 4.850000, 2
-5.850000, 4.850000, 2
-5.700000, 4.850000, 2
-5.550000, 4.850000, 4
-5.400000, 4.850000, 11
-5.250000, 4.850000, 3
-5.100000, 4.850000, 3
-4.950000, 4.850000, 4
-4.800000, 4.850000, 6
-4.650000, 4.850000, 10
-4.500000, 4.850000, 6
-4.350000, 4.850000, 4
-4.200000, 4.850000, 9
-4.050000, 4.850000, 9
-3.900000, 4.850000, 9
-3.750000, 4.850000, 9
-3.600000, 4.850000, 9
-3.450000, 4.850000, 9
-3.300000, 4.850000, 9
-3.150000, 4.850000, 9
-3.000000, 4.850000, 9
-2.850000, 4.850000, 9
-2.700000, 4.850000, 9
-2.550000, 4.850000, 9
-2.400000, 4.850000, 9
-2.250000, 4.850000, 9
-2.100000, 4.850000, 9
-1.950000, 4.850000, 9
-1.800000, 4.850000, 9
-1.650000, 4.850000, 4
-1.500000, 4.850000, 10
-1.350000, 4.850000, 6
-1.200000, 4.850000, 4
-1.050000, 4.850000, 4
-0.900000, 4.850000, 4
-0.750000, 4.850000, 4
-0.600000, 4.850000, 4
-0.450000, 4.850000, 1
-0.300000, 4.850000, 10
-0.150000, 4.850000, 10
-0.000000, 4.850000, 10
0.150000, 4.850000, 10
0.300000, 4.850000, 10
0.450000, 4.850000, 10
0.600000, 4.850000, 10
0.750000, 4.850000, 10
0.900000, 4.850000, 10
1.050000, 4.850000, 10
1.200000, 4.850000, 10
1.350000, 4.850000, 10
1.500000, 4.850000, 10
1.650000, 4.850000, 10
1.800000, 4.850000, 4
1.950000, 4.850000, 4
2.100000, 4.850000, 4
2.250000, 4.850000, 4
2.400000, 4.850000, 4
2.550000, 4.850000, 4
2.700000, 4.850000, 4
2.850000, 4.850000, 4
3.000000, 4.850000, 4
3.150000, 4.850000, 4
3.300000, 4.850000, 4
3.450000, 4.850000, 4
3.600000, 4.850000, 4
3.750000, 4.850000, 4
3.900000, 4.850000, 4
4.050000, 4.850000, 4
4.200000, 4.850000, 4
4.350000, 4.850000, 4
4.500000, 4.850000, 4
4.650000, 4.850000, 10
4.800000, 4.850000, 4
4.950000, 4.850000, 6
5.100000, 4.850000, 6
5.250000, 4.850000, 6
5.400000, 4.850000, 6
5.550000, 4.850000, 6
5.700000, 4.850000, 6
5.850000, 4.850000, 6
6.000000, 4.850000, 6
6.150000, 4.850000, 6
6.300000, 4.850000, 6
6.450000, 4.850000, 6
6.600000, 4.850000, 6
6.750000, 4.850000, 6
6.900000, 4.850000, 6
7.050000, 4.850000, 6
7.200000, 4.850000, 6
7.350000, 4.850000, 6
7.500000, 4.850000, 6
7.650000, 4.850000, 6
7.800000, 4.850000, 6
7.950000, 4.850000, 6
8.100000, 4.850000, 6
8.250000, 4.850000, 6
8.400000, 4.850000, 6
8.550000, 4.850000, 6
8.700000, 4.850000, 6
8.850000, 4.850000, 6
9.000000, 4.850000, 6
9.150000, 4.850000, 6
9.300000, 4.850000, 6
9.450000, 4.850000, 6
9.600000, 4.850000, 6
9.750000, 4.850000, 6
9.900000, 4.850000, 6
10.050000, 4.850000, 6
10.200000, 4.850000, 6
10.350000, 4.850000, 6
10.500000, 4.850000, 6
10.650000, 4.850000, 6
10.800000, 4.850000, 6
10.950000, 4.850000, 6
11.100000, 4.850000, 6
11.250000, 4.850000, 6
11.400000, 4.850000, 6
11.550000, 4.850000, 6
11.700000, 4.850000, 6
11.850000, 4.850000, 6
12.000000, 4.850000, 6
12.150000, 4.850000, 6
12.300000, 4.850000, 6
12.450000, 4.850000, 6
12.600000, 4.850000, 6
12.750000, 4.850000, 6
12.900000, 4.850000, 6
13.050000, 4.850000, 6
13.200000, 4.850000, 6
13.350000, 4.850000, 6
13.500000, 4.850000, 6
13.650000, 4.850000, 6
13.800000, 4.850000, 6
13.950000, 4.850000, 6
14.100000, 4.850000, 6
14.250000, 4.850000, 6
14.400000, 4.850000, 6
14.550000, 4.850000, 6
14.700000, 4.850000, 6
14.850000, 4.850000, 6
-15.000000, 4.900000, 0
-14.850000, 4.900000, 0
-14.700000, 4.900000, 0
-14.550000, 4.900000, 0
-14.400000, 4.900000, 0
-14.250000, 4.900000, 0
-14.100000, 4.900000, 0
-13.950000, 4.900000, 0
-13.800000, 4.900000, 0
-13.650000, 4.900000, 0
-13.500000, 4.900000, 0
-13.350000, 4.900000, 0
-13.200000, 4.900000, 0
-13.050000, 4.900000, 0
-12.900000, 4.900000, 0
-12.750000, 4.900000, 0
-12.600000, 4.900000, 0
-12.450000, 4.900000, 0
-12.300000, 4.900000, 0
-12.150000, 4.900000, 0
-12.000000, 4.900000, 0
-11.850000, 4.900000, 0
-11.700000, 4.900000, 0
-11.550000, 4.900000, 0
-11.400000, 4.900000, 0
-11.250000, 4.900000, 0
-11.100000, 4.900000, 0
-10.950000, 4.900000, 0
-10.800000, 4.900000, 0
-10.650000, 4.900000, 0
-10.500000, 4.900000, 0
-10.350000, 4.900000, 0
-10.200000, 4.900000, 0
-10.050000, 4.900000, 0
-9.900000, 4.900000, 0
-9.750000, 4.900000, 0
-9.600000, 4.900000, 2
-9.450000, 4.900000, 2
-9.300000, 4.900000, 2
-9.150000, 4.900000, 2
-9.000000, 4.900000, 2
-8.850000, 4.900000, 2
-8.700000, 4.900000, 2
-8.550000, 4.900000, 2
-8.400000, 4.900000, 2
-8.250000, 4.900000, 2
-8.100000, 4.900000, 2
-7.950000, 4.900000, 2
-7.800000, 4.900000, 2
-7.650000, 4.900000, 2
-7.500000, 4.900000, 2
-7.350000, 4.900000, 2
-7.200000, 4.900000, 2
-7.050000, 4.900000, 2
-6.900000, 4.900000, 2
-6.750000, 4.900000, 2
-6.600000, 4.900000, 2
-6.450000, 4.900000, 2
-6.300000, 4.900000, 2
-6.150000, 4.900000, 2
-6.000000, 4.900000, 2
-5.850000, 4.900000, 2
-5.700000, 4.900000, 2
-5.550000, 4.900000, 10
-5.400000, 4.900000, 1
-5.250000, 4.900000, 8
-5.100000, 4.900000, 7
-4.950000, 4.900000, 4
-4.800000, 4.900000, 4
-4.650000, 4.900000, 4
-4.500000, 4.900000, 5
-4.350000, 4.900000, 6
-4.200000, 4.900000, 9
-4.050000, 4.900000, 9
-3.900000, 4.900000, 9
-3.750000, 4.900000, 9
-3.600000, 4.900000, 9
-3.450000, 4.900000, 9
-3.300000, 4.900000, 9
-3.150000, 4.900000, 9
-3.000000, 4.900000, 9
-2.850000, 4.900000, 9
-2.700000, 4.900000, 9
-2.550000, 4.900000, 9
-2.400000, 4.900000, 9
-2.250000, 4.900000, 9
-2.100000, 4.900000, 9
-1.950000, 4.900000, 9
-1.800000, 4.900000, 9
-1.650000, 4.900000, 6
-1.500000, 4.900000, 2
-1.350000, 4.900000, 4
-1.200000, 4.900000, 4
-1.050000, 4.900000, 4
-0.900000, 4.900000, 4
-0.750000, 4.900000, 4
-0.600000, 4.900000, 4
-0.450000, 4.900000, 4
-0.300000, 4.900000, 10
-0.150000, 4.900000, 10
-0.000000, 4.900000, 10
0.150000, 4.900000, 10
0.300000, 4.900000, 10
0.450000, 4.900000, 10
0.600000, 4.900000, 10
0.750000, 4.900000, 10
0.900000, 4.900000, 10
1.050000, 4.900000, 10
1.200000, 4.900000, 10
1.350000, 4.900000, 10
1.500000, 4.900000, 10
1.650000, 4.900000, 10
1.800000, 4.900000, 4
1.950000, 4.900000, 4
2.100000, 4.900000, 4
2.250000, 4.900000, 4
2.400000, 4.900000, 4
2.550000, 4.900000, 4
2.700000, 4.900000, 4
2.850000, 4.900000, 4
3.000000, 4.900000, 4
3.150000, 4.900000, 4
3.300000, 4.900000, 4
3.450000, 4.900000, 4
3.600000, 4.900000, 4
3.750000, 4.900000, 4
3.900000, 4.900000, 4
4.050000, 4.900000, 4
4.200000, 4.900000, 4
4.350000, 4.900000, 4
4.500000, 4.900000, 4
4.650000, 4.900000, 4
4.800000, 4.900000, 10
4.950000, 4.900000, 6
5.100000, 4.900000, 6
5.250000, 4.900000, 6
5.400000, 4.900000, 6
5.550000, 4.900000, 6
5.700000, 4.900000, 6
5.850000, 4.900000, 6
6.000000, 4.900000, 6
6.150000, 4.900000, 6
6.300000, 4.900000, 6
6.450000, 4.900000, 6
6.600000, 4.900000, 6
6.750000, 4.900000, 6
6.900000, 4.900000, 6
7.050000, 4.900000, 6
7.200000, 4.900000, 6
7.350000, 4.900000, 6
7.500000, 4.900000, 6
7.650000, 4.900000, 6
7.800000, 4.900000, 6
7.950000, 4.900000, 6
8.100000, 4.900000, 6
8.250000, 4.900000, 6
8.400000, 4.900000, 6
8.550000, 4.900000, 6
8.700000, 4.900000, 6
8.850000, 4.900000, 6
9.000000, 4.900000, 6
9.150000, 4.900000, 6
9.300000, 4.900000, 6
9.450000, 4.900000, 6
9.600000, 4.900000, 6
9.750000, 4.900000, 6
9.900000, 4.900000, 6
10.050000, 4.900000, 6
10.200000, 4.900000, 6
10.350000, 4.900000, 6
10.500000, 4.900000, 6
10.650000, 4.900000, 6
10.800000, 4.900000, 6
10.950000, 4.900000, 6
11.100000, 4.900000, 6
11.250000, 4.900000, 6
11.400000, 4.900000, 6
11.550000, 4.900000, 6
11.700000, 4.900000, 6
11.850000, 4.900000, 6
12.000000, 4.900000, 6
12.150000, 4.900000, 6
12.300000, 4.900000, 6
12.450000, 4.900000, 6
12.600000, 4.900000, 6
12.750000, 4.900000, 6
12.900000, 4.900000, 6
13.050000, 4.900000, 6
13.200000, 4.900000, 6
13.350000, 4.900000, 6
13.500000, 4.900000, 6
13.650000, 4.900000, 6
13.800000, 4.900000, 6
13.950000, 4.900000, 6
14.100000, 4.900000, 6
14.250000, 4.900000, 6
14.400000, 4.900000, 6
14.550000, 4.900000, 6
14.700000, 4.900000, 6
14.850000, 4.900000, 6
-15.000000, 4.950000, 0
-14.850000, 4.950000, 0
-14.700000, 4.950000, 0
-14.550000, 4.950000, 0
-14.400000, 4.950000, 0
-14.250000, 4.950000, 0
-14.100000, 4.950000, 0
-13.950000, 4.950000, 0
-13.800000, 4.950000, 0
-13.650000, 4.950000, 0
-13.500000, 4.950000, 0
-13.350000, 4.950000, 0
-13.200000, 4.950000, 0
-13.050000, 4.950000, 0
-12.900000, 4.950000, 0
-12.750000, 4.950000, 0
-12.600000, 4.950000, 0
-12.450000, 4.950000, 0
-12.300000, 4.950000, 0
-12.150000, 4.950000, 0
-12.000000, 4.950000, 0
-11.850000, 4.950000, 0
-11.700000, 4.950000, 0
-11.550000, 4.950000, 0
-11.400000, 4.950000, 0
-11.250000, 4.950000, 0
-11.100000, 4.950000, 0
-10.950000, 4.950000, 0
-10.800000, 4.950000, 0
-10.650000, 4.950000, 0
-10.500000, 4.950000, 0
-10.350000, 4.950000, 0
-10.200000, 4.950000, 0
-10.050000, 4.950000, 0
-9.900000, 4.950000, 0
-9.750000, 4.950000, 2
-9.600000, 4.950000, 2
-9.450000, 4.950000, 2
-9.300000, 4.950000, 2
-9.150000, 4.950000, 2
-9.000000, 4.950000, 2
-8.850000, 4.950000, 2
-8.700000, 4.950000, 2
-8.550000, 4.950000, 2
-8.400000, 4.950000, 2
-8.250000, 4.950000, 2
-8.100000, 4.950000, 2
-7.950000, 4.950000, 2
-7.800000, 4.950000, 2
-7.650000, 4.950000, 2
-7.500000, 4.950000, 2
-7.350000, 4.950000, 2
-7.200000, 4.950000, 2
-7.050000, 4.950000, 2
-6.900000, 4.950000, 2
-6.750000, 4.950000, 2
-6.600000, 4.950000, 2
-6.450000, 4.950000, 2
-6.300000, 4.950000, 2
-6.150000, 4.950000, 2
-6.000000, 4.950000, 2
-5.850000, 4.950000, 2
-5.700000, 4.950000, 2
-5.550000, 4.950000, 10
-5.400000, 4.950000, 10
-5.250000, 4.950000, 1
-5.100000, 4.950000, 7
-4.950000, 4.950000, 4
-4.800000, 4.950000, 4
-4.650000, 4.950000, 4
-4.500000, 4.950000, 0
-4.350000, 4.950000, 4
-4.200000, 4.950000, 9
-4.050000, 4.950000, 9
-3.900000, 4.950000, 9
-3.750000, 4.950000, 9
-3.600000, 4.950000, 9
-3.450000, 4.950000, 9
-3.300000, 4.950000, 9
-3.150000, 4.950000, 9
-3.000000, 4.950000, 9
-2.850000, 4.950000, 9
-2.700000, 4.950000, 9
-2.550000, 4.950000, 9
-2.400000, 4.950000, 9
-2.250000, 4.950000, 9
-2.100000, 4.950000, 9
-1.950000, 4.950000, 9
-1.800000, 4.950000, 9
-1.650000, 4.950000, 10
-1.500000, 4.950000, 1
-1.350000, 4.950000, 10
-1.200000, 4.950000, 4
-1.050000, 4.950000, 4
-0.900000, 4.950000, 4
-0.750000, 4.950000, 4
-0.600000, 4.950000, 4
-0.450000, 4.950000, 4
-0.300000, 4.950000, 10
-0.150000, 4.950000, 10
-0.000000, 4.950000, 10
0.150000, 4.950000, 10
0.300000, 4.950000, 10
0.450000, 4.950000, 10
0.600000, 4.950000, 10
0.750000, 4.950000, 10
0.900000, 4.950000, 10
1.050000, 4.950000, 10
1.200000, 4.950000, 10
1.350000, 4.950000, 10
1.500000, 4.950000, 10
1.650000, 4.950000, 10
1.800000, 4.950000, 4
1.950000, 4.950000, 4
2.100000, 4.950000, 4
2.250000, 4.950000, 4
2.400000, 4.950000, 4
2.550000, 4.950000, 4
2.700000, 4.950000, 4
2.850000, 4.950000, 4
3.000000, 4.950000, 4
3.150000, 4.950000, 4
3.300000, 4.950000, 4
3.450000, 4.950000, 4
3.600000, 4.950000, 4
3.750000, 4.950000, 4
3.900000, 4.950000, 4
4.050000, 4.950000, 4
4.200000, 4.950000, 4
4.350000, 4.950000, 4
4.500000, 4.950000, 10
4.650000, 4.950000, 4
4.800000, 4.950000, 10
4.950000, 4.950000, 6
5.100000, 4.950000, 6
5.250000, 4.950000, 6
5.400000, 4.950000, 6
5.550000, 4.950000, 6
5.700000, 4.950000, 6
5.850000, 4.950000, 6
6.000000, 4.950000, 6
6.150000, 4.950000, 6
6.300000, 4.950000, 6
6.450000, 4.950000, 6
6.600000, 4.950000, 6
6.750000, 4.950000, 6
6.900000, 4.950000, 6
7.050000, 4.950000, 6
7.200000, 4.950000, 6
7.350000, 4.950000, 6
7.500000, 4.950000, 6
7.650000, 4.950000, 6
7.800000, 4.950000, 6
7.950000, 4.950000, 6
8.100000, 4.950000, 6
8.250000, 4.950000, 6
8.400000, 4.950000, 6
8.550000, 4.950000, 6
8.700000, 4.950000, 6
8.850000, 4.950000, 6
9.000000, 4.950000, 6
9.150000, 4.950000, 6
9.300000, 4.950000, 6
9.450000, 4.950000, 6
9.600000, 4.950000, 6
9.750000, 4.950000, 6
9.900000, 4.950000, 6
10.050000, 4.950000, 6
10.200000, 4.950000, 6
10.350000, 4.950000, 6
10.500000, 4.950000, 6
10.650000, 4.950000, 6
10.800000, 4.950000, 6
10.950000, 4.950000, 6
11.100000, 4.950000, 6
11.250000, 4.950000, 6
11.400000, 4.950000, 6
11.550000, 4.950000, 6
11.700000, 4.950000, 6
11.850000, 4.950000, 6
12.000000, 4.950000, 6
12.150000, 4.950000, 6
12.300000, 4.950000, 6
12.450000, 4.950000, 6
12.600000, 4.950000, 6
12.750000, 4.950000, 6
12.900000, 4.950000, 6
13.050000, 4.950000, 6
13.200000, 4.950000, 6
13.350000, 4.950000, 6
13.500000, 4.950000, 6
13.650000, 4.950000, 6
13.800000, 4.950000, 6
13.950000, 4.950000, 6
14.100000, 4.950000, 6
14.250000, 4.950000, 6
14.400000, 4.950000, 6
14.550000, 4.950000, 6
14.700000, 4.950000, 6
14.850000, 4.950000, 6
